42256540,touchdown,907,561,1645037483403
42256540,touchmove,906,575,1645037483440
42256540,touchmove,906,577,1645037483453
42256540,touchmove,906,573,1645037483486
42256540,touchmove,906,569,1645037483494
42256540,touchmove,906,566,1645037483503
42256540,touchend,0,0,1645037483506
42256541,touchdown,778,569,1645037483805
42256541,touchmove,781,575,1645037483831
42256541,touchmove,781,577,1645037483845
42256541,touchmove,781,580,1645037483853
42256541,touchmove,781,581,1645037483861
42256541,touchmove,780,582,1645037483870
42256541,touchmove,779,582,1645037483878
42256541,touchmove,779,581,1645037483895
42256541,touchmove,778,579,1645037483903
42256541,touchmove,778,576,1645037483911
42256541,touchmove,776,573,1645037483920
42256541,touchend,0,0,1645037483923
42256542,touchdown,660,557,1645037484253
42256542,touchmove,661,564,1645037484281
42256542,touchmove,661,567,1645037484295
42256542,touchmove,661,570,1645037484303
42256542,touchmove,661,573,1645037484312
42256542,touchmove,660,574,1645037484320
42256542,touchmove,660,575,1645037484328
42256542,touchmove,660,572,1645037484353
42256542,touchmove,660,569,1645037484362
42256542,touchmove,660,567,1645037484370
42256542,touchmove,660,564,1645037484378
42256542,touchmove,660,561,1645037484386
42256542,touchmove,660,558,1645037484395
42256542,touchend,0,0,1645037484398
42256543,touchdown,517,558,1645037484729
42256543,touchmove,521,568,1645037484748
42256543,touchmove,521,572,1645037484761
42256543,touchmove,521,575,1645037484770
42256543,touchmove,521,577,1645037484778
42256543,touchmove,521,578,1645037484787
42256543,touchmove,521,579,1645037484795
42256543,touchmove,521,578,1645037484823
42256543,touchmove,521,577,1645037484837
42256543,touchmove,521,575,1645037484845
42256543,touchmove,521,572,1645037484853
42256543,touchmove,521,568,1645037484862
42256543,touchmove,520,564,1645037484870
42256543,touchmove,519,560,1645037484878
42256543,touchend,0,0,1645037484882
42256544,touchdown,384,560,1645037485188
42256544,touchmove,387,569,1645037485215
42256544,touchmove,387,572,1645037485228
42256544,touchmove,387,575,1645037485237
42256544,touchmove,387,576,1645037485245
42256544,touchmove,387,577,1645037485254
42256544,touchmove,386,577,1645037485270
42256544,touchmove,385,577,1645037485279
42256544,touchmove,385,576,1645037485287
42256544,touchmove,384,575,1645037485295
42256544,touchmove,384,572,1645037485304
42256544,touchmove,384,569,1645037485312
42256544,touchmove,383,567,1645037485320
42256544,touchmove,382,563,1645037485329
42256544,touchmove,378,559,1645037485337
42256544,touchend,0,0,1645037485340
42256545,touchdown,262,549,1645037485723
42256545,touchmove,265,557,1645037485737
42256545,touchmove,265,561,1645037485746
42256545,touchmove,265,565,1645037485754
42256545,touchmove,265,567,1645037485762
42256545,touchmove,265,568,1645037485770
42256545,touchmove,264,568,1645037485787
42256545,touchmove,264,566,1645037485804
42256545,touchmove,263,563,1645037485812
42256545,touchmove,262,560,1645037485821
42256545,touchmove,262,557,1645037485829
42256545,touchmove,262,552,1645037485837
42256545,touchmove,261,549,1645037485846
42256545,touchmove,260,544,1645037485854
42256545,touchend,0,0,1645037485858
42256546,touchdown,264,424,1645037486197
42256546,touchmove,268,435,1645037486224
42256546,touchmove,268,439,1645037486238
42256546,touchmove,268,441,1645037486246
42256546,touchmove,268,444,1645037486254
42256546,touchmove,268,445,1645037486263
42256546,touchmove,267,445,1645037486279
42256546,touchmove,266,444,1645037486313
42256546,touchmove,266,443,1645037486321
42256546,touchmove,266,441,1645037486329
42256546,touchmove,266,439,1645037486338
42256546,touchmove,266,435,1645037486346
42256546,touchmove,266,432,1645037486354
42256546,touchmove,266,429,1645037486363
42256546,touchend,0,0,1645037486366
42256547,touchdown,390,432,1645037486747
42256547,touchmove,392,446,1645037486783
42256547,touchmove,392,448,1645037486796
42256547,touchmove,392,450,1645037486805
42256547,touchmove,392,451,1645037486813
42256547,touchmove,391,451,1645037486838
42256547,touchmove,391,450,1645037486855
42256547,touchmove,391,449,1645037486863
42256547,touchmove,391,446,1645037486871
42256547,touchmove,391,444,1645037486880
42256547,touchmove,391,441,1645037486888
42256547,touchmove,391,439,1645037486896
42256547,touchmove,391,437,1645037486905
42256547,touchend,0,0,1645037486909
42256548,touchdown,523,433,1645037487231
42256548,touchmove,525,443,1645037487249
42256548,touchmove,525,447,1645037487263
42256548,touchmove,525,450,1645037487272
42256548,touchmove,525,452,1645037487280
42256548,touchmove,524,453,1645037487288
42256548,touchmove,524,454,1645037487296
42256548,touchmove,523,454,1645037487305
42256548,touchmove,523,453,1645037487338
42256548,touchmove,523,451,1645037487347
42256548,touchmove,523,449,1645037487355
42256548,touchmove,523,446,1645037487363
42256548,touchmove,523,443,1645037487372
42256548,touchmove,523,440,1645037487380
42256548,touchmove,523,436,1645037487388
42256548,touchmove,525,434,1645037487397
42256548,touchend,0,0,1645037487400
42256549,touchdown,671,433,1645037487698
42256549,touchmove,672,446,1645037487725
42256549,touchmove,672,449,1645037487738
42256549,touchmove,672,452,1645037487747
42256549,touchmove,672,454,1645037487755
42256549,touchmove,671,455,1645037487763
42256549,touchmove,671,454,1645037487797
42256549,touchmove,671,453,1645037487805
42256549,touchmove,671,451,1645037487814
42256549,touchmove,671,449,1645037487822
42256549,touchmove,671,448,1645037487830
42256549,touchmove,671,445,1645037487838
42256549,touchmove,671,442,1645037487847
42256549,touchmove,671,439,1645037487855
42256549,touchmove,671,435,1645037487864
42256549,touchmove,672,431,1645037487872
42256549,touchend,0,0,1645037487875
42256550,touchdown,800,430,1645037488173
42256550,touchmove,801,441,1645037488200
42256550,touchmove,801,445,1645037488213
42256550,touchmove,801,448,1645037488222
42256550,touchmove,801,451,1645037488230
42256550,touchmove,801,450,1645037488280
42256550,touchmove,801,449,1645037488289
42256550,touchmove,801,447,1645037488297
42256550,touchmove,801,444,1645037488305
42256550,touchmove,801,442,1645037488314
42256550,touchmove,801,439,1645037488322
42256550,touchmove,801,435,1645037488330
42256550,touchmove,802,432,1645037488339
42256550,touchend,0,0,1645037488343
42256551,touchdown,934,431,1645037488698
42256551,touchmove,935,441,1645037488717
42256551,touchmove,935,445,1645037488730
42256551,touchmove,934,448,1645037488739
42256551,touchmove,934,450,1645037488747
42256551,touchmove,933,451,1645037488756
42256551,touchmove,932,451,1645037488772
42256551,touchmove,932,450,1645037488789
42256551,touchmove,932,448,1645037488797
42256551,touchmove,932,446,1645037488806
42256551,touchmove,932,444,1645037488814
42256551,touchmove,932,442,1645037488822
42256551,touchmove,932,439,1645037488831
42256551,touchmove,932,435,1645037488839
42256551,touchmove,933,431,1645037488847
42256551,touchmove,933,427,1645037488856
42256551,touchend,0,0,1645037488860
42256552,touchdown,935,299,1645037489248
42256552,touchmove,936,307,1645037489267
42256552,touchmove,936,311,1645037489281
42256552,touchmove,936,313,1645037489289
42256552,touchmove,936,314,1645037489297
42256552,touchmove,936,312,1645037489331
42256552,touchmove,936,309,1645037489339
42256552,touchmove,935,305,1645037489348
42256552,touchmove,934,302,1645037489356
42256552,touchmove,931,299,1645037489364
42256552,touchend,0,0,1645037489368
42256553,touchdown,781,302,1645037489741
42256553,touchmove,782,312,1645037489768
42256553,touchmove,782,315,1645037489781
42256553,touchmove,782,317,1645037489790
42256553,touchmove,782,318,1645037489798
42256553,touchmove,782,316,1645037489818
42256553,touchmove,782,313,1645037489831
42256553,touchmove,782,310,1645037489840
42256553,touchmove,782,306,1645037489848
42256553,touchmove,782,302,1645037489856
42256553,touchmove,781,299,1645037489865
42256553,touchmove,778,297,1645037489873
42256553,touchend,0,0,1645037489877
42256554,touchdown,672,290,1645037490232
42256554,touchmove,671,300,1645037490251
42256554,touchmove,671,303,1645037490265
42256554,touchmove,671,305,1645037490273
42256554,touchmove,671,306,1645037490282
42256554,touchmove,671,305,1645037490301
42256554,touchmove,671,303,1645037490315
42256554,touchmove,671,300,1645037490323
42256554,touchmove,671,297,1645037490332
42256554,touchmove,671,294,1645037490340
42256554,touchmove,671,291,1645037490348
42256554,touchmove,670,289,1645037490357
42256554,touchend,0,0,1645037490360
42256555,touchdown,531,290,1645037490716
42256555,touchmove,534,301,1645037490744
42256555,touchmove,534,304,1645037490757
42256555,touchmove,534,305,1645037490765
42256555,touchmove,534,303,1645037490799
42256555,touchmove,534,300,1645037490807
42256555,touchmove,534,297,1645037490815
42256555,touchmove,534,294,1645037490824
42256555,touchmove,533,292,1645037490832
42256555,touchmove,533,289,1645037490840
42256555,touchmove,531,288,1645037490849
42256555,touchend,0,0,1645037490852
42256556,touchdown,406,285,1645037491175
42256556,touchmove,409,294,1645037491216
42256556,touchmove,409,297,1645037491224
42256556,touchmove,409,299,1645037491232
42256556,touchmove,409,300,1645037491241
42256556,touchmove,409,299,1645037491269
42256556,touchmove,409,297,1645037491282
42256556,touchmove,409,294,1645037491290
42256556,touchmove,409,291,1645037491299
42256556,touchmove,408,288,1645037491307
42256556,touchmove,407,285,1645037491315
42256556,touchmove,405,283,1645037491324
42256556,touchmove,402,282,1645037491332
42256556,touchend,0,0,1645037491336
42256557,touchdown,264,294,1645037491691
42256557,touchmove,267,303,1645037491724
42256557,touchmove,267,305,1645037491733
42256557,touchmove,267,307,1645037491741
42256557,touchmove,267,308,1645037491749
42256557,touchmove,267,306,1645037491782
42256557,touchmove,267,304,1645037491791
42256557,touchmove,266,300,1645037491799
42256557,touchmove,266,297,1645037491807
42256557,touchmove,265,294,1645037491816
42256557,touchmove,264,291,1645037491824
42256557,touchend,0,0,1645037491828
42256558,touchdown,276,168,1645037492167
42256558,touchmove,278,176,1645037492195
42256558,touchmove,278,178,1645037492208
42256558,touchmove,278,180,1645037492216
42256558,touchmove,278,181,1645037492224
42256558,touchmove,277,180,1645037492258
42256558,touchmove,277,177,1645037492266
42256558,touchmove,276,175,1645037492275
42256558,touchmove,276,172,1645037492283
42256558,touchmove,276,170,1645037492291
42256558,touchmove,276,167,1645037492300
42256558,touchmove,276,166,1645037492308
42256558,touchend,0,0,1645037492311
42256559,touchdown,416,157,1645037492718
42256559,touchmove,419,165,1645037492736
42256559,touchmove,419,169,1645037492749
42256559,touchmove,419,172,1645037492758
42256559,touchmove,419,174,1645037492766
42256559,touchmove,419,173,1645037492803
42256559,touchmove,419,172,1645037492816
42256559,touchmove,419,170,1645037492825
42256559,touchmove,419,168,1645037492833
42256559,touchmove,419,165,1645037492841
42256559,touchmove,419,162,1645037492850
42256559,touchmove,419,159,1645037492858
42256559,touchmove,419,156,1645037492866
42256559,touchmove,419,153,1645037492875
42256559,touchmove,419,151,1645037492883
42256559,touchend,0,0,1645037492887
42256560,touchdown,535,165,1645037493184
42256560,touchmove,535,175,1645037493212
42256560,touchmove,535,178,1645037493225
42256560,touchmove,535,181,1645037493233
42256560,touchmove,535,182,1645037493242
42256560,touchmove,535,183,1645037493250
42256560,touchmove,535,182,1645037493278
42256560,touchmove,535,180,1645037493292
42256560,touchmove,535,178,1645037493300
42256560,touchmove,535,176,1645037493308
42256560,touchmove,535,173,1645037493317
42256560,touchmove,535,170,1645037493325
42256560,touchmove,535,166,1645037493333
42256560,touchmove,535,163,1645037493342
42256560,touchmove,535,161,1645037493350
42256560,touchend,0,0,1645037493354
42256561,touchdown,661,159,1645037493702
42256561,touchmove,662,166,1645037493717
42256561,touchmove,662,171,1645037493725
42256561,touchmove,662,174,1645037493733
42256561,touchmove,662,178,1645037493750
42256561,touchmove,662,176,1645037493742
42256561,touchmove,662,177,1645037493787
42256561,touchmove,662,176,1645037493800
42256561,touchmove,662,174,1645037493809
42256561,touchmove,662,172,1645037493817
42256561,touchmove,662,170,1645037493825
42256561,touchmove,662,167,1645037493834
42256561,touchmove,662,165,1645037493842
42256561,touchmove,662,162,1645037493850
42256561,touchmove,662,159,1645037493859
42256561,touchmove,663,157,1645037493867
42256561,touchmove,666,156,1645037493875
42256561,touchend,0,0,1645037493879
42256562,touchdown,789,163,1645037494184
42256562,touchmove,790,171,1645037494200
42256562,touchmove,790,176,1645037494209
42256562,touchmove,790,180,1645037494217
42256562,touchmove,790,182,1645037494225
42256562,touchmove,790,183,1645037494234
42256562,touchmove,790,184,1645037494242
42256562,touchmove,790,183,1645037494270
42256562,touchmove,790,182,1645037494284
42256562,touchmove,790,181,1645037494292
42256562,touchmove,790,179,1645037494301
42256562,touchmove,790,178,1645037494309
42256562,touchmove,790,176,1645037494317
42256562,touchmove,790,174,1645037494326
42256562,touchmove,790,172,1645037494334
42256562,touchmove,791,168,1645037494342
42256562,touchmove,792,165,1645037494351
42256562,touchmove,793,161,1645037494359
42256562,touchend,0,0,1645037494363
42256563,touchdown,938,156,1645037494710
42256563,touchmove,938,161,1645037494726
42256563,touchmove,938,166,1645037494734
42256563,touchmove,938,170,1645037494742
42256563,touchmove,938,172,1645037494751
42256563,touchmove,937,174,1645037494759
42256563,touchmove,936,174,1645037494776
42256563,touchmove,936,173,1645037494801
42256563,touchmove,936,172,1645037494809
42256563,touchmove,936,170,1645037494818
42256563,touchmove,936,168,1645037494826
42256563,touchmove,936,167,1645037494834
42256563,touchmove,936,165,1645037494843
42256563,touchmove,936,162,1645037494851
42256563,touchmove,936,159,1645037494859
42256563,touchmove,936,154,1645037494868
42256563,touchmove,936,149,1645037494876
42256563,touchend,0,0,1645037494880
42256564,touchdown,933,34,1645037495177
42256564,touchmove,932,44,1645037495213
42256564,touchmove,932,46,1645037495226
42256564,touchmove,932,49,1645037495234
42256564,touchmove,931,50,1645037495243
42256564,touchmove,931,51,1645037495251
42256564,touchmove,931,50,1645037495279
42256564,touchmove,931,48,1645037495293
42256564,touchmove,931,46,1645037495301
42256564,touchmove,931,44,1645037495310
42256564,touchmove,931,41,1645037495318
42256564,touchmove,931,39,1645037495326
42256564,touchmove,932,36,1645037495335
42256564,touchmove,932,33,1645037495343
42256564,touchmove,932,30,1645037495351
42256564,touchend,0,0,1645037495355
42256565,touchdown,786,34,1645037495712
42256565,touchmove,786,40,1645037495747
42256565,touchmove,786,43,1645037495760
42256565,touchmove,786,46,1645037495768
42256565,touchmove,786,48,1645037495776
42256565,touchmove,786,47,1645037495813
42256565,touchmove,786,45,1645037495826
42256565,touchmove,786,43,1645037495835
42256565,touchmove,786,40,1645037495843
42256565,touchmove,786,38,1645037495852
42256565,touchmove,786,35,1645037495860
42256565,touchmove,784,32,1645037495868
42256565,touchmove,778,30,1645037495877
42256565,touchend,0,0,1645037495881
42256566,touchdown,653,27,1645037496186
42256566,touchmove,654,36,1645037496222
42256566,touchmove,654,38,1645037496235
42256566,touchmove,654,40,1645037496243
42256566,touchmove,654,41,1645037496252
42256566,touchmove,654,40,1645037496280
42256566,touchmove,654,38,1645037496293
42256566,touchmove,654,36,1645037496302
42256566,touchmove,654,34,1645037496310
42256566,touchmove,654,31,1645037496318
42256566,touchmove,654,29,1645037496327
42256566,touchmove,653,27,1645037496335
42256566,touchmove,650,25,1645037496343
42256566,touchend,0,0,1645037496347
42256567,touchdown,526,29,1645037496620
42256567,touchmove,528,35,1645037496647
42256567,touchmove,528,39,1645037496660
42256567,touchmove,528,41,1645037496669
42256567,touchmove,528,43,1645037496677
42256567,touchmove,528,44,1645037496685
42256567,touchmove,528,45,1645037496694
42256567,touchmove,528,44,1645037496722
42256567,touchmove,528,42,1645037496735
42256567,touchmove,528,40,1645037496744
42256567,touchmove,528,39,1645037496752
42256567,touchmove,528,36,1645037496760
42256567,touchmove,528,34,1645037496769
42256567,touchmove,528,31,1645037496777
42256567,touchmove,528,29,1645037496785
42256567,touchend,0,0,1645037496789
42256568,touchdown,380,26,1645037497228
42256568,touchmove,382,29,1645037497238
42256568,touchmove,382,30,1645037497245
42256568,touchmove,383,32,1645037497252
42256568,touchmove,384,34,1645037497260
42256568,touchmove,385,36,1645037497269
42256568,touchmove,385,38,1645037497277
42256568,touchmove,386,38,1645037497285
42256568,touchmove,386,37,1645037497311
42256568,touchmove,386,35,1645037497319
42256568,touchmove,385,33,1645037497327
42256568,touchmove,384,32,1645037497336
42256568,touchmove,379,31,1645037497344
42256568,touchmove,373,31,1645037497352
42256568,touchend,0,0,1645037497356
42256569,touchdown,268,20,1645037497678
42256569,touchmove,271,30,1645037497719
42256569,touchmove,271,33,1645037497728
42256569,touchmove,271,35,1645037497736
42256569,touchmove,271,36,1645037497744
42256569,touchmove,271,34,1645037497786
42256569,touchmove,271,33,1645037497794
42256569,touchmove,271,31,1645037497803
42256569,touchmove,271,29,1645037497811
42256569,touchmove,271,27,1645037497819
42256569,touchmove,271,24,1645037497828
42256569,touchmove,271,21,1645037497836
42256569,touchmove,270,18,1645037497844
42256569,touchmove,269,16,1645037497853
42256569,touchend,0,0,1645037497856
42256570,touchdown,259,148,1645037498195
42256570,touchmove,262,159,1645037498236
42256570,touchmove,262,162,1645037498245
42256570,touchmove,262,164,1645037498253
42256570,touchmove,262,166,1645037498261
42256570,touchmove,262,167,1645037498270
42256570,touchmove,262,166,1645037498306
42256570,touchmove,262,165,1645037498320
42256570,touchmove,262,163,1645037498328
42256570,touchmove,262,161,1645037498336
42256570,touchmove,262,158,1645037498345
42256570,touchmove,262,156,1645037498353
42256570,touchmove,262,153,1645037498361
42256570,touchmove,262,151,1645037498370
42256570,touchmove,262,149,1645037498378
42256570,touchend,0,0,1645037498382
42256571,touchdown,412,159,1645037498711
42256571,touchmove,415,172,1645037498749
42256571,touchmove,415,175,1645037498761
42256571,touchmove,415,177,1645037498770
42256571,touchmove,415,178,1645037498778
42256571,touchmove,415,177,1645037498837
42256571,touchmove,415,175,1645037498845
42256571,touchmove,415,173,1645037498853
42256571,touchmove,415,171,1645037498862
42256571,touchmove,415,168,1645037498870
42256571,touchmove,415,166,1645037498878
42256571,touchmove,416,163,1645037498887
42256571,touchmove,417,161,1645037498895
42256571,touchend,0,0,1645037498898
42256572,touchdown,550,156,1645037499179
42256572,touchmove,548,166,1645037499215
42256572,touchmove,548,169,1645037499228
42256572,touchmove,548,171,1645037499237
42256572,touchmove,548,173,1645037499245
42256572,touchmove,548,174,1645037499262
42256572,touchmove,548,173,1645037499290
42256572,touchmove,548,171,1645037499304
42256572,touchmove,548,170,1645037499312
42256572,touchmove,548,167,1645037499320
42256572,touchmove,548,165,1645037499329
42256572,touchmove,548,162,1645037499337
42256572,touchmove,548,158,1645037499345
42256572,touchmove,548,156,1645037499353
42256572,touchend,0,0,1645037499357
42256573,touchdown,665,164,1645037499655
42256573,touchmove,667,174,1645037499691
42256573,touchmove,667,176,1645037499704
42256573,touchmove,667,178,1645037499712
42256573,touchmove,667,180,1645037499720
42256573,touchmove,667,178,1645037499770
42256573,touchmove,667,176,1645037499779
42256573,touchmove,667,174,1645037499787
42256573,touchmove,667,171,1645037499795
42256573,touchmove,667,168,1645037499804
42256573,touchmove,667,165,1645037499812
42256573,touchmove,670,162,1645037499820
42256573,touchmove,674,160,1645037499829
42256573,touchend,0,0,1645037499833
42256574,touchdown,793,170,1645037500137
42256574,touchmove,794,174,1645037500174
42256574,touchmove,794,176,1645037500187
42256574,touchmove,794,178,1645037500196
42256574,touchmove,794,179,1645037500204
42256574,touchmove,794,180,1645037500212
42256574,touchmove,794,179,1645037500240
42256574,touchmove,794,177,1645037500254
42256574,touchmove,794,176,1645037500262
42256574,touchmove,794,173,1645037500271
42256574,touchmove,794,171,1645037500279
42256574,touchmove,794,169,1645037500287
42256574,touchmove,795,167,1645037500296
42256574,touchend,0,0,1645037500300
42256575,touchdown,936,158,1645037500663
42256575,touchmove,939,167,1645037500700
42256575,touchmove,939,169,1645037500712
42256575,touchmove,939,171,1645037500721
42256575,touchmove,938,171,1645037500738
42256575,touchmove,938,170,1645037500771
42256575,touchmove,938,168,1645037500779
42256575,touchmove,938,167,1645037500788
42256575,touchmove,938,166,1645037500796
42256575,touchmove,938,165,1645037500804
42256575,touchend,0,0,1645037500817
42256576,touchdown,926,281,1645037501189
42256576,touchmove,931,289,1645037501216
42256576,touchmove,931,292,1645037501229
42256576,touchmove,931,294,1645037501238
42256576,touchmove,931,296,1645037501246
42256576,touchmove,931,294,1645037501288
42256576,touchmove,931,293,1645037501296
42256576,touchmove,931,291,1645037501305
42256576,touchmove,931,289,1645037501313
42256576,touchmove,930,287,1645037501321
42256576,touchmove,930,284,1645037501330
42256576,touchmove,929,280,1645037501338
42256576,touchmove,927,276,1645037501346
42256576,touchend,0,0,1645037501350
42256577,touchdown,783,291,1645037501672
42256577,touchmove,783,297,1645037501708
42256577,touchmove,783,299,1645037501722
42256577,touchmove,783,300,1645037501730
42256577,touchmove,783,301,1645037501738
42256577,touchmove,783,299,1645037501766
42256577,touchmove,783,297,1645037501780
42256577,touchmove,782,295,1645037501788
42256577,touchmove,781,293,1645037501797
42256577,touchmove,778,291,1645037501805
42256577,touchmove,774,290,1645037501813
42256577,touchend,0,0,1645037501817
42256578,touchdown,659,289,1645037502139
42256578,touchmove,658,294,1645037502176
42256578,touchmove,658,297,1645037502188
42256578,touchmove,658,298,1645037502197
42256578,touchmove,658,300,1645037502205
42256578,touchmove,658,299,1645037502242
42256578,touchmove,658,298,1645037502255
42256578,touchmove,658,296,1645037502264
42256578,touchmove,658,293,1645037502272
42256578,touchmove,658,290,1645037502280
42256578,touchmove,658,287,1645037502289
42256578,touchmove,657,284,1645037502297
42256578,touchmove,654,281,1645037502305
42256578,touchend,0,0,1645037502309
42256579,touchdown,527,292,1645037502665
42256579,touchmove,528,301,1645037502692
42256579,touchmove,528,303,1645037502706
42256579,touchmove,528,301,1645037502747
42256579,touchmove,528,298,1645037502756
42256579,touchmove,528,296,1645037502764
42256579,touchmove,526,293,1645037502772
42256579,touchmove,525,291,1645037502781
42256579,touchmove,522,290,1645037502789
42256579,touchend,0,0,1645037502793
42256580,touchdown,385,288,1645037503165
42256580,touchmove,389,292,1645037503192
42256580,touchmove,389,295,1645037503206
42256580,touchmove,389,298,1645037503214
42256580,touchmove,389,299,1645037503222
42256580,touchmove,389,298,1645037503251
42256580,touchmove,389,295,1645037503264
42256580,touchmove,388,293,1645037503273
42256580,touchmove,387,290,1645037503281
42256580,touchmove,384,288,1645037503289
42256580,touchmove,381,286,1645037503297
42256580,touchmove,378,285,1645037503306
42256580,touchend,0,0,1645037503309
42256581,touchdown,261,277,1645037503707
42256581,touchmove,266,282,1645037503734
42256581,touchmove,266,285,1645037503748
42256581,touchmove,266,287,1645037503756
42256581,touchmove,266,288,1645037503764
42256581,touchmove,266,289,1645037503773
42256581,touchmove,266,288,1645037503789
42256581,touchmove,266,286,1645037503798
42256581,touchmove,266,284,1645037503806
42256581,touchmove,265,283,1645037503814
42256581,touchmove,264,281,1645037503823
42256581,touchmove,263,280,1645037503831
42256581,touchmove,261,280,1645037503840
42256581,touchend,0,0,1645037503843
42256582,touchdown,266,427,1645037504191
42256582,touchmove,270,436,1645037504231
42256582,touchmove,270,439,1645037504240
42256582,touchmove,270,442,1645037504248
42256582,touchmove,270,444,1645037504256
42256582,touchmove,270,445,1645037504265
42256582,touchmove,270,446,1645037504273
42256582,touchmove,269,446,1645037504290
42256582,touchmove,269,445,1645037504298
42256582,touchmove,269,444,1645037504306
42256582,touchmove,269,442,1645037504315
42256582,touchmove,269,439,1645037504323
42256582,touchmove,269,435,1645037504331
42256582,touchmove,269,432,1645037504340
42256582,touchmove,269,429,1645037504348
42256582,touchmove,269,426,1645037504356
42256582,touchmove,269,424,1645037504365
42256582,touchend,0,0,1645037504368
42256583,touchdown,390,420,1645037504692
42256583,touchmove,395,426,1645037504718
42256583,touchmove,395,430,1645037504732
42256583,touchmove,396,434,1645037504740
42256583,touchmove,397,436,1645037504748
42256583,touchmove,397,438,1645037504757
42256583,touchmove,397,439,1645037504765
42256583,touchmove,397,438,1645037504802
42256583,touchmove,397,437,1645037504815
42256583,touchmove,397,435,1645037504823
42256583,touchmove,397,432,1645037504832
42256583,touchmove,397,430,1645037504840
42256583,touchmove,397,427,1645037504848
42256583,touchmove,397,425,1645037504857
42256583,touchmove,397,422,1645037504865
42256583,touchmove,397,420,1645037504873
42256583,touchend,0,0,1645037504877
42256584,touchdown,529,418,1645037505174
42256584,touchmove,534,423,1645037505193
42256584,touchmove,534,428,1645037505207
42256584,touchmove,535,433,1645037505215
42256584,touchmove,535,436,1645037505224
42256584,touchmove,535,438,1645037505232
42256584,touchmove,536,439,1645037505240
42256584,touchmove,536,437,1645037505299
42256584,touchmove,536,436,1645037505307
42256584,touchmove,536,434,1645037505315
42256584,touchmove,536,432,1645037505324
42256584,touchmove,536,428,1645037505332
42256584,touchmove,536,425,1645037505340
42256584,touchmove,536,421,1645037505349
42256584,touchmove,536,417,1645037505357
42256584,touchend,0,0,1645037505360
42256585,touchdown,669,421,1645037505684
42256585,touchmove,673,427,1645037505710
42256585,touchmove,673,431,1645037505724
42256585,touchmove,673,434,1645037505732
42256585,touchmove,673,436,1645037505740
42256585,touchmove,673,437,1645037505749
42256585,touchmove,673,436,1645037505799
42256585,touchmove,673,434,1645037505807
42256585,touchmove,673,432,1645037505816
42256585,touchmove,673,430,1645037505824
42256585,touchmove,673,427,1645037505832
42256585,touchmove,674,425,1645037505841
42256585,touchmove,676,422,1645037505849
42256585,touchend,0,0,1645037505853
42256586,touchdown,787,427,1645037506166
42256586,touchmove,791,436,1645037506203
42256586,touchmove,791,440,1645037506216
42256586,touchmove,791,442,1645037506224
42256586,touchmove,791,443,1645037506232
42256586,touchmove,791,444,1645037506241
42256586,touchmove,791,443,1645037506261
42256586,touchmove,791,441,1645037506274
42256586,touchmove,791,439,1645037506282
42256586,touchmove,791,437,1645037506291
42256586,touchmove,791,434,1645037506299
42256586,touchmove,791,430,1645037506316
42256586,touchmove,791,432,1645037506308
42256586,touchmove,791,428,1645037506324
42256586,touchmove,792,427,1645037506333
42256586,touchend,0,0,1645037506336
42256587,touchdown,920,423,1645037506676
42256587,touchmove,922,428,1645037506703
42256587,touchmove,922,432,1645037506716
42256587,touchmove,922,435,1645037506724
42256587,touchmove,922,436,1645037506733
42256587,touchmove,922,437,1645037506741
42256587,touchmove,922,436,1645037506783
42256587,touchmove,922,434,1645037506791
42256587,touchmove,922,433,1645037506799
42256587,touchmove,922,431,1645037506808
42256587,touchmove,922,429,1645037506816
42256587,touchmove,924,427,1645037506825
42256587,touchmove,924,426,1645037506833
42256587,touchmove,926,425,1645037506841
42256587,touchmove,927,425,1645037506850
42256587,touchend,0,0,1645037506853
42256588,touchdown,932,545,1645037507192
42256588,touchmove,934,551,1645037507208
42256588,touchmove,934,556,1645037507216
42256588,touchmove,934,561,1645037507225
42256588,touchmove,934,563,1645037507233
42256588,touchmove,934,565,1645037507241
42256588,touchmove,934,566,1645037507250
42256588,touchmove,934,567,1645037507258
42256588,touchmove,934,566,1645037507278
42256588,touchmove,934,565,1645037507291
42256588,touchmove,934,563,1645037507300
42256588,touchmove,934,561,1645037507308
42256588,touchmove,934,559,1645037507316
42256588,touchmove,934,557,1645037507325
42256588,touchmove,934,553,1645037507333
42256588,touchmove,934,549,1645037507341
42256588,touchmove,934,545,1645037507350
42256588,touchmove,934,541,1645037507358
42256588,touchmove,934,537,1645037507366
42256588,touchend,0,0,1645037507370
42256589,touchdown,788,553,1645037507702
42256589,touchmove,790,560,1645037507720
42256589,touchmove,790,564,1645037507733
42256589,touchmove,790,566,1645037507742
42256589,touchmove,790,568,1645037507750
42256589,touchmove,790,569,1645037507758
42256589,touchmove,790,568,1645037507792
42256589,touchmove,790,566,1645037507800
42256589,touchmove,790,564,1645037507808
42256589,touchmove,790,562,1645037507817
42256589,touchmove,790,558,1645037507825
42256589,touchmove,790,555,1645037507833
42256589,touchmove,790,551,1645037507842
42256589,touchmove,789,548,1645037507850
42256589,touchend,0,0,1645037507854
42256590,touchdown,658,550,1645037508176
42256590,touchmove,661,554,1645037508195
42256590,touchmove,661,559,1645037508208
42256590,touchmove,661,563,1645037508217
42256590,touchmove,661,567,1645037508225
42256590,touchmove,661,569,1645037508233
42256590,touchmove,661,570,1645037508250
42256590,touchmove,661,569,1645037508267
42256590,touchmove,661,568,1645037508275
42256590,touchmove,661,566,1645037508284
42256590,touchmove,661,564,1645037508292
42256590,touchmove,661,562,1645037508301
42256590,touchmove,661,559,1645037508309
42256590,touchmove,661,556,1645037508317
42256590,touchmove,661,552,1645037508325
42256590,touchmove,661,547,1645037508334
42256590,touchmove,661,542,1645037508342
42256590,touchmove,662,537,1645037508350
42256590,touchend,0,0,1645037508354
42256591,touchdown,526,547,1645037508675
42256591,touchmove,528,550,1645037508704
42256591,touchmove,528,554,1645037508717
42256591,touchmove,528,556,1645037508726
42256591,touchmove,528,558,1645037508734
42256591,touchmove,528,559,1645037508742
42256591,touchmove,528,558,1645037508762
42256591,touchmove,528,556,1645037508776
42256591,touchmove,528,552,1645037508784
42256591,touchmove,527,549,1645037508792
42256591,touchmove,525,546,1645037508801
42256591,touchmove,523,543,1645037508809
42256591,touchmove,519,541,1645037508817
42256591,touchend,0,0,1645037508821
42256592,touchdown,390,557,1645037509193
42256592,touchmove,393,567,1645037509217
42256592,touchmove,393,571,1645037509226
42256592,touchmove,393,575,1645037509234
42256592,touchmove,393,577,1645037509242
42256592,touchmove,393,578,1645037509251
42256592,touchmove,393,577,1645037509271
42256592,touchmove,393,575,1645037509284
42256592,touchmove,393,573,1645037509292
42256592,touchmove,393,569,1645037509301
42256592,touchmove,393,566,1645037509309
42256592,touchmove,392,563,1645037509318
42256592,touchmove,392,559,1645037509326
42256592,touchmove,391,555,1645037509334
42256592,touchmove,390,551,1645037509343
42256592,touchmove,388,548,1645037509351
42256592,touchend,0,0,1645037509355
42256593,touchdown,255,552,1645037509685
42256593,touchmove,258,555,1645037509704
42256593,touchmove,258,560,1645037509718
42256593,touchmove,260,564,1645037509726
42256593,touchmove,261,567,1645037509734
42256593,touchmove,261,569,1645037509743
42256593,touchmove,261,567,1645037509776
42256593,touchmove,261,563,1645037509784
42256593,touchmove,261,559,1645037509793
42256593,touchmove,259,555,1645037509801
42256593,touchmove,258,550,1645037509810
42256593,touchmove,256,546,1645037509818
42256593,touchmove,253,541,1645037509826
42256593,touchmove,250,538,1645037509835
42256593,touchend,0,0,1645037509839
42256594,touchdown,257,423,1645037510161
42256594,touchmove,262,428,1645037510180
42256594,touchmove,263,434,1645037510193
42256594,touchmove,264,437,1645037510202
42256594,touchmove,264,440,1645037510210
42256594,touchmove,264,441,1645037510218
42256594,touchmove,265,441,1645037510226
42256594,touchmove,265,440,1645037510251
42256594,touchmove,265,437,1645037510260
42256594,touchmove,265,435,1645037510268
42256594,touchmove,265,432,1645037510276
42256594,touchmove,265,429,1645037510285
42256594,touchmove,264,426,1645037510293
42256594,touchmove,264,423,1645037510302
42256594,touchmove,263,420,1645037510310
42256594,touchmove,263,418,1645037510318
42256594,touchend,0,0,1645037510322
42256595,touchdown,400,415,1645037510653
42256595,touchmove,403,418,1645037510668
42256595,touchmove,403,423,1645037510677
42256595,touchmove,403,427,1645037510685
42256595,touchmove,404,431,1645037510693
42256595,touchmove,404,434,1645037510702
42256595,touchmove,404,435,1645037510710
42256595,touchmove,405,436,1645037510718
42256595,touchmove,405,435,1645037510752
42256595,touchmove,405,433,1645037510760
42256595,touchmove,405,431,1645037510768
42256595,touchmove,406,429,1645037510777
42256595,touchmove,406,426,1645037510785
42256595,touchmove,407,423,1645037510794
42256595,touchmove,408,421,1645037510802
42256595,touchmove,410,419,1645037510810
42256595,touchmove,412,417,1645037510819
42256595,touchmove,416,416,1645037510827
42256595,touchend,0,0,1645037510831
42256596,touchdown,531,422,1645037511152
42256596,touchmove,534,430,1645037511172
42256596,touchmove,534,434,1645037511185
42256596,touchmove,534,437,1645037511194
42256596,touchmove,534,440,1645037511202
42256596,touchmove,534,441,1645037511210
42256596,touchmove,534,440,1645037511247
42256596,touchmove,534,438,1645037511260
42256596,touchmove,534,436,1645037511269
42256596,touchmove,535,433,1645037511277
42256596,touchmove,535,430,1645037511285
42256596,touchmove,536,428,1645037511294
42256596,touchmove,537,426,1645037511302
42256596,touchmove,539,424,1645037511310
42256596,touchend,0,0,1645037511314
42256597,touchdown,672,421,1645037511645
42256597,touchmove,676,430,1645037511664
42256597,touchmove,676,435,1645037511677
42256597,touchmove,676,438,1645037511685
42256597,touchmove,676,440,1645037511694
42256597,touchmove,676,441,1645037511702
42256597,touchmove,676,439,1645037511730
42256597,touchmove,676,437,1645037511744
42256597,touchmove,676,434,1645037511752
42256597,touchmove,676,431,1645037511761
42256597,touchmove,676,428,1645037511769
42256597,touchmove,676,425,1645037511777
42256597,touchmove,676,422,1645037511786
42256597,touchmove,676,420,1645037511794
42256597,touchmove,676,417,1645037511802
42256597,touchmove,677,416,1645037511811
42256597,touchmove,679,415,1645037511819
42256597,touchend,0,0,1645037511823
42256598,touchdown,788,420,1645037512136
42256598,touchmove,791,427,1645037512156
42256598,touchmove,791,432,1645037512169
42256598,touchmove,791,435,1645037512177
42256598,touchmove,791,437,1645037512186
42256598,touchmove,791,438,1645037512194
42256598,touchmove,791,439,1645037512203
42256598,touchmove,791,437,1645037512231
42256598,touchmove,791,436,1645037512244
42256598,touchmove,791,434,1645037512253
42256598,touchmove,791,431,1645037512261
42256598,touchmove,791,428,1645037512269
42256598,touchmove,791,425,1645037512278
42256598,touchmove,791,422,1645037512286
42256598,touchmove,792,420,1645037512294
42256598,touchmove,793,418,1645037512303
42256598,touchmove,795,416,1645037512311
42256598,touchend,0,0,1645037512314
42256599,touchdown,921,421,1645037512620
42256599,touchmove,924,426,1645037512636
42256599,touchmove,925,432,1645037512653
42256599,touchmove,925,437,1645037512669
42256599,touchmove,925,436,1645037512711
42256599,touchmove,925,434,1645037512720
42256599,touchmove,925,431,1645037512728
42256599,touchmove,925,428,1645037512736
42256599,touchmove,925,425,1645037512745
42256599,touchmove,925,421,1645037512753
42256599,touchmove,925,416,1645037512761
42256599,touchmove,925,412,1645037512770
42256599,touchmove,925,408,1645037512778
42256599,touchend,0,0,1645037512782
42256600,touchdown,922,294,1645037513095
42256600,touchmove,925,304,1645037513115
42256600,touchmove,925,309,1645037513128
42256600,touchmove,924,313,1645037513136
42256600,touchmove,923,315,1645037513145
42256600,touchmove,922,317,1645037513153
42256600,touchmove,921,317,1645037513178
42256600,touchmove,921,315,1645037513195
42256600,touchmove,921,313,1645037513203
42256600,touchmove,921,311,1645037513211
42256600,touchmove,921,309,1645037513220
42256600,touchmove,921,306,1645037513228
42256600,touchmove,922,304,1645037513237
42256600,touchmove,922,301,1645037513245
42256600,touchmove,923,298,1645037513253
42256600,touchmove,924,294,1645037513262
42256600,touchmove,924,290,1645037513270
42256600,touchmove,924,288,1645037513278
42256600,touchmove,924,285,1645037513287
42256600,touchend,0,0,1645037513299
42256601,touchdown,777,299,1645037513588
42256601,touchmove,778,308,1645037513615
42256601,touchmove,778,312,1645037513628
42256601,touchmove,778,315,1645037513637
42256601,touchmove,778,316,1645037513645
42256601,touchmove,778,317,1645037513653
42256601,touchmove,778,316,1645037513674
42256601,touchmove,778,314,1645037513687
42256601,touchmove,778,312,1645037513695
42256601,touchmove,778,310,1645037513703
42256601,touchmove,778,307,1645037513712
42256601,touchmove,778,304,1645037513720
42256601,touchmove,778,301,1645037513729
42256601,touchmove,778,298,1645037513737
42256601,touchmove,778,294,1645037513745
42256601,touchmove,776,292,1645037513754
42256601,touchend,0,0,1645037513757
42256602,touchdown,643,282,1645037514088
42256602,touchmove,648,287,1645037514107
42256602,touchmove,648,293,1645037514120
42256602,touchmove,648,297,1645037514129
42256602,touchmove,648,299,1645037514137
42256602,touchmove,648,300,1645037514145
42256602,touchmove,648,301,1645037514154
42256602,touchmove,648,300,1645037514174
42256602,touchmove,648,299,1645037514187
42256602,touchmove,648,298,1645037514195
42256602,touchmove,648,296,1645037514204
42256602,touchmove,648,294,1645037514212
42256602,touchmove,648,291,1645037514221
42256602,touchmove,648,288,1645037514229
42256602,touchmove,648,284,1645037514237
42256602,touchmove,648,281,1645037514245
42256602,touchmove,647,278,1645037514254
42256602,touchmove,644,275,1645037514262
42256602,touchend,0,0,1645037514266
42256603,touchdown,524,284,1645037514597
42256603,touchmove,527,289,1645037514612
42256603,touchmove,527,294,1645037514620
42256603,touchmove,527,300,1645037514637
42256603,touchmove,527,302,1645037514654
42256603,touchmove,527,300,1645037514674
42256603,touchmove,527,298,1645037514687
42256603,touchmove,527,295,1645037514696
42256603,touchmove,527,291,1645037514704
42256603,touchmove,527,288,1645037514712
42256603,touchmove,526,284,1645037514721
42256603,touchmove,526,280,1645037514729
42256603,touchmove,525,277,1645037514737
42256603,touchmove,522,274,1645037514746
42256603,touchend,0,0,1645037514749
42256604,touchdown,385,285,1645037515055
42256604,touchmove,390,291,1645037515088
42256604,touchmove,390,294,1645037515096
42256604,touchmove,390,296,1645037515104
42256604,touchmove,390,297,1645037515113
42256604,touchmove,390,296,1645037515141
42256604,touchmove,390,295,1645037515154
42256604,touchmove,389,293,1645037515163
42256604,touchmove,389,290,1645037515171
42256604,touchmove,388,287,1645037515179
42256604,touchmove,388,284,1645037515188
42256604,touchmove,387,281,1645037515196
42256604,touchmove,385,278,1645037515204
42256604,touchmove,382,276,1645037515213
42256604,touchend,0,0,1645037515217
42256605,touchdown,258,280,1645037515555
42256605,touchmove,262,289,1645037515583
42256605,touchmove,262,294,1645037515596
42256605,touchmove,262,296,1645037515604
42256605,touchmove,262,297,1645037515613
42256605,touchmove,262,295,1645037515646
42256605,touchmove,262,292,1645037515655
42256605,touchmove,262,289,1645037515663
42256605,touchmove,262,285,1645037515671
42256605,touchmove,262,281,1645037515680
42256605,touchmove,261,277,1645037515688
42256605,touchmove,260,274,1645037515696
42256605,touchend,0,0,1645037515700
42256606,touchdown,272,166,1645037516081
42256606,touchmove,276,175,1645037516117
42256606,touchmove,276,177,1645037516130
42256606,touchmove,276,178,1645037516138
42256606,touchmove,276,176,1645037516172
42256606,touchmove,276,172,1645037516180
42256606,touchmove,276,170,1645037516188
42256606,touchmove,275,167,1645037516197
42256606,touchmove,275,165,1645037516205
42256606,touchmove,275,164,1645037516213
42256606,touchend,0,0,1645037516217
42256607,touchdown,410,149,1645037516539
42256607,touchmove,414,157,1645037516567
42256607,touchmove,414,161,1645037516580
42256607,touchmove,414,163,1645037516588
42256607,touchmove,414,164,1645037516597
42256607,touchmove,414,165,1645037516605
42256607,touchmove,414,164,1645037516634
42256607,touchmove,414,162,1645037516647
42256607,touchmove,414,160,1645037516655
42256607,touchmove,414,158,1645037516664
42256607,touchmove,414,155,1645037516672
42256607,touchmove,414,151,1645037516680
42256607,touchmove,416,148,1645037516689
42256607,touchmove,419,144,1645037516697
42256607,touchend,0,0,1645037516701
42256608,touchdown,541,168,1645037517081
42256608,touchmove,543,175,1645037517109
42256608,touchmove,543,177,1645037517122
42256608,touchmove,543,179,1645037517130
42256608,touchmove,543,177,1645037517180
42256608,touchmove,543,176,1645037517189
42256608,touchmove,543,175,1645037517206
42256608,touchend,0,0,1645037517209
42256609,touchdown,666,155,1645037517565
42256609,touchmove,665,162,1645037517581
42256609,touchmove,665,167,1645037517589
42256609,touchmove,665,171,1645037517597
42256609,touchmove,665,174,1645037517606
42256609,touchmove,665,176,1645037517614
42256609,touchmove,665,176,1645037517650
42256609,touchmove,665,177,1645037517622
42256609,touchmove,665,173,1645037517664
42256609,touchmove,666,170,1645037517672
42256609,touchmove,667,167,1645037517681
42256609,touchmove,668,163,1645037517689
42256609,touchmove,670,161,1645037517697
42256609,touchmove,672,158,1645037517706
42256609,touchmove,675,155,1645037517715
42256609,touchmove,679,153,1645037517723
42256609,touchend,0,0,1645037517727
42256610,touchdown,789,158,1645037518024
42256610,touchmove,790,167,1645037518043
42256610,touchmove,790,171,1645037518056
42256610,touchmove,790,175,1645037518064
42256610,touchmove,790,177,1645037518072
42256610,touchmove,790,178,1645037518090
42256610,touchmove,790,177,1645037518118
42256610,touchmove,790,176,1645037518131
42256610,touchmove,790,174,1645037518139
42256610,touchmove,790,173,1645037518148
42256610,touchmove,790,171,1645037518156
42256610,touchmove,790,169,1645037518164
42256610,touchmove,790,166,1645037518173
42256610,touchmove,791,163,1645037518181
42256610,touchmove,792,160,1645037518190
42256610,touchmove,793,156,1645037518198
42256610,touchend,0,0,1645037518201
42256611,touchdown,918,152,1645037518516
42256611,touchmove,919,161,1645037518534
42256611,touchmove,919,166,1645037518548
42256611,touchmove,919,170,1645037518556
42256611,touchmove,919,172,1645037518565
42256611,touchmove,918,173,1645037518573
42256611,touchmove,918,172,1645037518601
42256611,touchmove,918,171,1645037518615
42256611,touchmove,918,170,1645037518623
42256611,touchmove,918,168,1645037518631
42256611,touchmove,918,166,1645037518640
42256611,touchmove,919,164,1645037518648
42256611,touchmove,919,161,1645037518656
42256611,touchmove,920,158,1645037518665
42256611,touchmove,920,155,1645037518673
42256611,touchmove,921,151,1645037518682
42256611,touchmove,922,147,1645037518690
42256611,touchmove,924,140,1645037518698
42256611,touchend,0,0,1645037518702
42256612,touchdown,927,34,1645037519040
42256612,touchmove,929,43,1645037519068
42256612,touchmove,929,46,1645037519082
42256612,touchmove,929,48,1645037519090
42256612,touchmove,929,49,1645037519098
42256612,touchmove,929,48,1645037519132
42256612,touchmove,928,46,1645037519140
42256612,touchmove,928,45,1645037519148
42256612,touchmove,928,43,1645037519157
42256612,touchmove,928,40,1645037519165
42256612,touchmove,927,38,1645037519173
42256612,touchmove,925,34,1645037519182
42256612,touchmove,922,32,1645037519190
42256612,touchend,0,0,1645037519194
42256613,touchdown,793,24,1645037519566
42256613,touchmove,793,31,1645037519582
42256613,touchmove,793,36,1645037519590
42256613,touchmove,793,39,1645037519598
42256613,touchmove,793,40,1645037519607
42256613,touchmove,793,41,1645037519615
42256613,touchmove,793,39,1645037519657
42256613,touchmove,793,38,1645037519665
42256613,touchmove,793,36,1645037519674
42256613,touchmove,793,34,1645037519682
42256613,touchmove,793,31,1645037519690
42256613,touchmove,793,28,1645037519699
42256613,touchmove,793,25,1645037519707
42256613,touchmove,793,21,1645037519715
42256613,touchmove,793,19,1645037519724
42256613,touchend,0,0,1645037519727
42256614,touchdown,664,26,1645037520007
42256614,touchmove,667,33,1645037520036
42256614,touchmove,667,36,1645037520049
42256614,touchmove,667,39,1645037520057
42256614,touchmove,667,40,1645037520066
42256614,touchmove,667,39,1645037520107
42256614,touchmove,667,37,1645037520115
42256614,touchmove,667,35,1645037520124
42256614,touchmove,666,33,1645037520132
42256614,touchmove,666,30,1645037520141
42256614,touchmove,666,27,1645037520149
42256614,touchmove,666,23,1645037520157
42256614,touchmove,665,20,1645037520166
42256614,touchmove,663,16,1645037520174
42256614,touchend,0,0,1645037520177
42256615,touchdown,523,22,1645037520525
42256615,touchmove,526,31,1645037520544
42256615,touchmove,526,34,1645037520557
42256615,touchmove,526,36,1645037520566
42256615,touchmove,526,38,1645037520574
42256615,touchmove,526,37,1645037520594
42256615,touchmove,526,36,1645037520608
42256615,touchmove,526,34,1645037520616
42256615,touchmove,526,32,1645037520624
42256615,touchmove,526,29,1645037520633
42256615,touchmove,525,27,1645037520641
42256615,touchmove,525,24,1645037520649
42256615,touchmove,524,21,1645037520657
42256615,touchmove,523,18,1645037520666
42256615,touchmove,521,15,1645037520674
42256615,touchmove,517,12,1645037520683
42256615,touchend,0,0,1645037520687
42256616,touchdown,423,22,1645037520983
42256616,touchmove,429,31,1645037521003
42256616,touchmove,429,35,1645037521016
42256616,touchmove,429,38,1645037521024
42256616,touchmove,429,39,1645037521041
42256616,touchmove,429,38,1645037521061
42256616,touchmove,429,37,1645037521074
42256616,touchmove,429,35,1645037521083
42256616,touchmove,429,34,1645037521091
42256616,touchmove,429,33,1645037521099
42256616,touchmove,428,31,1645037521108
42256616,touchmove,428,28,1645037521116
42256616,touchmove,427,26,1645037521124
42256616,touchmove,427,22,1645037521133
42256616,touchmove,426,19,1645037521141
42256616,touchmove,426,15,1645037521150
42256616,touchmove,424,11,1645037521158
42256616,touchmove,422,8,1645037521166
42256616,touchend,0,0,1645037521170
42256617,touchdown,276,28,1645037521534
42256617,touchmove,281,35,1645037521566
42256617,touchmove,281,38,1645037521575
42256617,touchmove,281,39,1645037521583
42256617,touchmove,281,40,1645037521591
42256617,touchmove,281,39,1645037521620
42256617,touchmove,281,38,1645037521633
42256617,touchmove,281,35,1645037521641
42256617,touchmove,281,33,1645037521650
42256617,touchmove,280,30,1645037521658
42256617,touchmove,280,27,1645037521667
42256617,touchmove,279,25,1645037521675
42256617,touchmove,279,24,1645037521683
42256617,touchmove,278,24,1645037521691
42256617,touchend,0,0,1645037521695
42256618,touchdown,260,158,1645037522059
42256618,touchmove,265,163,1645037522075
42256618,touchmove,265,168,1645037522083
42256618,touchmove,266,171,1645037522092
42256618,touchmove,267,172,1645037522100
42256618,touchmove,267,174,1645037522108
42256618,touchmove,267,173,1645037522137
42256618,touchmove,267,172,1645037522150
42256618,touchmove,267,170,1645037522158
42256618,touchmove,267,168,1645037522167
42256618,touchmove,266,165,1645037522175
42256618,touchmove,265,161,1645037522183
42256618,touchmove,265,157,1645037522192
42256618,touchmove,265,153,1645037522200
42256618,touchend,0,0,1645037522204
42256619,touchdown,397,157,1645037522543
42256619,touchmove,402,163,1645037522558
42256619,touchmove,403,167,1645037522567
42256619,touchmove,404,170,1645037522575
42256619,touchmove,405,171,1645037522583
42256619,touchmove,406,171,1645037522600
42256619,touchmove,407,171,1645037522617
42256619,touchmove,407,170,1645037522625
42256619,touchmove,408,168,1645037522634
42256619,touchmove,409,166,1645037522642
42256619,touchmove,409,164,1645037522650
42256619,touchmove,409,163,1645037522659
42256619,touchmove,409,162,1645037522667
42256619,touchend,0,0,1645037522671
42256620,touchdown,534,160,1645037523051
42256620,touchmove,535,167,1645037523092
42256620,touchmove,535,170,1645037523101
42256620,touchmove,535,172,1645037523109
42256620,touchmove,535,174,1645037523117
42256620,touchmove,535,175,1645037523126
42256620,touchmove,535,172,1645037523159
42256620,touchmove,535,170,1645037523167
42256620,touchmove,535,166,1645037523176
42256620,touchmove,535,163,1645037523184
42256620,touchmove,538,161,1645037523192
42256620,touchend,0,0,1645037523196
42256621,touchmove,669,170,1645037523576
42256621,touchdown,671,154,1645037523519
42256621,touchmove,669,165,1645037523555
42256621,touchmove,669,168,1645037523567
42256621,touchmove,669,171,1645037523584
42256621,touchmove,669,172,1645037523593
42256621,touchmove,670,172,1645037523601
42256621,touchmove,670,171,1645037523617
42256621,touchmove,670,169,1645037523626
42256621,touchmove,670,167,1645037523634
42256621,touchmove,670,163,1645037523643
42256621,touchmove,670,160,1645037523651
42256621,touchmove,671,157,1645037523659
42256621,touchmove,672,154,1645037523668
42256621,touchend,0,0,1645037523671
42256622,touchdown,785,165,1645037523969
42256622,touchmove,787,179,1645037524005
42256622,touchmove,787,183,1645037524018
42256622,touchmove,787,186,1645037524026
42256622,touchmove,787,187,1645037524034
42256622,touchmove,788,187,1645037524051
42256622,touchmove,788,186,1645037524068
42256622,touchmove,788,184,1645037524076
42256622,touchmove,788,181,1645037524084
42256622,touchmove,789,178,1645037524093
42256622,touchmove,789,175,1645037524101
42256622,touchmove,789,172,1645037524110
42256622,touchmove,789,170,1645037524118
42256622,touchmove,789,167,1645037524126
42256622,touchend,0,0,1645037524130
42256623,touchdown,922,162,1645037524519
42256623,touchmove,923,170,1645037524555
42256623,touchmove,923,174,1645037524568
42256623,touchmove,923,177,1645037524576
42256623,touchmove,923,179,1645037524585
42256623,touchmove,923,180,1645037524593
42256623,touchmove,923,179,1645037524621
42256623,touchmove,923,177,1645037524635
42256623,touchmove,923,175,1645037524643
42256623,touchmove,923,172,1645037524652
42256623,touchmove,924,168,1645037524660
42256623,touchmove,925,165,1645037524668
42256623,touchmove,927,161,1645037524677
42256623,touchmove,929,159,1645037524685
42256623,touchmove,931,158,1645037524693
42256623,touchend,0,0,1645037524697
42256624,touchdown,924,293,1645037525052
42256624,touchmove,927,302,1645037525089
42256624,touchmove,927,304,1645037525102
42256624,touchmove,927,305,1645037525110
42256624,touchmove,926,305,1645037525135
42256624,touchmove,926,303,1645037525152
42256624,touchmove,926,301,1645037525160
42256624,touchmove,926,298,1645037525168
42256624,touchmove,926,294,1645037525177
42256624,touchmove,926,290,1645037525185
42256624,touchmove,926,286,1645037525193
42256624,touchmove,924,283,1645037525202
42256624,touchend,0,0,1645037525206
42256625,touchdown,780,285,1645037525504
42256625,touchmove,780,290,1645037525522
42256625,touchmove,780,296,1645037525535
42256625,touchmove,780,300,1645037525544
42256625,touchmove,780,303,1645037525552
42256625,touchmove,780,304,1645037525560
42256625,touchmove,780,305,1645037525569
42256625,touchmove,780,304,1645037525589
42256625,touchmove,780,303,1645037525602
42256625,touchmove,780,301,1645037525610
42256625,touchmove,780,299,1645037525619
42256625,touchmove,781,296,1645037525627
42256625,touchmove,781,293,1645037525635
42256625,touchmove,781,290,1645037525644
42256625,touchmove,782,285,1645037525652
42256625,touchmove,783,281,1645037525660
42256625,touchmove,784,278,1645037525669
42256625,touchmove,784,275,1645037525677
42256625,touchend,0,0,1645037525681
42256626,touchdown,645,288,1645037525925
42256626,touchmove,647,293,1645037525947
42256626,touchmove,647,297,1645037525960
42256626,touchmove,647,299,1645037525969
42256626,touchmove,647,301,1645037525977
42256626,touchmove,647,299,1645037526011
42256626,touchmove,647,296,1645037526019
42256626,touchmove,647,292,1645037526027
42256626,touchmove,647,289,1645037526036
42256626,touchmove,646,285,1645037526044
42256626,touchmove,642,283,1645037526052
42256626,touchmove,636,282,1645037526061
42256626,touchend,0,0,1645037526065
42256627,touchdown,517,284,1645037526342
42256627,touchmove,523,290,1645037526372
42256627,touchmove,523,294,1645037526386
42256627,touchmove,524,298,1645037526394
42256627,touchmove,524,299,1645037526403
42256627,touchmove,524,298,1645037526430
42256627,touchmove,524,296,1645037526444
42256627,touchmove,523,294,1645037526453
42256627,touchmove,523,291,1645037526461
42256627,touchmove,522,288,1645037526469
42256627,touchmove,520,285,1645037526478
42256627,touchmove,517,282,1645037526486
42256627,touchmove,512,279,1645037526494
42256627,touchend,0,0,1645037526498
42256628,touchdown,392,295,1645037526804
42256628,touchmove,394,300,1645037526823
42256628,touchmove,395,305,1645037526836
42256628,touchmove,395,309,1645037526844
42256628,touchmove,396,311,1645037526853
42256628,touchmove,396,312,1645037526861
42256628,touchmove,396,310,1645037526894
42256628,touchmove,396,308,1645037526903
42256628,touchmove,396,305,1645037526911
42256628,touchmove,396,303,1645037526919
42256628,touchmove,395,299,1645037526928
42256628,touchmove,394,296,1645037526936
42256628,touchmove,393,292,1645037526945
42256628,touchmove,392,289,1645037526953
42256628,touchmove,390,286,1645037526961
42256628,touchend,0,0,1645037526965
42256629,touchdown,265,288,1645037527320
42256629,touchmove,271,292,1645037527345
42256629,touchmove,272,296,1645037527353
42256629,touchmove,272,298,1645037527361
42256629,touchmove,273,300,1645037527370
42256629,touchmove,273,301,1645037527378
42256629,touchmove,273,299,1645037527406
42256629,touchmove,273,298,1645037527420
42256629,touchmove,273,296,1645037527428
42256629,touchmove,272,294,1645037527437
42256629,touchmove,272,292,1645037527445
42256629,touchmove,271,291,1645037527453
42256629,touchmove,269,291,1645037527461
42256629,touchend,0,0,1645037527465
42256630,touchdown,266,416,1645037527796
42256630,touchmove,268,420,1645037527815
42256630,touchmove,269,425,1645037527828
42256630,touchmove,271,430,1645037527837
42256630,touchmove,272,434,1645037527845
42256630,touchmove,273,436,1645037527853
42256630,touchmove,274,437,1645037527862
42256630,touchmove,274,438,1645037527870
42256630,touchmove,274,437,1645037527895
42256630,touchmove,274,436,1645037527903
42256630,touchmove,274,435,1645037527912
42256630,touchmove,274,432,1645037527920
42256630,touchmove,274,429,1645037527928
42256630,touchmove,273,426,1645037527937
42256630,touchmove,272,422,1645037527945
42256630,touchmove,272,418,1645037527953
42256630,touchmove,272,415,1645037527962
42256630,touchend,0,0,1645037527965
42256631,touchdown,402,420,1645037528296
42256631,touchmove,403,426,1645037528324
42256631,touchmove,404,430,1645037528337
42256631,touchmove,405,434,1645037528345
42256631,touchmove,406,436,1645037528354
42256631,touchmove,407,438,1645037528362
42256631,touchmove,407,439,1645037528370
42256631,touchmove,408,439,1645037528387
42256631,touchmove,408,437,1645037528395
42256631,touchmove,408,435,1645037528404
42256631,touchmove,408,432,1645037528412
42256631,touchmove,408,427,1645037528420
42256631,touchmove,408,423,1645037528429
42256631,touchmove,408,419,1645037528437
42256631,touchmove,408,415,1645037528445
42256631,touchmove,409,413,1645037528454
42256631,touchend,0,0,1645037528457
42256632,touchdown,543,410,1645037528821
42256632,touchmove,544,414,1645037528841
42256632,touchmove,544,418,1645037528854
42256632,touchmove,545,423,1645037528862
42256632,touchmove,545,426,1645037528871
42256632,touchmove,545,427,1645037528879
42256632,touchmove,545,425,1645037528907
42256632,touchmove,545,422,1645037528921
42256632,touchmove,544,419,1645037528929
42256632,touchmove,543,416,1645037528937
42256632,touchmove,542,412,1645037528946
42256632,touchmove,541,409,1645037528954
42256632,touchend,0,0,1645037528958
42256633,touchdown,661,413,1645037529322
42256633,touchmove,665,418,1645037529341
42256633,touchmove,665,423,1645037529354
42256633,touchmove,667,430,1645037529371
42256633,touchmove,666,427,1645037529363
42256633,touchmove,667,431,1645037529379
42256633,touchmove,668,430,1645037529413
42256633,touchmove,668,431,1645037529388
42256633,touchmove,668,428,1645037529421
42256633,touchmove,668,425,1645037529429
42256633,touchmove,668,422,1645037529438
42256633,touchmove,667,418,1645037529446
42256633,touchmove,667,415,1645037529454
42256633,touchmove,667,413,1645037529463
42256633,touchmove,666,412,1645037529471
42256633,touchend,0,0,1645037529476
42256634,touchdown,785,437,1645037529822
42256634,touchmove,788,443,1645037529849
42256634,touchmove,788,447,1645037529863
42256634,touchmove,788,450,1645037529871
42256634,touchmove,788,453,1645037529880
42256634,touchmove,788,454,1645037529888
42256634,touchmove,789,454,1645037529896
42256634,touchmove,789,452,1645037529922
42256634,touchmove,789,450,1645037529930
42256634,touchmove,789,448,1645037529938
42256634,touchmove,789,445,1645037529946
42256634,touchmove,789,443,1645037529955
42256634,touchmove,789,441,1645037529963
42256634,touchmove,789,439,1645037529971
42256634,touchmove,789,438,1645037529980
42256634,touchend,0,0,1645037529983
42256635,touchdown,927,420,1645037530314
42256635,touchmove,929,422,1645037530333
42256635,touchmove,929,427,1645037530346
42256635,touchmove,929,431,1645037530355
42256635,touchmove,929,434,1645037530363
42256635,touchmove,929,435,1645037530371
42256635,touchmove,929,436,1645037530380
42256635,touchmove,930,435,1645037530408
42256635,touchmove,930,434,1645037530422
42256635,touchmove,930,432,1645037530430
42256635,touchmove,930,429,1645037530438
42256635,touchmove,930,426,1645037530447
42256635,touchmove,930,423,1645037530455
42256635,touchmove,931,421,1645037530463
42256635,touchmove,931,420,1645037530472
42256635,touchmove,932,420,1645037530480
42256635,touchend,0,0,1645037530484
42256636,touchdown,914,542,1645037530773
42256636,touchmove,917,547,1645037530788
42256636,touchmove,919,554,1645037530805
42256636,touchmove,920,557,1645037530813
42256636,touchmove,920,558,1645037530822
42256636,touchmove,921,559,1645037530830
42256636,touchmove,921,558,1645037530867
42256636,touchmove,921,557,1645037530880
42256636,touchmove,920,556,1645037530888
42256636,touchmove,920,554,1645037530897
42256636,touchmove,919,553,1645037530905
42256636,touchmove,919,551,1645037530913
42256636,touchmove,919,549,1645037530922
42256636,touchmove,919,546,1645037530930
42256636,touchmove,918,543,1645037530938
42256636,touchmove,917,539,1645037530947
42256636,touchmove,916,535,1645037530955
42256636,touchend,0,0,1645037530959
42256637,touchdown,782,565,1645037531264
42256637,touchmove,783,569,1645037531284
42256637,touchmove,784,575,1645037531297
42256637,touchmove,784,579,1645037531306
42256637,touchmove,785,582,1645037531314
42256637,touchmove,786,584,1645037531322
42256637,touchmove,787,584,1645037531330
42256637,touchmove,788,584,1645037531355
42256637,touchmove,788,582,1645037531372
42256637,touchmove,788,581,1645037531380
42256637,touchmove,788,580,1645037531389
42256637,touchmove,788,577,1645037531397
42256637,touchmove,788,575,1645037531405
42256637,touchmove,787,572,1645037531414
42256637,touchmove,786,568,1645037531422
42256637,touchmove,784,566,1645037531431
42256637,touchmove,780,563,1645037531439
42256637,touchmove,774,561,1645037531447
42256637,touchend,0,0,1645037531451
42256638,touchdown,651,558,1645037531695
42256638,touchmove,657,562,1645037531717
42256638,touchmove,658,567,1645037531730
42256638,touchmove,659,571,1645037531739
42256638,touchmove,660,574,1645037531747
42256638,touchmove,660,575,1645037531756
42256638,touchmove,660,576,1645037531764
42256638,touchmove,660,574,1645037531822
42256638,touchmove,660,573,1645037531831
42256638,touchmove,660,571,1645037531839
42256638,touchmove,660,569,1645037531847
42256638,touchmove,659,566,1645037531856
42256638,touchmove,658,563,1645037531864
42256638,touchmove,658,559,1645037531872
42256638,touchmove,657,556,1645037531881
42256638,touchmove,655,552,1645037531889
42256638,touchmove,651,549,1645037531897
42256638,touchend,0,0,1645037531901
42256639,touchdown,517,560,1645037532208
42256639,touchmove,521,563,1645037532234
42256639,touchmove,521,567,1645037532248
42256639,touchmove,521,570,1645037532256
42256639,touchmove,522,572,1645037532264
42256639,touchmove,522,573,1645037532273
42256639,touchmove,523,574,1645037532281
42256639,touchmove,523,575,1645037532289
42256639,touchmove,523,574,1645037532317
42256639,touchmove,523,573,1645037532331
42256639,touchmove,523,571,1645037532339
42256639,touchmove,523,570,1645037532348
42256639,touchmove,523,569,1645037532356
42256639,touchmove,523,567,1645037532364
42256639,touchmove,522,566,1645037532373
42256639,touchmove,522,564,1645037532381
42256639,touchmove,521,561,1645037532389
42256639,touchmove,520,559,1645037532398
42256639,touchmove,519,556,1645037532406
42256639,touchmove,518,552,1645037532414
42256639,touchmove,516,549,1645037532423
42256639,touchmove,512,547,1645037532431
42256639,touchend,0,0,1645037532434
42256640,touchdown,391,559,1645037532732
42256640,touchmove,393,559,1645037532751
42256640,touchmove,395,567,1645037532773
42256640,touchmove,397,571,1645037532790
42256640,touchmove,398,574,1645037532806
42256640,touchmove,398,573,1645037532834
42256640,touchmove,398,572,1645037532848
42256640,touchmove,398,571,1645037532856
42256640,touchmove,397,569,1645037532865
42256640,touchmove,397,568,1645037532873
42256640,touchmove,396,567,1645037532881
42256640,touchmove,396,566,1645037532890
42256640,touchmove,395,563,1645037532898
42256640,touchmove,395,561,1645037532906
42256640,touchmove,394,558,1645037532915
42256640,touchmove,393,554,1645037532923
42256640,touchmove,392,550,1645037532931
42256640,touchmove,391,547,1645037532940
42256640,touchend,0,0,1645037532943
42256641,touchdown,252,542,1645037533248
42256641,touchmove,256,545,1645037533265
42256641,touchmove,258,550,1645037533273
42256641,touchmove,259,554,1645037533281
42256641,touchmove,260,557,1645037533290
42256641,touchmove,260,558,1645037533298
42256641,touchmove,261,559,1645037533306
42256641,touchmove,261,557,1645037533365
42256641,touchmove,261,556,1645037533373
42256641,touchmove,260,554,1645037533382
42256641,touchmove,260,553,1645037533390
42256641,touchmove,259,550,1645037533398
42256641,touchmove,258,548,1645037533407
42256641,touchmove,257,544,1645037533415
42256641,touchmove,256,540,1645037533423
42256641,touchmove,255,535,1645037533432
42256641,touchmove,254,529,1645037533440
42256641,touchmove,253,523,1645037533448
42256641,touchend,0,0,1645037533452
42256642,touchdown,262,421,1645037533733
42256642,touchmove,268,426,1645037533752
42256642,touchmove,269,432,1645037533765
42256642,touchmove,271,436,1645037533774
42256642,touchmove,272,439,1645037533782
42256642,touchmove,272,441,1645037533790
42256642,touchmove,273,441,1645037533807
42256642,touchmove,273,440,1645037533849
42256642,touchmove,273,439,1645037533857
42256642,touchmove,273,438,1645037533865
42256642,touchmove,272,437,1645037533874
42256642,touchmove,272,435,1645037533882
42256642,touchmove,271,434,1645037533890
42256642,touchmove,271,432,1645037533899
42256642,touchmove,271,430,1645037533907
42256642,touchmove,271,427,1645037533915
42256642,touchmove,270,424,1645037533923
42256642,touchmove,270,421,1645037533932
42256642,touchmove,270,417,1645037533940
42256642,touchmove,272,413,1645037533949
42256642,touchend,0,0,1645037533952
42256643,touchdown,396,420,1645037534273
42256643,touchmove,398,424,1645037534294
42256643,touchmove,398,429,1645037534307
42256643,touchmove,399,433,1645037534315
42256643,touchmove,400,436,1645037534324
42256643,touchmove,401,438,1645037534332
42256643,touchmove,401,439,1645037534340
42256643,touchmove,402,439,1645037534349
42256643,touchmove,402,437,1645037534416
42256643,touchmove,402,436,1645037534424
42256643,touchmove,402,435,1645037534432
42256643,touchmove,402,434,1645037534441
42256643,touchmove,402,432,1645037534449
42256643,touchmove,402,430,1645037534457
42256643,touchmove,401,428,1645037534466
42256643,touchmove,401,427,1645037534474
42256643,touchmove,401,425,1645037534482
42256643,touchmove,402,423,1645037534490
42256643,touchmove,407,423,1645037534499
42256643,touchmove,413,423,1645037534507
42256643,touchend,0,0,1645037534511
42256644,touchdown,530,418,1645037534825
42256644,touchmove,534,435,1645037534891
42256644,touchmove,533,426,1645037534857
42256644,touchmove,533,430,1645037534866
42256644,touchmove,533,433,1645037534874
42256644,touchmove,533,434,1645037534883
42256644,touchmove,534,434,1645037534949
42256644,touchmove,534,432,1645037534957
42256644,touchmove,534,430,1645037534966
42256644,touchmove,534,427,1645037534974
42256644,touchmove,534,424,1645037534983
42256644,touchmove,534,421,1645037534991
42256644,touchmove,534,418,1645037534999
42256644,touchmove,534,415,1645037535007
42256644,touchmove,536,413,1645037535016
42256644,touchend,0,0,1645037535020
42256645,touchdown,674,414,1645037535309
42256645,touchmove,676,418,1645037535328
42256645,touchmove,676,423,1645037535341
42256645,touchmove,676,427,1645037535349
42256645,touchmove,676,430,1645037535358
42256645,touchmove,676,432,1645037535366
42256645,touchmove,676,433,1645037535374
42256645,touchmove,676,432,1645037535411
42256645,touchmove,676,431,1645037535424
42256645,touchmove,676,430,1645037535433
42256645,touchmove,676,428,1645037535441
42256645,touchmove,676,427,1645037535449
42256645,touchmove,676,425,1645037535458
42256645,touchmove,676,422,1645037535466
42256645,touchmove,676,419,1645037535474
42256645,touchmove,676,416,1645037535483
42256645,touchmove,677,412,1645037535491
42256645,touchmove,679,409,1645037535499
42256645,touchmove,681,407,1645037535508
42256645,touchend,0,0,1645037535512
42256646,touchdown,783,417,1645037535809
42256646,touchmove,787,421,1645037535828
42256646,touchmove,787,426,1645037535841
42256646,touchmove,787,430,1645037535850
42256646,touchmove,787,432,1645037535858
42256646,touchmove,787,434,1645037535866
42256646,touchmove,787,435,1645037535875
42256646,touchmove,787,434,1645037535903
42256646,touchmove,787,433,1645037535916
42256646,touchmove,787,431,1645037535925
42256646,touchmove,788,429,1645037535933
42256646,touchmove,788,427,1645037535941
42256646,touchmove,788,424,1645037535950
42256646,touchmove,789,421,1645037535958
42256646,touchmove,791,420,1645037535966
42256646,touchmove,793,417,1645037535975
42256646,touchmove,796,416,1645037535983
42256646,touchmove,799,415,1645037535991
42256646,touchend,0,0,1645037535995
42256647,touchdown,907,425,1645037536259
42256647,touchmove,912,428,1645037536278
42256647,touchmove,912,433,1645037536292
42256647,touchmove,912,436,1645037536300
42256647,touchmove,912,439,1645037536308
42256647,touchmove,912,437,1645037536350
42256647,touchmove,912,435,1645037536358
42256647,touchmove,912,432,1645037536367
42256647,touchmove,912,430,1645037536375
42256647,touchmove,912,426,1645037536383
42256647,touchmove,912,422,1645037536392
42256647,touchmove,912,417,1645037536400
42256647,touchmove,912,413,1645037536408
42256647,touchend,0,0,1645037536411
42256648,touchdown,935,290,1645037536743
42256648,touchmove,935,298,1645037536771
42256648,touchmove,935,304,1645037536792
42256648,touchmove,935,307,1645037536809
42256648,touchmove,934,307,1645037536817
42256648,touchmove,934,306,1645037536837
42256648,touchmove,934,304,1645037536850
42256648,touchmove,934,302,1645037536859
42256648,touchmove,934,300,1645037536867
42256648,touchmove,934,299,1645037536875
42256648,touchmove,934,297,1645037536884
42256648,touchmove,935,294,1645037536892
42256648,touchmove,935,292,1645037536900
42256648,touchmove,935,289,1645037536908
42256648,touchmove,935,287,1645037536917
42256648,touchmove,934,285,1645037536925
42256648,touchmove,931,284,1645037536934
42256648,touchmove,926,283,1645037536942
42256648,touchmove,920,283,1645037536950
42256648,touchend,0,0,1645037536955
42256649,touchdown,788,301,1645037537217
42256649,touchmove,789,303,1645037537237
42256649,touchmove,789,307,1645037537250
42256649,touchmove,789,310,1645037537259
42256649,touchmove,789,312,1645037537267
42256649,touchmove,789,313,1645037537275
42256649,touchmove,789,314,1645037537284
42256649,touchmove,789,313,1645037537334
42256649,touchmove,789,312,1645037537342
42256649,touchmove,789,311,1645037537351
42256649,touchmove,789,310,1645037537359
42256649,touchmove,789,308,1645037537367
42256649,touchmove,789,307,1645037537375
42256649,touchmove,789,305,1645037537384
42256649,touchmove,789,303,1645037537392
42256649,touchmove,789,300,1645037537400
42256649,touchmove,789,298,1645037537409
42256649,touchmove,789,294,1645037537417
42256649,touchmove,789,292,1645037537426
42256649,touchend,0,0,1645037537429
42256650,touchdown,665,295,1645037537726
42256650,touchmove,667,297,1645037537746
42256650,touchmove,667,301,1645037537759
42256650,touchmove,668,304,1645037537767
42256650,touchmove,668,306,1645037537776
42256650,touchmove,668,308,1645037537784
42256650,touchmove,669,308,1645037537793
42256650,touchmove,669,307,1645037537834
42256650,touchmove,669,306,1645037537842
42256650,touchmove,669,304,1645037537851
42256650,touchmove,669,303,1645037537859
42256650,touchmove,669,302,1645037537867
42256650,touchmove,669,300,1645037537876
42256650,touchmove,669,299,1645037537884
42256650,touchmove,669,297,1645037537892
42256650,touchmove,669,295,1645037537901
42256650,touchmove,668,292,1645037537909
42256650,touchmove,667,289,1645037537918
42256650,touchmove,666,286,1645037537926
42256650,touchmove,662,285,1645037537934
42256650,touchend,0,0,1645037537938
42256651,touchdown,531,295,1645037538218
42256651,touchmove,532,291,1645037538228
42256651,touchmove,533,288,1645037538235
42256651,touchmove,535,288,1645037538243
42256651,touchmove,536,291,1645037538251
42256651,touchmove,537,294,1645037538259
42256651,touchmove,538,295,1645037538267
42256651,touchmove,538,297,1645037538276
42256651,touchmove,538,298,1645037538284
42256651,touchmove,539,298,1645037538293
42256651,touchmove,539,297,1645037538343
42256651,touchmove,539,295,1645037538351
42256651,touchmove,538,294,1645037538359
42256651,touchmove,538,292,1645037538368
42256651,touchmove,537,289,1645037538376
42256651,touchmove,536,287,1645037538384
42256651,touchmove,535,284,1645037538393
42256651,touchmove,533,281,1645037538401
42256651,touchmove,529,279,1645037538409
42256651,touchend,0,0,1645037538413
42256652,touchdown,396,300,1645037538744
42256652,touchmove,398,303,1645037538772
42256652,touchmove,398,309,1645037538793
42256652,touchmove,399,313,1645037538810
42256652,touchmove,400,313,1645037538818
42256652,touchmove,400,312,1645037538860
42256652,touchmove,400,310,1645037538868
42256652,touchmove,400,309,1645037538876
42256652,touchmove,400,307,1645037538885
42256652,touchmove,399,305,1645037538893
42256652,touchmove,398,303,1645037538901
42256652,touchmove,398,301,1645037538910
42256652,touchmove,397,298,1645037538918
42256652,touchmove,396,295,1645037538926
42256652,touchmove,393,291,1645037538935
42256652,touchmove,390,288,1645037538943
42256652,touchmove,384,286,1645037538952
42256652,touchend,0,0,1645037538956
42256653,touchdown,240,286,1645037539236
42256653,touchmove,244,285,1645037539255
42256653,touchmove,245,290,1645037539268
42256653,touchmove,247,294,1645037539277
42256653,touchmove,247,296,1645037539285
42256653,touchmove,248,298,1645037539293
42256653,touchmove,248,297,1645037539343
42256653,touchmove,247,295,1645037539352
42256653,touchmove,247,293,1645037539360
42256653,touchmove,246,291,1645037539368
42256653,touchmove,245,289,1645037539377
42256653,touchmove,245,286,1645037539385
42256653,touchmove,244,284,1645037539393
42256653,touchmove,243,281,1645037539402
42256653,touchmove,242,278,1645037539410
42256653,touchmove,241,275,1645037539418
42256653,touchend,0,0,1645037539422
42256654,touchdown,256,170,1645037539703
42256654,touchmove,262,176,1645037539730
42256654,touchmove,262,178,1645037539744
42256654,touchmove,262,180,1645037539752
42256654,touchmove,262,182,1645037539760
42256654,touchmove,262,183,1645037539769
42256654,touchmove,262,184,1645037539785
42256654,touchmove,262,182,1645037539813
42256654,touchmove,262,181,1645037539827
42256654,touchmove,262,179,1645037539835
42256654,touchmove,262,177,1645037539844
42256654,touchmove,262,176,1645037539852
42256654,touchmove,262,173,1645037539860
42256654,touchmove,262,171,1645037539869
42256654,touchmove,264,169,1645037539877
42256654,touchmove,265,167,1645037539885
42256654,touchmove,267,167,1645037539894
42256654,touchend,0,0,1645037539897
42256655,touchdown,402,147,1645037540236
42256655,touchmove,409,153,1645037540255
42256655,touchmove,410,158,1645037540269
42256655,touchmove,411,162,1645037540277
42256655,touchmove,411,165,1645037540286
42256655,touchmove,411,166,1645037540294
42256655,touchmove,411,167,1645037540302
42256655,touchmove,411,166,1645037540339
42256655,touchmove,411,165,1645037540352
42256655,touchmove,411,164,1645037540361
42256655,touchmove,411,163,1645037540369
42256655,touchmove,411,161,1645037540377
42256655,touchmove,411,159,1645037540386
42256655,touchmove,411,157,1645037540394
42256655,touchmove,411,154,1645037540402
42256655,touchmove,411,151,1645037540411
42256655,touchmove,411,147,1645037540419
42256655,touchmove,411,143,1645037540427
42256655,touchend,0,0,1645037540431
42256656,touchdown,531,168,1645037540811
42256656,touchmove,534,175,1645037540831
42256656,touchmove,534,179,1645037540844
42256656,touchmove,535,182,1645037540852
42256656,touchmove,536,184,1645037540861
42256656,touchmove,537,184,1645037540878
42256656,touchmove,538,182,1645037540894
42256656,touchmove,538,181,1645037540903
42256656,touchmove,539,179,1645037540911
42256656,touchmove,540,177,1645037540919
42256656,touchmove,540,174,1645037540927
42256656,touchmove,541,172,1645037540936
42256656,touchmove,541,169,1645037540944
42256656,touchmove,541,167,1645037540953
42256656,touchend,0,0,1645037540956
42256657,touchdown,668,155,1645037541285
42256657,touchmove,672,161,1645037541306
42256657,touchmove,672,166,1645037541319
42256657,touchmove,672,170,1645037541328
42256657,touchmove,672,172,1645037541336
42256657,touchmove,672,173,1645037541344
42256657,touchmove,672,172,1645037541364
42256657,touchmove,672,171,1645037541378
42256657,touchmove,672,168,1645037541386
42256657,touchmove,672,166,1645037541395
42256657,touchmove,672,163,1645037541403
42256657,touchmove,672,159,1645037541411
42256657,touchmove,672,155,1645037541420
42256657,touchmove,672,151,1645037541428
42256657,touchmove,672,147,1645037541436
42256657,touchend,0,0,1645037541440
42256658,touchdown,796,154,1645037541754
42256658,touchmove,796,160,1645037541773
42256658,touchmove,796,165,1645037541786
42256658,touchmove,796,168,1645037541795
42256658,touchmove,796,171,1645037541803
42256658,touchmove,796,172,1645037541811
42256658,touchmove,797,171,1645037541836
42256658,touchmove,797,168,1645037541845
42256658,touchmove,798,166,1645037541853
42256658,touchmove,798,163,1645037541861
42256658,touchmove,798,161,1645037541870
42256658,touchmove,799,158,1645037541878
42256658,touchmove,799,155,1645037541887
42256658,touchmove,800,153,1645037541895
42256658,touchmove,800,152,1645037541903
42256658,touchend,0,0,1645037541906
42256659,touchdown,927,158,1645037542229
42256659,touchmove,928,165,1645037542248
42256659,touchmove,928,169,1645037542261
42256659,touchmove,928,173,1645037542270
42256659,touchmove,927,175,1645037542278
42256659,touchmove,927,176,1645037542287
42256659,touchmove,927,175,1645037542328
42256659,touchmove,927,173,1645037542337
42256659,touchmove,927,171,1645037542345
42256659,touchmove,927,170,1645037542353
42256659,touchmove,927,167,1645037542362
42256659,touchmove,927,165,1645037542370
42256659,touchmove,927,162,1645037542379
42256659,touchmove,927,158,1645037542387
42256659,touchmove,927,154,1645037542395
42256659,touchmove,926,150,1645037542403
42256659,touchmove,925,147,1645037542412
42256659,touchend,0,0,1645037542415
42256660,touchdown,923,38,1645037542706
42256660,touchmove,920,49,1645037542732
42256660,touchmove,920,53,1645037542745
42256660,touchmove,920,55,1645037542753
42256660,touchmove,920,57,1645037542762
42256660,touchmove,920,58,1645037542770
42256660,touchmove,920,57,1645037542798
42256660,touchmove,920,56,1645037542812
42256660,touchmove,920,54,1645037542820
42256660,touchmove,920,52,1645037542829
42256660,touchmove,920,50,1645037542837
42256660,touchmove,920,48,1645037542845
42256660,touchmove,920,46,1645037542854
42256660,touchmove,920,43,1645037542862
42256660,touchmove,917,41,1645037542870
42256660,touchmove,911,39,1645037542879
42256660,touchmove,903,36,1645037542887
42256660,touchend,0,0,1645037542891
42256661,touchdown,776,35,1645037543121
42256661,touchmove,776,42,1645037543157
42256661,touchmove,776,45,1645037543171
42256661,touchmove,776,51,1645037543187
42256661,touchmove,776,52,1645037543196
42256661,touchmove,776,53,1645037543204
42256661,touchmove,776,48,1645037543179
42256661,touchmove,776,52,1645037543254
42256661,touchmove,776,50,1645037543262
42256661,touchmove,776,48,1645037543271
42256661,touchmove,776,46,1645037543279
42256661,touchmove,776,44,1645037543287
42256661,touchmove,776,41,1645037543296
42256661,touchmove,776,37,1645037543304
42256661,touchmove,776,32,1645037543312
42256661,touchmove,774,28,1645037543321
42256661,touchmove,770,25,1645037543329
42256661,touchend,0,0,1645037543333
42256662,touchdown,648,27,1645037543646
42256662,touchmove,651,33,1645037543683
42256662,touchmove,651,36,1645037543696
42256662,touchmove,651,41,1645037543712
42256662,touchmove,651,43,1645037543721
42256662,touchmove,651,40,1645037543704
42256662,touchmove,651,41,1645037543771
42256662,touchmove,651,39,1645037543779
42256662,touchmove,651,38,1645037543788
42256662,touchmove,651,35,1645037543796
42256662,touchmove,651,32,1645037543804
42256662,touchmove,650,29,1645037543813
42256662,touchmove,647,26,1645037543821
42256662,touchmove,642,22,1645037543829
42256662,touchmove,637,21,1645037543838
42256662,touchend,0,0,1645037543841
42256663,touchdown,531,33,1645037544172
42256663,touchmove,534,42,1645037544191
42256663,touchmove,534,46,1645037544204
42256663,touchmove,534,49,1645037544271
42256663,touchmove,534,49,1645037544213
42256663,touchmove,534,51,1645037544258
42256663,touchmove,534,51,1645037544221
42256663,touchmove,534,52,1645037544229
42256663,touchmove,534,47,1645037544280
42256663,touchmove,534,45,1645037544288
42256663,touchmove,534,43,1645037544296
42256663,touchmove,534,40,1645037544305
42256663,touchmove,534,36,1645037544313
42256663,touchmove,534,33,1645037544321
42256663,touchmove,533,30,1645037544330
42256663,touchmove,532,27,1645037544338
42256663,touchend,0,0,1645037544342
42256664,touchdown,400,31,1645037544697
42256664,touchmove,405,40,1645037544730
42256664,touchmove,405,44,1645037544738
42256664,touchmove,405,46,1645037544746
42256664,touchmove,406,47,1645037544755
42256664,touchmove,406,48,1645037544763
42256664,touchmove,406,47,1645037544791
42256664,touchmove,406,45,1645037544805
42256664,touchmove,406,44,1645037544813
42256664,touchmove,406,41,1645037544822
42256664,touchmove,406,39,1645037544830
42256664,touchmove,405,36,1645037544838
42256664,touchmove,404,33,1645037544847
42256664,touchmove,403,29,1645037544855
42256664,touchmove,402,26,1645037544863
42256664,touchmove,399,24,1645037544872
42256664,touchend,0,0,1645037544875
42256665,touchdown,273,24,1645037545206
42256665,touchmove,278,31,1645037545225
42256665,touchmove,278,35,1645037545238
42256665,touchmove,279,38,1645037545247
42256665,touchmove,279,40,1645037545255
42256665,touchmove,279,41,1645037545263
42256665,touchmove,280,41,1645037545272
42256665,touchmove,280,39,1645037545314
42256665,touchmove,280,38,1645037545322
42256665,touchmove,280,36,1645037545330
42256665,touchmove,279,33,1645037545338
42256665,touchmove,279,30,1645037545347
42256665,touchmove,278,27,1645037545355
42256665,touchmove,272,21,1645037545380
42256665,touchmove,276,24,1645037545363
42256665,touchmove,275,22,1645037545372
42256665,touchend,0,0,1645037545384
42256666,touchdown,273,156,1645037545723
42256666,touchmove,278,166,1645037545742
42256666,touchmove,279,170,1645037545755
42256666,touchmove,280,174,1645037545763
42256666,touchmove,280,176,1645037545772
42256666,touchmove,281,177,1645037545780
42256666,touchmove,281,178,1645037545789
42256666,touchmove,281,177,1645037545825
42256666,touchmove,281,176,1645037545839
42256666,touchmove,281,174,1645037545847
42256666,touchmove,281,170,1645037545864
42256666,touchmove,281,172,1645037545855
42256666,touchmove,280,167,1645037545872
42256666,touchmove,279,163,1645037545880
42256666,touchmove,278,159,1645037545889
42256666,touchmove,277,156,1645037545897
42256666,touchmove,277,153,1645037545905
42256666,touchend,0,0,1645037545909
42256667,touchdown,416,149,1645037546249
42256667,touchmove,422,156,1645037546267
42256667,touchmove,422,161,1645037546280
42256667,touchmove,422,164,1645037546289
42256667,touchmove,422,166,1645037546297
42256667,touchmove,422,167,1645037546306
42256667,touchmove,422,168,1645037546314
42256667,touchmove,422,167,1645037546342
42256667,touchmove,422,165,1645037546356
42256667,touchmove,422,163,1645037546364
42256667,touchmove,422,160,1645037546372
42256667,touchmove,422,156,1645037546381
42256667,touchmove,422,153,1645037546389
42256667,touchmove,423,147,1645037546406
42256667,touchmove,422,150,1645037546397
42256667,touchend,0,0,1645037546410
42256668,touchdown,543,155,1645037546757
42256668,touchmove,544,165,1645037546801
42256668,touchmove,544,169,1645037546814
42256668,touchmove,544,172,1645037546823
42256668,touchmove,544,173,1645037546831
42256668,touchmove,544,174,1645037546839
42256668,touchmove,544,173,1645037546859
42256668,touchmove,544,172,1645037546873
42256668,touchmove,544,169,1645037546881
42256668,touchmove,544,166,1645037546889
42256668,touchmove,544,163,1645037546898
42256668,touchmove,544,159,1645037546906
42256668,touchmove,545,156,1645037546914
42256668,touchmove,548,154,1645037546923
42256668,touchend,0,0,1645037546926
42256669,touchdown,668,162,1645037547282
42256669,touchmove,668,171,1645037547310
42256669,touchmove,668,174,1645037547323
42256669,touchmove,668,176,1645037547331
42256669,touchmove,668,177,1645037547340
42256669,touchmove,669,175,1645037547373
42256669,touchmove,669,177,1645037547360
42256669,touchmove,669,172,1645037547381
42256669,touchmove,670,169,1645037547390
42256669,touchmove,670,166,1645037547398
42256669,touchmove,672,163,1645037547406
42256669,touchmove,674,161,1645037547415
42256669,touchmove,676,160,1645037547423
42256669,touchend,0,0,1645037547426
42256670,touchdown,794,154,1645037547732
42256670,touchmove,796,163,1645037547769
42256670,touchmove,796,167,1645037547781
42256670,touchmove,796,170,1645037547790
42256670,touchmove,796,172,1645037547798
42256670,touchmove,796,173,1645037547807
42256670,touchmove,796,172,1645037547835
42256670,touchmove,796,170,1645037547849
42256670,touchmove,796,167,1645037547857
42256670,touchmove,796,165,1645037547865
42256670,touchmove,796,161,1645037547873
42256670,touchmove,796,158,1645037547882
42256670,touchmove,796,156,1645037547890
42256670,touchmove,797,154,1645037547898
42256670,touchend,0,0,1645037547902
42256671,touchdown,929,155,1645037548258
42256671,touchmove,931,163,1645037548277
42256671,touchmove,931,168,1645037548290
42256671,touchmove,931,172,1645037548299
42256671,touchmove,931,175,1645037548307
42256671,touchmove,931,176,1645037548315
42256671,touchmove,931,177,1645037548324
42256671,touchmove,931,176,1645037548352
42256671,touchmove,931,175,1645037548365
42256671,touchmove,931,173,1645037548374
42256671,touchmove,931,168,1645037548390
42256671,touchmove,931,171,1645037548382
42256671,touchmove,932,166,1645037548399
42256671,touchmove,934,162,1645037548415
42256671,touchmove,933,164,1645037548407
42256671,touchmove,935,161,1645037548424
42256671,touchend,0,0,1645037548435
42256672,touchdown,934,289,1645037548808
42256672,touchmove,937,299,1645037548844
42256672,touchmove,937,302,1645037548857
42256672,touchmove,937,304,1645037548865
42256672,touchmove,937,302,1645037548907
42256672,touchmove,937,299,1645037548916
42256672,touchmove,937,296,1645037548924
42256672,touchmove,936,293,1645037548932
42256672,touchmove,936,290,1645037548941
42256672,touchmove,935,287,1645037548949
42256672,touchmove,933,285,1645037548957
42256672,touchend,0,0,1645037548961
42256673,touchdown,805,282,1645037549234
42256673,touchmove,807,288,1645037549261
42256673,touchmove,807,292,1645037549274
42256673,touchmove,807,295,1645037549282
42256673,touchmove,807,297,1645037549291
42256673,touchmove,807,298,1645037549299
42256673,touchmove,807,299,1645037549307
42256673,touchmove,806,299,1645037549324
42256673,touchmove,806,298,1645037549349
42256673,touchmove,806,297,1645037549357
42256673,touchmove,805,295,1645037549366
42256673,touchmove,805,294,1645037549374
42256673,touchmove,805,293,1645037549383
42256673,touchmove,805,291,1645037549391
42256673,touchmove,804,289,1645037549399
42256673,touchmove,804,286,1645037549407
42256673,touchmove,803,281,1645037549416
42256673,touchmove,802,276,1645037549424
42256673,touchmove,800,271,1645037549433
42256673,touchend,0,0,1645037549437
42256674,touchdown,652,289,1645037549725
42256674,touchmove,656,294,1645037549753
42256674,touchmove,656,299,1645037549766
42256674,touchmove,656,302,1645037549774
42256674,touchmove,656,303,1645037549783
42256674,touchmove,657,304,1645037549791
42256674,touchmove,657,305,1645037549799
42256674,touchmove,657,304,1645037549819
42256674,touchmove,657,303,1645037549833
42256674,touchmove,657,301,1645037549841
42256674,touchmove,657,299,1645037549849
42256674,touchmove,657,296,1645037549858
42256674,touchmove,656,293,1645037549866
42256674,touchmove,655,289,1645037549874
42256674,touchmove,652,286,1645037549883
42256674,touchmove,648,284,1645037549891
42256674,touchend,0,0,1645037549895
42256675,touchdown,532,289,1645037550242
42256675,touchmove,535,295,1645037550269
42256675,touchmove,535,299,1645037550283
42256675,touchmove,535,302,1645037550291
42256675,touchmove,536,304,1645037550299
42256675,touchmove,536,305,1645037550308
42256675,touchmove,536,304,1645037550336
42256675,touchmove,536,303,1645037550350
42256675,touchmove,536,302,1645037550358
42256675,touchmove,536,300,1645037550366
42256675,touchmove,536,298,1645037550375
42256675,touchmove,535,296,1645037550383
42256675,touchmove,535,293,1645037550391
42256675,touchmove,534,289,1645037550400
42256675,touchmove,533,285,1645037550408
42256675,touchmove,531,282,1645037550416
42256675,touchend,0,0,1645037550420
42256676,touchdown,401,280,1645037550784
42256676,touchmove,407,285,1645037550803
42256676,touchmove,407,289,1645037550816
42256676,touchmove,407,293,1645037550825
42256676,touchmove,407,295,1645037550833
42256676,touchmove,408,296,1645037550841
42256676,touchmove,408,295,1645037550870
42256676,touchmove,408,293,1645037550883
42256676,touchmove,408,291,1645037550892
42256676,touchmove,407,289,1645037550900
42256676,touchmove,407,286,1645037550908
42256676,touchmove,406,283,1645037550917
42256676,touchmove,404,279,1645037550925
42256676,touchmove,398,274,1645037550942
42256676,touchmove,402,276,1645037550933
42256676,touchend,0,0,1645037550946
42256677,touchdown,263,285,1645037551284
42256677,touchmove,268,293,1645037551317
42256677,touchmove,268,296,1645037551325
42256677,touchmove,269,298,1645037551334
42256677,touchmove,269,296,1645037551375
42256677,touchmove,269,294,1645037551384
42256677,touchmove,269,291,1645037551392
42256677,touchmove,269,289,1645037551400
42256677,touchmove,269,287,1645037551409
42256677,touchmove,268,285,1645037551417
42256677,touchmove,267,283,1645037551425
42256677,touchmove,266,283,1645037551434
42256677,touchend,0,0,1645037551437
42256678,touchdown,256,404,1645037551743
42256678,touchmove,264,407,1645037551762
42256678,touchmove,265,411,1645037551775
42256678,touchmove,266,415,1645037551784
42256678,touchmove,267,417,1645037551792
42256678,touchmove,267,418,1645037551801
42256678,touchmove,267,419,1645037551809
42256678,touchmove,267,420,1645037551817
42256678,touchmove,267,419,1645037551854
42256678,touchmove,267,417,1645037551867
42256678,touchmove,267,416,1645037551876
42256678,touchmove,266,413,1645037551884
42256678,touchmove,265,410,1645037551892
42256678,touchmove,264,406,1645037551901
42256678,touchmove,263,403,1645037551909
42256678,touchmove,263,400,1645037551917
42256678,touchend,0,0,1645037551921
42256679,touchdown,406,416,1645037552268
42256679,touchmove,411,425,1645037552287
42256679,touchmove,411,429,1645037552301
42256679,touchmove,412,432,1645037552309
42256679,touchmove,412,434,1645037552317
42256679,touchmove,412,435,1645037552326
42256679,touchmove,412,436,1645037552334
42256679,touchmove,413,436,1645037552343
42256679,touchmove,413,435,1645037552371
42256679,touchmove,413,434,1645037552384
42256679,touchmove,413,433,1645037552393
42256679,touchmove,413,431,1645037552401
42256679,touchmove,412,428,1645037552409
42256679,touchmove,412,425,1645037552418
42256679,touchmove,411,421,1645037552426
42256679,touchmove,411,418,1645037552434
42256679,touchmove,412,415,1645037552443
42256679,touchend,0,0,1645037552446
