42256680,touchdown,257,48,1645037708905
42256680,touchmove,266,54,1645037709045
42256680,touchmove,271,53,1645037709058
42256680,touchmove,276,52,1645037709067
42256680,touchmove,280,51,1645037709075
42256680,touchmove,286,49,1645037709083
42256680,touchmove,293,47,1645037709092
42256680,touchmove,302,45,1645037709100
42256680,touchmove,311,44,1645037709108
42256680,touchmove,318,42,1645037709117
42256680,touchmove,327,41,1645037709125
42256680,touchmove,335,40,1645037709133
42256680,touchmove,344,39,1645037709142
42256680,touchmove,353,39,1645037709150
42256680,touchmove,362,38,1645037709158
42256680,touchmove,371,38,1645037709167
42256680,touchmove,381,37,1645037709175
42256680,touchmove,390,37,1645037709183
42256680,touchmove,398,36,1645037709192
42256680,touchmove,406,36,1645037709200
42256680,touchmove,416,36,1645037709208
42256680,touchmove,428,36,1645037709217
42256680,touchmove,442,36,1645037709225
42256680,touchmove,454,36,1645037709233
42256680,touchmove,467,35,1645037709242
42256680,touchmove,479,35,1645037709250
42256680,touchmove,493,35,1645037709258
42256680,touchmove,507,34,1645037709267
42256680,touchmove,521,34,1645037709275
42256680,touchmove,533,34,1645037709283
42256680,touchmove,545,33,1645037709292
42256680,touchmove,561,33,1645037709300
42256680,touchmove,580,33,1645037709308
42256680,touchmove,598,33,1645037709317
42256680,touchmove,613,33,1645037709325
42256680,touchmove,627,33,1645037709333
42256680,touchmove,643,33,1645037709342
42256680,touchmove,658,33,1645037709350
42256680,touchmove,671,33,1645037709358
42256680,touchmove,686,33,1645037709367
42256680,touchmove,704,33,1645037709375
42256680,touchmove,723,33,1645037709383
42256680,touchmove,738,33,1645037709392
42256680,touchmove,751,33,1645037709400
42256680,touchmove,764,33,1645037709408
42256680,touchmove,777,33,1645037709417
42256680,touchmove,787,33,1645037709425
42256680,touchmove,794,33,1645037709433
42256680,touchmove,802,33,1645037709442
42256680,touchmove,812,33,1645037709450
42256680,touchmove,826,33,1645037709458
42256680,touchmove,839,34,1645037709467
42256680,touchmove,847,34,1645037709475
42256680,touchmove,853,34,1645037709483
42256680,touchmove,858,35,1645037709492
42256680,touchmove,864,35,1645037709500
42256680,touchmove,867,35,1645037709508
42256680,touchmove,868,36,1645037709517
42256680,touchmove,868,37,1645037709571
42256680,touchmove,868,38,1645037709584
42256680,touchmove,865,39,1645037709600
42256680,touchmove,859,39,1645037709609
42256680,touchend,0,0,1645037709613
42256681,touchdown,282,171,1645037710268
42256681,touchmove,288,167,1645037710354
42256681,touchmove,294,167,1645037710367
42256681,touchmove,300,167,1645037710376
42256681,touchmove,306,167,1645037710384
42256681,touchmove,312,167,1645037710392
42256681,touchmove,319,168,1645037710401
42256681,touchmove,326,168,1645037710409
42256681,touchmove,333,168,1645037710417
42256681,touchmove,340,168,1645037710426
42256681,touchmove,346,169,1645037710434
42256681,touchmove,353,169,1645037710442
42256681,touchmove,360,170,1645037710451
42256681,touchmove,368,170,1645037710459
42256681,touchmove,375,170,1645037710467
42256681,touchmove,384,170,1645037710476
42256681,touchmove,392,170,1645037710484
42256681,touchmove,400,170,1645037710492
42256681,touchmove,408,170,1645037710501
42256681,touchmove,417,170,1645037710509
42256681,touchmove,427,170,1645037710517
42256681,touchmove,438,170,1645037710526
42256681,touchmove,449,170,1645037710534
42256681,touchmove,459,170,1645037710542
42256681,touchmove,470,170,1645037710551
42256681,touchmove,481,170,1645037710559
42256681,touchmove,493,170,1645037710567
42256681,touchmove,506,170,1645037710576
42256681,touchmove,517,170,1645037710584
42256681,touchmove,530,170,1645037710593
42256681,touchmove,542,170,1645037710601
42256681,touchmove,554,170,1645037710609
42256681,touchmove,568,169,1645037710617
42256681,touchmove,583,169,1645037710626
42256681,touchmove,597,168,1645037710634
42256681,touchmove,611,168,1645037710642
42256681,touchmove,625,168,1645037710651
42256681,touchmove,638,167,1645037710659
42256681,touchmove,651,167,1645037710668
42256681,touchmove,664,166,1645037710676
42256681,touchmove,675,166,1645037710684
42256681,touchmove,688,165,1645037710692
42256681,touchmove,702,165,1645037710701
42256681,touchmove,715,165,1645037710709
42256681,touchmove,727,165,1645037710718
42256681,touchmove,738,165,1645037710726
42256681,touchmove,748,165,1645037710734
42256681,touchmove,757,165,1645037710743
42256681,touchmove,765,165,1645037710751
42256681,touchmove,771,165,1645037710759
42256681,touchmove,776,165,1645037710768
42256681,touchmove,780,165,1645037710776
42256681,touchmove,782,165,1645037710784
42256681,touchmove,783,165,1645037710801
42256681,touchmove,783,164,1645037710818
42256681,touchmove,783,163,1645037710834
42256681,touchmove,785,163,1645037710859
42256681,touchmove,786,163,1645037710868
42256681,touchend,0,0,1645037710871
42256682,touchdown,210,323,1645037711452
42256682,touchmove,214,323,1645037711488
42256682,touchmove,218,323,1645037711501
42256682,touchmove,223,322,1645037711510
42256682,touchmove,229,321,1645037711518
42256682,touchmove,234,321,1645037711526
42256682,touchmove,241,320,1645037711535
42256682,touchmove,248,320,1645037711543
42256682,touchmove,255,320,1645037711551
42256682,touchmove,263,320,1645037711560
42256682,touchmove,271,320,1645037711568
42256682,touchmove,279,320,1645037711576
42256682,touchmove,288,320,1645037711585
42256682,touchmove,297,320,1645037711593
42256682,touchmove,306,320,1645037711602
42256682,touchmove,317,320,1645037711610
42256682,touchmove,327,320,1645037711618
42256682,touchmove,338,320,1645037711626
42256682,touchmove,350,320,1645037711635
42256682,touchmove,362,320,1645037711643
42256682,touchmove,375,320,1645037711651
42256682,touchmove,389,320,1645037711660
42256682,touchmove,403,320,1645037711668
42256682,touchmove,417,319,1645037711676
42256682,touchmove,434,319,1645037711685
42256682,touchmove,449,318,1645037711693
42256682,touchmove,465,318,1645037711701
42256682,touchmove,482,317,1645037711710
42256682,touchmove,498,317,1645037711718
42256682,touchmove,515,316,1645037711726
42256682,touchmove,533,315,1645037711735
42256682,touchmove,550,314,1645037711743
42256682,touchmove,568,313,1645037711751
42256682,touchmove,586,313,1645037711760
42256682,touchmove,605,312,1645037711768
42256682,touchmove,624,312,1645037711777
42256682,touchmove,644,312,1645037711785
42256682,touchmove,662,311,1645037711793
42256682,touchmove,681,311,1645037711801
42256682,touchmove,700,311,1645037711810
42256682,touchmove,718,310,1645037711818
42256682,touchmove,736,310,1645037711827
42256682,touchmove,754,310,1645037711835
42256682,touchmove,770,309,1645037711843
42256682,touchmove,787,309,1645037711852
42256682,touchmove,803,309,1645037711860
42256682,touchmove,819,309,1645037711868
42256682,touchmove,836,309,1645037711877
42256682,touchmove,853,309,1645037711885
42256682,touchmove,869,309,1645037711893
42256682,touchmove,885,309,1645037711902
42256682,touchmove,900,309,1645037711910
42256682,touchmove,913,310,1645037711918
42256682,touchmove,926,310,1645037711927
42256682,touchmove,937,311,1645037711935
42256682,touchmove,946,311,1645037711943
42256682,touchmove,956,312,1645037711952
42256682,touchmove,964,312,1645037711960
42256682,touchmove,971,313,1645037711968
42256682,touchmove,973,313,1645037711977
42256682,touchmove,974,313,1645037712013
42256682,touchmove,974,315,1645037712027
42256682,touchend,0,0,1645037712030
42256683,touchdown,261,455,1645037712493
42256683,touchmove,268,451,1645037712513
42256683,touchmove,271,450,1645037712527
42256683,touchmove,276,449,1645037712535
42256683,touchmove,281,448,1645037712543
42256683,touchmove,288,447,1645037712552
42256683,touchmove,295,446,1645037712560
42256683,touchmove,303,445,1645037712569
42256683,touchmove,312,444,1645037712577
42256683,touchmove,321,444,1645037712585
42256683,touchmove,330,443,1645037712594
42256683,touchmove,341,442,1645037712602
42256683,touchmove,350,442,1645037712610
42256683,touchmove,360,441,1645037712619
42256683,touchmove,371,441,1645037712627
42256683,touchmove,382,440,1645037712635
42256683,touchmove,393,439,1645037712644
42256683,touchmove,404,439,1645037712652
42256683,touchmove,414,438,1645037712660
42256683,touchmove,425,438,1645037712669
42256683,touchmove,436,437,1645037712677
42256683,touchmove,445,437,1645037712685
42256683,touchmove,454,437,1645037712694
42256683,touchmove,462,437,1645037712702
42256683,touchmove,469,437,1645037712710
42256683,touchmove,476,437,1645037712719
42256683,touchmove,481,437,1645037712727
42256683,touchmove,484,437,1645037712735
42256683,touchmove,488,437,1645037712744
42256683,touchmove,490,437,1645037712752
42256683,touchmove,492,437,1645037712760
42256683,touchmove,494,437,1645037712769
42256683,touchmove,496,436,1645037712777
42256683,touchmove,498,436,1645037712785
42256683,touchmove,500,436,1645037712794
42256683,touchmove,502,436,1645037712802
42256683,touchend,0,0,1645037712806
42256684,touchdown,259,565,1645037713179
42256684,touchmove,264,566,1645037713222
42256684,touchmove,268,566,1645037713236
42256684,touchmove,272,566,1645037713244
42256684,touchmove,276,566,1645037713252
42256684,touchmove,282,566,1645037713261
42256684,touchmove,288,566,1645037713269
42256684,touchmove,293,566,1645037713277
42256684,touchmove,300,566,1645037713286
42256684,touchmove,307,566,1645037713294
42256684,touchmove,314,566,1645037713302
42256684,touchmove,322,566,1645037713311
42256684,touchmove,330,565,1645037713319
42256684,touchmove,338,565,1645037713327
42256684,touchmove,387,562,1645037713369
42256684,touchmove,348,564,1645037713336
42256684,touchmove,357,564,1645037713344
42256684,touchmove,377,562,1645037713361
42256684,touchmove,366,563,1645037713352
42256684,touchmove,398,561,1645037713377
42256684,touchmove,410,560,1645037713386
42256684,touchmove,421,559,1645037713394
42256684,touchmove,434,558,1645037713402
42256684,touchmove,447,557,1645037713411
42256684,touchmove,460,556,1645037713419
42256684,touchmove,474,556,1645037713427
42256684,touchmove,501,554,1645037713444
42256684,touchmove,488,555,1645037713436
42256684,touchmove,515,553,1645037713453
42256684,touchmove,529,552,1645037713461
42256684,touchmove,541,552,1645037713469
42256684,touchmove,556,551,1645037713477
42256684,touchmove,571,550,1645037713486
42256684,touchmove,586,549,1645037713494
42256684,touchmove,601,549,1645037713502
42256684,touchmove,616,549,1645037713511
42256684,touchmove,630,548,1645037713519
42256684,touchmove,644,548,1645037713527
42256684,touchmove,658,548,1645037713536
42256684,touchmove,670,548,1645037713544
42256684,touchmove,682,548,1645037713553
42256684,touchmove,695,548,1645037713561
42256684,touchmove,706,548,1645037713569
42256684,touchmove,717,548,1645037713577
42256684,touchmove,726,548,1645037713586
42256684,touchmove,734,549,1645037713594
42256684,touchmove,740,549,1645037713603
42256684,touchmove,746,549,1645037713611
42256684,touchmove,750,549,1645037713619
42256684,touchmove,752,549,1645037713628
42256684,touchmove,755,549,1645037713636
42256684,touchmove,756,549,1645037713644
42256684,touchmove,758,550,1645037713653
42256684,touchmove,759,550,1645037713661
42256684,touchmove,760,550,1645037713669
42256684,touchmove,761,550,1645037713678
42256684,touchmove,762,550,1645037713686
42256684,touchend,0,0,1645037713698
42256685,touchdown,261,413,1645037714212
42256685,touchmove,269,412,1645037714240
42256685,touchmove,273,412,1645037714253
42256685,touchmove,279,411,1645037714261
42256685,touchmove,286,411,1645037714269
42256685,touchmove,296,411,1645037714278
42256685,touchmove,305,410,1645037714286
42256685,touchmove,316,410,1645037714294
42256685,touchmove,327,410,1645037714303
42256685,touchmove,337,410,1645037714311
42256685,touchmove,349,410,1645037714320
42256685,touchmove,362,410,1645037714328
42256685,touchmove,374,411,1645037714336
42256685,touchmove,387,411,1645037714345
42256685,touchmove,400,412,1645037714353
42256685,touchmove,414,413,1645037714361
42256685,touchmove,428,414,1645037714370
42256685,touchmove,444,415,1645037714378
42256685,touchmove,459,416,1645037714386
42256685,touchmove,475,417,1645037714395
42256685,touchmove,490,418,1645037714403
42256685,touchmove,506,420,1645037714411
42256685,touchmove,523,421,1645037714420
42256685,touchmove,538,422,1645037714428
42256685,touchmove,555,423,1645037714436
42256685,touchmove,573,423,1645037714445
42256685,touchmove,591,423,1645037714453
42256685,touchmove,610,424,1645037714461
42256685,touchmove,629,425,1645037714470
42256685,touchmove,648,425,1645037714478
42256685,touchmove,665,426,1645037714486
42256685,touchmove,684,427,1645037714495
42256685,touchmove,701,427,1645037714503
42256685,touchmove,718,428,1645037714511
42256685,touchmove,735,429,1645037714520
42256685,touchmove,750,429,1645037714528
42256685,touchmove,763,430,1645037714536
42256685,touchmove,777,430,1645037714545
42256685,touchmove,788,430,1645037714553
42256685,touchmove,797,430,1645037714561
42256685,touchmove,806,430,1645037714570
42256685,touchmove,815,430,1645037714578
42256685,touchmove,824,430,1645037714586
42256685,touchmove,833,431,1645037714595
42256685,touchmove,840,431,1645037714603
42256685,touchmove,845,431,1645037714611
42256685,touchmove,848,431,1645037714620
42256685,touchmove,850,431,1645037714628
42256685,touchmove,851,431,1645037714637
42256685,touchend,0,0,1645037714665
42256686,touchdown,290,368,1645037715153
42256686,touchmove,297,369,1645037715163
42256686,touchmove,305,369,1645037715173
42256686,touchmove,314,369,1645037715178
42256686,touchmove,325,369,1645037715187
42256686,touchmove,336,369,1645037715195
42256686,touchmove,349,369,1645037715203
42256686,touchmove,363,369,1645037715212
42256686,touchmove,376,370,1645037715220
42256686,touchmove,391,371,1645037715228
42256686,touchmove,407,371,1645037715237
42256686,touchmove,423,372,1645037715245
42256686,touchmove,440,373,1645037715253
42256686,touchmove,458,373,1645037715262
42256686,touchmove,476,374,1645037715270
42256686,touchmove,494,374,1645037715278
42256686,touchmove,513,375,1645037715287
42256686,touchmove,531,375,1645037715295
42256686,touchmove,550,376,1645037715304
42256686,touchmove,571,376,1645037715312
42256686,touchmove,590,377,1645037715320
42256686,touchmove,610,377,1645037715329
42256686,touchmove,630,377,1645037715337
42256686,touchmove,649,378,1645037715345
42256686,touchmove,669,378,1645037715353
42256686,touchmove,689,379,1645037715362
42256686,touchmove,707,379,1645037715370
42256686,touchmove,725,379,1645037715379
42256686,touchmove,743,379,1645037715387
42256686,touchmove,759,380,1645037715395
42256686,touchmove,775,380,1645037715404
42256686,touchmove,790,381,1645037715412
42256686,touchmove,803,381,1645037715420
42256686,touchmove,816,381,1645037715429
42256686,touchmove,827,381,1645037715437
42256686,touchmove,836,381,1645037715445
42256686,touchmove,844,381,1645037715453
42256686,touchmove,850,381,1645037715462
42256686,touchmove,854,381,1645037715470
42256686,touchmove,855,381,1645037715479
42256686,touchmove,856,381,1645037715487
42256686,touchmove,857,381,1645037715504
42256686,touchmove,858,381,1645037715520
42256686,touchmove,858,382,1645037715537
42256686,touchmove,858,383,1645037715545
42256686,touchmove,855,384,1645037715554
42256686,touchend,0,0,1645037715557
42256687,touchdown,248,507,1645037715955
42256687,touchmove,253,510,1645037716016
42256687,touchmove,258,510,1645037716029
42256687,touchmove,266,510,1645037716037
42256687,touchmove,274,509,1645037716046
42256687,touchmove,285,509,1645037716054
42256687,touchmove,295,507,1645037716062
42256687,touchmove,306,507,1645037716071
42256687,touchmove,318,506,1645037716079
42256687,touchmove,329,506,1645037716087
42256687,touchmove,341,505,1645037716096
42256687,touchmove,354,504,1645037716104
42256687,touchmove,367,503,1645037716112
42256687,touchmove,381,502,1645037716121
42256687,touchmove,394,502,1645037716129
42256687,touchmove,409,500,1645037716137
42256687,touchmove,425,499,1645037716146
42256687,touchmove,440,498,1645037716154
42256687,touchmove,455,496,1645037716162
42256687,touchmove,472,495,1645037716171
42256687,touchmove,487,494,1645037716179
42256687,touchmove,503,493,1645037716187
42256687,touchmove,521,492,1645037716196
42256687,touchmove,537,491,1645037716204
42256687,touchmove,553,490,1645037716212
42256687,touchmove,571,489,1645037716221
42256687,touchmove,588,488,1645037716229
42256687,touchmove,605,487,1645037716237
42256687,touchmove,622,487,1645037716246
42256687,touchmove,639,486,1645037716254
42256687,touchmove,657,486,1645037716262
42256687,touchmove,674,486,1645037716271
42256687,touchmove,690,485,1645037716279
42256687,touchmove,707,485,1645037716287
42256687,touchmove,724,484,1645037716296
42256687,touchmove,740,484,1645037716304
42256687,touchmove,755,484,1645037716312
42256687,touchmove,771,484,1645037716321
42256687,touchmove,786,484,1645037716329
42256687,touchmove,800,484,1645037716338
42256687,touchmove,814,484,1645037716346
42256687,touchmove,827,484,1645037716354
42256687,touchmove,838,484,1645037716362
42256687,touchmove,849,484,1645037716371
42256687,touchmove,859,484,1645037716379
42256687,touchmove,868,484,1645037716387
42256687,touchmove,876,483,1645037716396
42256687,touchmove,883,483,1645037716404
42256687,touchmove,889,483,1645037716412
42256687,touchmove,895,483,1645037716421
42256687,touchmove,900,482,1645037716429
42256687,touchmove,903,482,1645037716438
42256687,touchmove,907,482,1645037716446
42256687,touchmove,908,481,1645037716454
42256687,touchmove,908,480,1645037716471
42256687,touchmove,908,479,1645037716488
42256687,touchmove,908,478,1645037716496
42256687,touchmove,908,477,1645037716504
42256687,touchmove,908,476,1645037716513
42256687,touchmove,906,475,1645037716521
42256687,touchmove,901,473,1645037716529
42256687,touchmove,893,471,1645037716538
42256687,touchend,0,0,1645037716542
42256688,touchdown,271,342,1645037716972
42256688,touchmove,280,338,1645037717000
42256688,touchmove,285,338,1645037717013
42256688,touchmove,292,338,1645037717021
42256688,touchmove,300,338,1645037717030
42256688,touchmove,309,337,1645037717038
42256688,touchmove,318,337,1645037717046
42256688,touchmove,328,337,1645037717054
42256688,touchmove,340,337,1645037717063
42256688,touchmove,350,337,1645037717071
42256688,touchmove,362,337,1645037717080
42256688,touchmove,374,337,1645037717088
42256688,touchmove,387,337,1645037717096
42256688,touchmove,400,337,1645037717105
42256688,touchmove,414,337,1645037717113
42256688,touchmove,428,337,1645037717121
42256688,touchmove,443,337,1645037717129
42256688,touchmove,458,337,1645037717138
42256688,touchmove,473,337,1645037717146
42256688,touchmove,488,337,1645037717155
42256688,touchmove,504,337,1645037717163
42256688,touchmove,520,338,1645037717171
42256688,touchmove,536,338,1645037717180
42256688,touchmove,554,338,1645037717188
42256688,touchmove,571,339,1645037717196
42256688,touchmove,589,340,1645037717205
42256688,touchmove,609,340,1645037717213
42256688,touchmove,627,341,1645037717221
42256688,touchmove,645,342,1645037717230
42256688,touchmove,663,343,1645037717238
42256688,touchmove,681,344,1645037717246
42256688,touchmove,698,345,1645037717255
42256688,touchmove,716,347,1645037717263
42256688,touchmove,732,348,1645037717271
42256688,touchmove,747,349,1645037717280
42256688,touchmove,762,350,1645037717288
42256688,touchmove,776,352,1645037717296
42256688,touchmove,789,352,1645037717305
42256688,touchmove,800,353,1645037717313
42256688,touchmove,810,354,1645037717321
42256688,touchmove,819,355,1645037717330
42256688,touchmove,826,355,1645037717338
42256688,touchmove,832,355,1645037717346
42256688,touchmove,836,355,1645037717355
42256688,touchmove,839,355,1645037717363
42256688,touchmove,842,355,1645037717371
42256688,touchmove,844,355,1645037717380
42256688,touchmove,845,355,1645037717388
42256688,touchmove,844,354,1645037717405
42256688,touchend,0,0,1645037717408
42256689,touchmove,274,154,1645037717938
42256689,touchdown,268,154,1645037717922
42256689,touchmove,283,153,1645037717955
42256689,touchmove,278,153,1645037717947
42256689,touchmove,290,152,1645037717963
42256689,touchmove,298,152,1645037717972
42256689,touchmove,305,151,1645037717980
42256689,touchmove,314,151,1645037717988
42256689,touchmove,324,151,1645037717997
42256689,touchmove,333,151,1645037718005
42256689,touchmove,343,151,1645037718013
42256689,touchmove,354,152,1645037718022
42256689,touchmove,364,152,1645037718030
42256689,touchmove,386,153,1645037718047
42256689,touchmove,375,153,1645037718038
42256689,touchmove,397,153,1645037718055
42256689,touchmove,408,153,1645037718063
42256689,touchmove,421,154,1645037718072
42256689,touchmove,433,154,1645037718080
42256689,touchmove,446,155,1645037718089
42256689,touchmove,472,156,1645037718105
42256689,touchmove,460,156,1645037718097
42256689,touchmove,484,157,1645037718114
42256689,touchmove,497,157,1645037718122
42256689,touchmove,509,157,1645037718130
42256689,touchmove,519,157,1645037718139
42256689,touchmove,529,157,1645037718147
42256689,touchmove,538,157,1645037718155
42256689,touchmove,544,157,1645037718164
42256689,touchmove,550,157,1645037718172
42256689,touchmove,555,157,1645037718180
42256689,touchmove,559,157,1645037718188
42256689,touchmove,561,158,1645037718197
42256689,touchmove,562,158,1645037718205
42256689,touchmove,562,159,1645037718213
42256689,touchend,0,0,1645037718216
42256690,touchdown,260,51,1645037720849
42256690,touchmove,258,58,1645037720865
42256690,touchmove,257,63,1645037720873
42256690,touchmove,255,70,1645037720882
42256690,touchmove,253,77,1645037720890
42256690,touchmove,251,86,1645037720898
42256690,touchmove,250,97,1645037720907
42256690,touchmove,250,107,1645037720915
42256690,touchmove,250,119,1645037720924
42256690,touchmove,250,131,1645037720932
42256690,touchmove,250,144,1645037720940
42256690,touchmove,250,156,1645037720948
42256690,touchmove,251,170,1645037720957
42256690,touchmove,251,184,1645037720965
42256690,touchmove,251,200,1645037720973
42256690,touchmove,251,218,1645037720982
42256690,touchmove,251,236,1645037720990
42256690,touchmove,248,255,1645037720998
42256690,touchmove,247,275,1645037721007
42256690,touchmove,245,294,1645037721015
42256690,touchmove,243,314,1645037721024
42256690,touchmove,242,335,1645037721032
42256690,touchmove,240,355,1645037721040
42256690,touchmove,239,374,1645037721049
42256690,touchmove,239,393,1645037721057
42256690,touchmove,239,411,1645037721065
42256690,touchmove,239,428,1645037721073
42256690,touchmove,239,444,1645037721082
42256690,touchmove,239,460,1645037721090
42256690,touchmove,240,474,1645037721098
42256690,touchmove,241,488,1645037721107
42256690,touchmove,243,498,1645037721115
42256690,touchmove,244,508,1645037721124
42256690,touchmove,246,517,1645037721132
42256690,touchmove,247,523,1645037721140
42256690,touchmove,248,528,1645037721149
42256690,touchmove,249,533,1645037721157
42256690,touchmove,249,536,1645037721165
42256690,touchmove,249,539,1645037721174
42256690,touchmove,249,541,1645037721182
42256690,touchmove,248,543,1645037721190
42256690,touchmove,244,544,1645037721199
42256690,touchend,0,0,1645037721202
42256691,touchdown,396,34,1645037721701
42256691,touchmove,394,39,1645037721711
42256691,touchmove,394,46,1645037721718
42256691,touchmove,393,53,1645037721724
42256691,touchmove,392,60,1645037721732
42256691,touchmove,391,69,1645037721741
42256691,touchmove,391,78,1645037721749
42256691,touchmove,391,87,1645037721757
42256691,touchmove,391,97,1645037721765
42256691,touchmove,392,109,1645037721774
42256691,touchmove,393,120,1645037721782
42256691,touchmove,394,132,1645037721791
42256691,touchmove,395,144,1645037721799
42256691,touchmove,396,157,1645037721807
42256691,touchmove,397,170,1645037721816
42256691,touchmove,397,185,1645037721824
42256691,touchmove,397,200,1645037721832
42256691,touchmove,396,217,1645037721841
42256691,touchmove,394,236,1645037721849
42256691,touchmove,392,253,1645037721857
42256691,touchmove,390,271,1645037721866
42256691,touchmove,388,289,1645037721874
42256691,touchmove,387,307,1645037721882
42256691,touchmove,387,326,1645037721891
42256691,touchmove,387,345,1645037721899
42256691,touchmove,387,364,1645037721907
42256691,touchmove,387,382,1645037721916
42256691,touchmove,388,399,1645037721924
42256691,touchmove,389,416,1645037721932
42256691,touchmove,390,433,1645037721941
42256691,touchmove,391,450,1645037721949
42256691,touchmove,391,467,1645037721957
42256691,touchmove,392,485,1645037721966
42256691,touchmove,392,500,1645037721974
42256691,touchmove,392,516,1645037721982
42256691,touchmove,392,531,1645037721991
42256691,touchmove,392,543,1645037721999
42256691,touchmove,393,555,1645037722007
42256691,touchmove,393,565,1645037722016
42256691,touchmove,394,573,1645037722024
42256691,touchmove,395,580,1645037722032
42256691,touchmove,395,586,1645037722041
42256691,touchmove,396,590,1645037722049
42256691,touchmove,396,592,1645037722057
42256691,touchmove,396,595,1645037722066
42256691,touchmove,396,596,1645037722074
42256691,touchmove,395,596,1645037722091
42256691,touchmove,393,596,1645037722099
42256691,touchend,0,0,1645037722103
42256692,touchdown,538,11,1645037722575
42256692,touchmove,539,14,1645037722586
42256692,touchmove,539,19,1645037722592
42256692,touchmove,539,32,1645037722608
42256692,touchmove,539,50,1645037722624
42256692,touchmove,539,72,1645037722641
42256692,touchmove,541,85,1645037722650
42256692,touchmove,542,98,1645037722658
42256692,touchmove,543,111,1645037722666
42256692,touchmove,543,124,1645037722674
42256692,touchmove,543,140,1645037722683
42256692,touchmove,543,136,1645037722691
42256692,touchmove,543,164,1645037722699
42256692,touchmove,543,185,1645037722708
42256692,touchmove,544,202,1645037722716
42256692,touchmove,544,219,1645037722724
42256692,touchmove,545,237,1645037722733
42256692,touchmove,545,255,1645037722741
42256692,touchmove,545,273,1645037722749
42256692,touchmove,547,292,1645037722758
42256692,touchmove,547,311,1645037722766
42256692,touchmove,548,330,1645037722774
42256692,touchmove,550,350,1645037722783
42256692,touchmove,551,368,1645037722791
42256692,touchmove,552,387,1645037722800
42256692,touchmove,552,406,1645037722808
42256692,touchmove,552,423,1645037722816
42256692,touchmove,553,441,1645037722824
42256692,touchmove,553,460,1645037722833
42256692,touchmove,553,479,1645037722841
42256692,touchmove,553,496,1645037722850
42256692,touchmove,553,513,1645037722858
42256692,touchmove,553,528,1645037722866
42256692,touchmove,554,543,1645037722875
42256692,touchmove,555,556,1645037722883
42256692,touchmove,556,567,1645037722891
42256692,touchmove,557,577,1645037722900
42256692,touchmove,557,585,1645037722908
42256692,touchmove,558,592,1645037722916
42256692,touchmove,559,596,1645037722924
42256692,touchmove,559,600,1645037722933
42256692,touchmove,560,601,1645037722941
42256692,touchend,0,0,1645037722945
42256693,touchdown,802,11,1645037724260
42256693,touchmove,805,17,1645037724275
42256693,touchmove,805,21,1645037724284
42256693,touchmove,805,26,1645037724292
42256693,touchmove,805,33,1645037724300
42256693,touchmove,805,41,1645037724308
42256693,touchmove,804,50,1645037724317
42256693,touchmove,803,60,1645037724325
42256693,touchmove,803,71,1645037724333
42256693,touchmove,802,81,1645037724342
42256693,touchmove,802,93,1645037724350
42256693,touchmove,802,106,1645037724359
42256693,touchmove,801,118,1645037724367
42256693,touchmove,801,130,1645037724375
42256693,touchmove,800,144,1645037724384
42256693,touchmove,799,156,1645037724392
42256693,touchmove,798,168,1645037724401
42256693,touchmove,798,182,1645037724409
42256693,touchmove,797,196,1645037724417
42256693,touchmove,796,212,1645037724425
42256693,touchmove,796,228,1645037724434
42256693,touchmove,795,243,1645037724442
42256693,touchmove,795,257,1645037724451
42256693,touchmove,794,272,1645037724459
42256693,touchmove,793,286,1645037724467
42256693,touchmove,793,300,1645037724476
42256693,touchmove,793,314,1645037724484
42256693,touchmove,792,326,1645037724492
42256693,touchmove,792,338,1645037724501
42256693,touchmove,792,351,1645037724509
42256693,touchmove,792,361,1645037724517
42256693,touchmove,792,370,1645037724526
42256693,touchmove,792,378,1645037724534
42256693,touchmove,792,385,1645037724542
42256693,touchmove,792,390,1645037724550
42256693,touchend,0,0,1645037724554
42256694,touchdown,933,15,1645037724968
42256694,touchmove,932,21,1645037724987
42256694,touchmove,932,26,1645037725001
42256694,touchmove,931,31,1645037725009
42256694,touchmove,930,37,1645037725017
42256694,touchmove,928,44,1645037725026
42256694,touchmove,927,51,1645037725034
42256694,touchmove,926,59,1645037725042
42256694,touchmove,926,67,1645037725051
42256694,touchmove,926,75,1645037725059
42256694,touchmove,926,85,1645037725067
42256694,touchmove,926,94,1645037725076
42256694,touchmove,926,104,1645037725084
42256694,touchmove,927,115,1645037725092
42256694,touchmove,929,127,1645037725101
42256694,touchmove,930,139,1645037725109
42256694,touchmove,931,151,1645037725118
42256694,touchmove,931,165,1645037725126
42256694,touchmove,931,177,1645037725134
42256694,touchmove,931,190,1645037725143
42256694,touchmove,931,205,1645037725151
42256694,touchmove,931,219,1645037725159
42256694,touchmove,931,235,1645037725168
42256694,touchmove,931,251,1645037725176
42256694,touchmove,930,266,1645037725184
42256694,touchmove,929,281,1645037725193
42256694,touchmove,928,298,1645037725201
42256694,touchmove,928,313,1645037725209
42256694,touchmove,928,329,1645037725218
42256694,touchmove,928,346,1645037725226
42256694,touchmove,928,361,1645037725234
42256694,touchmove,929,377,1645037725243
42256694,touchmove,929,393,1645037725251
42256694,touchmove,929,408,1645037725259
42256694,touchmove,929,423,1645037725268
42256694,touchmove,929,439,1645037725276
42256694,touchmove,929,454,1645037725284
42256694,touchmove,929,469,1645037725293
42256694,touchmove,929,484,1645037725301
42256694,touchmove,929,497,1645037725309
42256694,touchmove,928,510,1645037725318
42256694,touchmove,927,522,1645037725326
42256694,touchmove,926,533,1645037725334
42256694,touchmove,925,543,1645037725343
42256694,touchmove,924,551,1645037725351
42256694,touchmove,923,557,1645037725359
42256694,touchmove,921,563,1645037725368
42256694,touchmove,919,568,1645037725376
42256694,touchend,0,0,1645037725380
42256695,touchdown,923,32,1645037726577
42256695,touchmove,923,34,1645037726587
42256695,touchmove,923,39,1645037726594
42256695,touchmove,923,45,1645037726602
42256695,touchmove,923,60,1645037726618
42256695,touchmove,924,82,1645037726635
42256695,touchmove,924,109,1645037726652
42256695,touchmove,924,126,1645037726660
42256695,touchmove,924,142,1645037726668
42256695,touchmove,924,158,1645037726677
42256695,touchmove,924,173,1645037726685
42256695,touchmove,921,190,1645037726694
42256695,touchmove,919,210,1645037726702
42256695,touchmove,916,230,1645037726710
42256695,touchmove,913,250,1645037726718
42256695,touchmove,910,271,1645037726727
42256695,touchmove,907,291,1645037726735
42256695,touchmove,904,312,1645037726743
42256695,touchmove,901,333,1645037726752
42256695,touchmove,901,354,1645037726760
42256695,touchmove,901,374,1645037726768
42256695,touchmove,901,395,1645037726777
42256695,touchmove,901,415,1645037726785
42256695,touchmove,903,434,1645037726794
42256695,touchmove,904,453,1645037726802
42256695,touchmove,905,471,1645037726810
42256695,touchmove,905,488,1645037726819
42256695,touchmove,905,504,1645037726827
42256695,touchmove,905,519,1645037726835
42256695,touchmove,905,531,1645037726844
42256695,touchmove,904,543,1645037726852
42256695,touchmove,902,552,1645037726860
42256695,touchmove,900,559,1645037726869
42256695,touchmove,896,565,1645037726877
42256695,touchmove,890,569,1645037726885
42256695,touchend,0,0,1645037726889
42256696,touchdown,671,11,1645037727331
42256696,touchmove,671,15,1645037727345
42256696,touchmove,671,20,1645037727352
42256696,touchmove,671,27,1645037727360
42256696,touchmove,671,37,1645037727369
42256696,touchmove,672,48,1645037727377
42256696,touchmove,672,59,1645037727385
42256696,touchmove,672,73,1645037727394
42256696,touchmove,672,85,1645037727402
42256696,touchmove,672,99,1645037727411
42256696,touchmove,672,114,1645037727419
42256696,touchmove,671,129,1645037727427
42256696,touchmove,669,144,1645037727436
42256696,touchmove,668,158,1645037727444
42256696,touchmove,667,174,1645037727452
42256696,touchmove,665,191,1645037727461
42256696,touchmove,663,210,1645037727469
42256696,touchmove,662,229,1645037727477
42256696,touchmove,662,247,1645037727486
42256696,touchmove,662,266,1645037727494
42256696,touchmove,662,284,1645037727502
42256696,touchmove,662,301,1645037727511
42256696,touchmove,664,318,1645037727519
42256696,touchmove,665,334,1645037727527
42256696,touchmove,667,350,1645037727536
42256696,touchmove,668,365,1645037727544
42256696,touchmove,669,379,1645037727552
42256696,touchmove,670,390,1645037727561
42256696,touchmove,670,401,1645037727569
42256696,touchmove,670,410,1645037727577
42256696,touchmove,669,418,1645037727586
42256696,touchmove,666,425,1645037727594
42256696,touchend,0,0,1645037727598
42256697,touchdown,302,38,1645037730204
42256697,touchmove,308,43,1645037730241
42256697,touchmove,312,44,1645037730254
42256697,touchmove,317,46,1645037730262
42256697,touchmove,323,50,1645037730271
42256697,touchmove,330,55,1645037730279
42256697,touchmove,335,61,1645037730287
42256697,touchmove,341,67,1645037730296
42256697,touchmove,348,75,1645037730304
42256697,touchmove,355,83,1645037730312
42256697,touchmove,362,91,1645037730320
42256697,touchmove,370,101,1645037730329
42256697,touchmove,378,111,1645037730337
42256697,touchmove,387,121,1645037730346
42256697,touchmove,397,132,1645037730354
42256697,touchmove,406,142,1645037730362
42256697,touchmove,416,153,1645037730371
42256697,touchmove,426,165,1645037730379
42256697,touchmove,435,177,1645037730387
42256697,touchmove,446,189,1645037730395
42256697,touchmove,459,203,1645037730404
42256697,touchmove,471,217,1645037730412
42256697,touchmove,483,232,1645037730421
42256697,touchmove,496,248,1645037730429
42256697,touchmove,509,263,1645037730437
42256697,touchmove,520,278,1645037730446
42256697,touchmove,544,310,1645037730462
42256697,touchmove,557,326,1645037730471
42256697,touchmove,532,295,1645037730454
42256697,touchmove,571,341,1645037730479
42256697,touchmove,585,357,1645037730487
42256697,touchmove,600,371,1645037730496
42256697,touchmove,613,384,1645037730504
42256697,touchmove,627,397,1645037730512
42256697,touchmove,641,410,1645037730521
42256697,touchmove,652,421,1645037730529
42256697,touchmove,664,432,1645037730537
42256697,touchmove,675,444,1645037730546
42256697,touchmove,685,453,1645037730554
42256697,touchmove,695,463,1645037730562
42256697,touchmove,702,471,1645037730571
42256697,touchmove,708,478,1645037730579
42256697,touchmove,713,484,1645037730587
42256697,touchmove,716,488,1645037730596
42256697,touchmove,718,491,1645037730604
42256697,touchmove,720,492,1645037730637
42256697,touchmove,720,493,1645037730621
42256697,touchmove,719,490,1645037730646
42256697,touchmove,716,487,1645037730654
42256697,touchmove,719,492,1645037730612
42256697,touchend,0,0,1645037730658
42256698,touchdown,270,198,1645037730972
42256698,touchmove,274,203,1645037731008
42256698,touchmove,279,208,1645037731021
42256698,touchmove,284,213,1645037731029
42256698,touchmove,291,221,1645037731038
42256698,touchmove,298,229,1645037731046
42256698,touchmove,306,238,1645037731054
42256698,touchmove,313,247,1645037731063
42256698,touchmove,320,256,1645037731071
42256698,touchmove,328,266,1645037731079
42256698,touchmove,337,276,1645037731088
42256698,touchmove,346,286,1645037731096
42256698,touchmove,356,297,1645037731104
42256698,touchmove,367,308,1645037731113
42256698,touchmove,379,318,1645037731121
42256698,touchmove,392,329,1645037731129
42256698,touchmove,406,341,1645037731138
42256698,touchmove,419,352,1645037731146
42256698,touchmove,433,364,1645037731154
42256698,touchmove,447,375,1645037731163
42256698,touchmove,460,386,1645037731171
42256698,touchmove,474,398,1645037731179
42256698,touchmove,488,410,1645037731188
42256698,touchmove,501,421,1645037731196
42256698,touchmove,514,431,1645037731205
42256698,touchmove,528,442,1645037731213
42256698,touchmove,540,452,1645037731221
42256698,touchmove,552,462,1645037731229
42256698,touchmove,564,470,1645037731238
42256698,touchmove,575,478,1645037731246
42256698,touchmove,585,484,1645037731254
42256698,touchmove,594,491,1645037731263
42256698,touchmove,602,495,1645037731271
42256698,touchmove,609,500,1645037731279
42256698,touchmove,614,503,1645037731288
42256698,touchmove,619,506,1645037731296
42256698,touchmove,622,508,1645037731304
42256698,touchmove,624,509,1645037731313
42256698,touchmove,624,510,1645037731321
42256698,touchmove,623,506,1645037731354
42256698,touchmove,624,509,1645037731346
42256698,touchmove,619,503,1645037731363
42256698,touchend,0,0,1645037731366
42256699,touchdown,241,317,1645037731714
42256699,touchmove,245,326,1645037731741
42256699,touchmove,247,331,1645037731755
42256699,touchmove,250,337,1645037731763
42256699,touchmove,253,343,1645037731771
42256699,touchmove,257,351,1645037731780
42256699,touchmove,261,358,1645037731788
42256699,touchmove,265,366,1645037731796
42256699,touchmove,270,375,1645037731805
42256699,touchmove,274,383,1645037731813
42256699,touchmove,279,392,1645037731821
42256699,touchmove,285,402,1645037731830
42256699,touchmove,290,412,1645037731838
42256699,touchmove,297,421,1645037731846
42256699,touchmove,304,432,1645037731855
42256699,touchmove,311,442,1645037731863
42256699,touchmove,318,453,1645037731871
42256699,touchmove,327,465,1645037731880
42256699,touchmove,335,476,1645037731888
42256699,touchmove,344,487,1645037731896
42256699,touchmove,354,498,1645037731905
42256699,touchmove,362,509,1645037731913
42256699,touchmove,371,520,1645037731921
42256699,touchmove,381,531,1645037731930
42256699,touchmove,390,541,1645037731938
42256699,touchmove,399,550,1645037731946
42256699,touchmove,408,559,1645037731955
42256699,touchmove,416,567,1645037731963
42256699,touchmove,424,574,1645037731972
42256699,touchmove,433,581,1645037731980
42256699,touchmove,439,586,1645037731988
42256699,touchmove,450,594,1645037732005
42256699,touchmove,445,591,1645037731996
42256699,touchmove,454,597,1645037732013
42256699,touchmove,457,599,1645037732022
42256699,touchmove,460,601,1645037732030
42256699,touchmove,461,601,1645037732038
42256699,touchmove,462,601,1645037732046
42256699,touchmove,462,598,1645037732072
42256699,touchend,0,0,1645037732075
42256701,touchdown,207,287,1645037737200
42256701,touchmove,211,290,1645037737210
42256701,touchmove,217,293,1645037737217
42256701,touchmove,223,298,1645037737224
42256701,touchmove,231,304,1645037737233
42256701,touchmove,238,309,1645037737241
42256701,touchmove,247,315,1645037737249
42256701,touchmove,257,321,1645037737258
42256701,touchmove,266,327,1645037737266
42256701,touchmove,277,335,1645037737275
42256701,touchmove,288,342,1645037737283
42256701,touchmove,299,350,1645037737291
42256701,touchmove,311,358,1645037737300
42256701,touchmove,324,366,1645037737308
42256701,touchmove,336,374,1645037737316
42256701,touchmove,349,383,1645037737325
42256701,touchmove,363,392,1645037737333
42256701,touchmove,402,420,1645037737358
42256701,touchmove,375,401,1645037737341
42256701,touchmove,389,411,1645037737350
42256701,touchmove,416,430,1645037737366
42256701,touchmove,431,439,1645037737375
42256701,touchmove,446,448,1645037737383
42256701,touchmove,462,458,1645037737391
42256701,touchmove,477,467,1645037737399
42256701,touchmove,492,475,1645037737408
42256701,touchmove,507,483,1645037737416
42256701,touchmove,523,491,1645037737425
42256701,touchmove,537,498,1645037737433
42256701,touchmove,552,506,1645037737441
42256701,touchmove,566,513,1645037737450
42256701,touchmove,579,520,1645037737458
42256701,touchmove,591,526,1645037737467
42256701,touchmove,603,532,1645037737475
42256701,touchmove,614,537,1645037737483
42256701,touchmove,623,542,1645037737491
42256701,touchmove,632,545,1645037737500
42256701,touchmove,639,549,1645037737508
42256701,touchmove,645,552,1645037737516
42256701,touchmove,650,554,1645037737525
42256701,touchmove,654,555,1645037737533
42256701,touchmove,658,556,1645037737541
42256701,touchmove,661,556,1645037737550
42256701,touchmove,664,556,1645037737558
42256701,touchmove,667,556,1645037737566
42256701,touchend,0,0,1645037737570
42256702,touchdown,700,76,1645037740044
42256702,touchmove,699,81,1645037740071
42256702,touchmove,698,84,1645037740084
42256702,touchmove,694,88,1645037740093
42256702,touchmove,689,92,1645037740101
42256702,touchmove,682,97,1645037740110
42256702,touchmove,676,103,1645037740118
42256702,touchmove,669,109,1645037740126
42256702,touchmove,662,115,1645037740134
42256702,touchmove,653,121,1645037740143
42256702,touchmove,645,128,1645037740151
42256702,touchmove,634,135,1645037740159
42256702,touchmove,623,143,1645037740168
42256702,touchmove,601,159,1645037740185
42256702,touchmove,612,151,1645037740176
42256702,touchmove,590,168,1645037740193
42256702,touchmove,577,178,1645037740201
42256702,touchmove,564,189,1645037740209
42256702,touchmove,548,201,1645037740218
42256702,touchmove,534,212,1645037740226
42256702,touchmove,519,225,1645037740235
42256702,touchmove,504,237,1645037740243
42256702,touchmove,488,250,1645037740251
42256702,touchmove,471,264,1645037740260
42256702,touchmove,455,277,1645037740268
42256702,touchmove,439,291,1645037740276
42256702,touchmove,423,305,1645037740285
42256702,touchmove,409,317,1645037740293
42256702,touchmove,396,330,1645037740301
42256702,touchmove,384,342,1645037740310
42256702,touchmove,375,352,1645037740318
42256702,touchmove,366,361,1645037740326
42256702,touchmove,359,370,1645037740335
42256702,touchmove,354,376,1645037740343
42256702,touchmove,347,384,1645037740360
42256702,touchmove,349,380,1645037740351
42256702,touchmove,345,386,1645037740368
42256702,touchmove,344,387,1645037740376
42256702,touchmove,343,388,1645037740385
42256702,touchmove,342,388,1645037740393
42256702,touchmove,338,388,1645037740410
42256702,touchmove,340,388,1645037740401
42256702,touchmove,336,388,1645037740418
42256702,touchend,0,0,1645037740421
42256703,touchdown,863,154,1645037740793
42256703,touchmove,857,163,1645037740813
42256703,touchmove,855,167,1645037740826
42256703,touchmove,851,172,1645037740835
42256703,touchmove,846,177,1645037740843
42256703,touchmove,839,182,1645037740852
42256703,touchmove,832,188,1645037740860
42256703,touchmove,824,195,1645037740868
42256703,touchmove,814,203,1645037740877
42256703,touchmove,804,210,1645037740885
42256703,touchmove,793,219,1645037740893
42256703,touchmove,779,228,1645037740901
42256703,touchmove,766,237,1645037740910
42256703,touchmove,751,247,1645037740918
42256703,touchmove,735,257,1645037740927
42256703,touchmove,720,268,1645037740935
42256703,touchmove,704,279,1645037740944
42256703,touchmove,687,292,1645037740952
42256703,touchmove,671,304,1645037740960
42256703,touchmove,653,317,1645037740968
42256703,touchmove,634,330,1645037740977
42256703,touchmove,616,343,1645037740985
42256703,touchmove,597,357,1645037740993
42256703,touchmove,578,371,1645037741002
42256703,touchmove,561,385,1645037741010
42256703,touchmove,544,398,1645037741018
42256703,touchmove,528,413,1645037741027
42256703,touchmove,513,426,1645037741035
42256703,touchmove,497,438,1645037741043
42256703,touchmove,481,450,1645037741052
42256703,touchmove,467,462,1645037741060
42256703,touchmove,455,473,1645037741068
42256703,touchmove,443,482,1645037741077
42256703,touchmove,433,490,1645037741085
42256703,touchmove,425,497,1645037741093
42256703,touchmove,413,507,1645037741110
42256703,touchmove,418,503,1645037741102
42256703,touchmove,410,510,1645037741118
42256703,touchmove,407,512,1645037741127
42256703,touchmove,406,514,1645037741135
42256703,touchmove,405,514,1645037741143
42256703,touchmove,404,514,1645037741152
42256703,touchmove,405,513,1645037741172
42256703,touchend,0,0,1645037741180
42256704,touchdown,908,346,1645037741511
42256704,touchmove,903,348,1645037741555
42256704,touchmove,898,351,1645037741569
42256704,touchmove,891,355,1645037741577
42256704,touchmove,883,360,1645037741585
42256704,touchmove,875,367,1645037741594
42256704,touchmove,866,373,1645037741602
42256704,touchmove,856,380,1645037741610
42256704,touchmove,846,388,1645037741619
42256704,touchmove,836,396,1645037741627
42256704,touchmove,825,404,1645037741635
42256704,touchmove,813,415,1645037741644
42256704,touchmove,801,424,1645037741652
42256704,touchmove,789,433,1645037741660
42256704,touchmove,776,444,1645037741669
42256704,touchmove,762,454,1645037741677
42256704,touchmove,748,465,1645037741686
42256704,touchmove,732,477,1645037741694
42256704,touchmove,718,489,1645037741702
42256704,touchmove,702,500,1645037741710
42256704,touchmove,686,512,1645037741719
42256704,touchmove,672,524,1645037741728
42256704,touchmove,657,535,1645037741736
42256704,touchmove,643,547,1645037741744
42256704,touchmove,629,557,1645037741752
42256704,touchmove,618,566,1645037741761
42256704,touchmove,607,575,1645037741769
42256704,touchmove,598,582,1645037741777
42256704,touchmove,591,587,1645037741786
42256704,touchmove,586,592,1645037741794
42256704,touchmove,583,595,1645037741802
42256704,touchmove,581,597,1645037741810
42256704,touchmove,581,598,1645037741819
42256704,touchmove,581,599,1645037741827
42256704,touchend,0,0,1645037741839
42256705,touchdown,935,497,1645037742187
42256705,touchmove,925,507,1645037742223
42256705,touchmove,919,512,1645037742236
42256705,touchmove,897,527,1645037742261
42256705,touchmove,905,521,1645037742253
42256705,touchmove,912,516,1645037742244
42256705,touchmove,890,533,1645037742269
42256705,touchmove,882,538,1645037742277
42256705,touchmove,873,544,1645037742286
42256705,touchmove,864,550,1645037742294
42256705,touchmove,856,555,1645037742302
42256705,touchmove,847,561,1645037742311
42256705,touchmove,840,566,1645037742319
42256705,touchmove,832,570,1645037742327
42256705,touchmove,826,574,1645037742336
42256705,touchmove,814,580,1645037742352
42256705,touchmove,820,577,1645037742344
42256705,touchmove,810,583,1645037742361
42256705,touchmove,807,584,1645037742369
42256705,touchmove,803,585,1645037742377
42256705,touchmove,800,586,1645037742386
42256705,touchmove,797,586,1645037742394
42256705,touchend,0,0,1645037742397
42256706,touchdown,713,69,1645037742845
42256706,touchmove,708,73,1645037742861
42256706,touchmove,703,77,1645037742869
42256706,touchmove,697,83,1645037742878
42256706,touchmove,684,97,1645037742895
42256706,touchmove,691,90,1645037742886
42256706,touchmove,675,106,1645037742903
42256706,touchmove,667,114,1645037742911
42256706,touchmove,658,124,1645037742919
42256706,touchmove,648,134,1645037742928
42256706,touchmove,637,144,1645037742936
42256706,touchmove,627,155,1645037742944
42256706,touchmove,615,167,1645037742953
42256706,touchmove,604,179,1645037742961
42256706,touchmove,576,206,1645037742978
42256706,touchmove,563,220,1645037742986
42256706,touchmove,591,192,1645037742970
42256706,touchmove,535,250,1645037743003
42256706,touchmove,549,235,1645037742995
42256706,touchmove,521,264,1645037743011
42256706,touchmove,508,279,1645037743020
42256706,touchmove,494,294,1645037743028
42256706,touchmove,481,308,1645037743036
42256706,touchmove,467,323,1645037743044
42256706,touchmove,454,338,1645037743053
42256706,touchmove,443,351,1645037743061
42256706,touchmove,432,364,1645037743069
42256706,touchmove,421,375,1645037743078
42256706,touchmove,412,385,1645037743086
42256706,touchmove,404,394,1645037743095
42256706,touchmove,398,402,1645037743103
42256706,touchmove,392,409,1645037743111
42256706,touchmove,387,415,1645037743120
42256706,touchmove,383,419,1645037743128
42256706,touchmove,380,422,1645037743136
42256706,touchmove,377,425,1645037743145
42256706,touchmove,374,427,1645037743153
42256706,touchmove,371,428,1645037743161
42256706,touchmove,368,429,1645037743170
42256706,touchmove,365,429,1645037743178
42256706,touchend,0,0,1645037743181
42256707,touchdown,543,45,1645037743513
42256707,touchmove,529,56,1645037743561
42256707,touchmove,536,50,1645037743548
42256707,touchmove,521,63,1645037743570
42256707,touchmove,511,71,1645037743578
42256707,touchmove,501,78,1645037743587
42256707,touchmove,491,88,1645037743595
42256707,touchmove,481,96,1645037743603
42256707,touchmove,471,106,1645037743611
42256707,touchmove,448,125,1645037743628
42256707,touchmove,459,116,1645037743620
42256707,touchmove,437,135,1645037743637
42256707,touchmove,425,146,1645037743645
42256707,touchmove,416,156,1645037743653
42256707,touchmove,406,166,1645037743662
42256707,touchmove,394,177,1645037743670
42256707,touchmove,383,187,1645037743678
42256707,touchmove,369,198,1645037743687
42256707,touchmove,357,209,1645037743695
42256707,touchmove,346,219,1645037743703
42256707,touchmove,335,229,1645037743712
42256707,touchmove,325,238,1645037743720
42256707,touchmove,316,247,1645037743728
42256707,touchmove,307,254,1645037743737
42256707,touchmove,299,261,1645037743745
42256707,touchmove,292,267,1645037743753
42256707,touchmove,286,272,1645037743762
42256707,touchmove,281,276,1645037743770
42256707,touchmove,278,279,1645037743778
42256707,touchmove,275,281,1645037743787
42256707,touchmove,273,282,1645037743795
42256707,touchmove,272,282,1645037743803
42256707,touchmove,271,282,1645037743812
42256707,touchmove,269,281,1645037743829
42256707,touchmove,268,280,1645037743837
42256707,touchend,0,0,1645037743840
42256708,touchdown,377,11,1645037744212
42256708,touchmove,370,17,1645037744220
42256708,touchmove,362,24,1645037744228
42256708,touchmove,354,32,1645037744237
42256708,touchmove,346,40,1645037744245
42256708,touchmove,336,48,1645037744254
42256708,touchmove,327,57,1645037744262
42256708,touchmove,318,66,1645037744270
42256708,touchmove,309,75,1645037744279
42256708,touchmove,300,84,1645037744287
42256708,touchmove,291,93,1645037744295
42256708,touchmove,283,104,1645037744304
42256708,touchmove,274,112,1645037744312
42256708,touchmove,266,121,1645037744320
42256708,touchmove,258,129,1645037744329
42256708,touchmove,251,137,1645037744337
42256708,touchmove,245,144,1645037744345
42256708,touchmove,239,150,1645037744354
42256708,touchmove,235,155,1645037744362
42256708,touchmove,232,160,1645037744370
42256708,touchmove,229,165,1645037744379
42256708,touchmove,227,167,1645037744387
42256708,touchmove,226,170,1645037744395
42256708,touchmove,225,173,1645037744404
42256708,touchmove,225,175,1645037744412
42256708,touchend,0,0,1645037744416
42256709,touchdown,643,70,1645037744730
42256709,touchmove,635,78,1645037744757
42256709,touchmove,628,82,1645037744770
42256709,touchmove,619,88,1645037744779
42256709,touchmove,609,95,1645037744787
42256709,touchmove,599,102,1645037744796
42256709,touchmove,588,110,1645037744804
42256709,touchmove,577,118,1645037744812
42256709,touchmove,565,128,1645037744821
42256709,touchmove,552,137,1645037744829
42256709,touchmove,539,147,1645037744837
42256709,touchmove,527,158,1645037744846
42256709,touchmove,515,168,1645037744854
42256709,touchmove,501,180,1645037744862
42256709,touchmove,485,192,1645037744871
42256709,touchmove,469,205,1645037744879
42256709,touchmove,453,220,1645037744887
42256709,touchmove,437,235,1645037744896
42256709,touchmove,421,249,1645037744904
42256709,touchmove,406,264,1645037744912
42256709,touchmove,390,279,1645037744921
42256709,touchmove,376,294,1645037744929
42256709,touchmove,361,309,1645037744937
42256709,touchmove,346,323,1645037744946
42256709,touchmove,334,336,1645037744954
42256709,touchmove,322,350,1645037744962
42256709,touchmove,311,361,1645037744971
42256709,touchmove,293,380,1645037744987
42256709,touchmove,302,371,1645037744979
42256709,touchmove,287,388,1645037744996
42256709,touchmove,283,393,1645037745004
42256709,touchmove,279,397,1645037745012
42256709,touchmove,278,400,1645037745021
42256709,touchmove,276,401,1645037745029
42256709,touchmove,279,399,1645037745057
42256709,touchend,0,0,1645037745066
42256710,touchdown,753,104,1645037745372
42256710,touchmove,746,114,1645037745391
42256710,touchmove,742,120,1645037745404
42256710,touchmove,735,127,1645037745412
42256710,touchmove,727,134,1645037745421
42256710,touchmove,717,143,1645037745429
42256710,touchmove,707,152,1645037745437
42256710,touchmove,698,161,1645037745446
42256710,touchmove,688,171,1645037745454
42256710,touchmove,676,182,1645037745463
42256710,touchmove,663,193,1645037745471
42256710,touchmove,650,204,1645037745479
42256710,touchmove,636,217,1645037745488
42256710,touchmove,622,231,1645037745496
42256710,touchmove,608,243,1645037745504
42256710,touchmove,592,257,1645037745513
42256710,touchmove,578,271,1645037745521
42256710,touchmove,563,285,1645037745529
42256710,touchmove,548,301,1645037745538
42256710,touchmove,534,314,1645037745546
42256710,touchmove,519,329,1645037745554
42256710,touchmove,505,345,1645037745563
42256710,touchmove,492,360,1645037745571
42256710,touchmove,479,374,1645037745579
42256710,touchmove,467,388,1645037745588
42256710,touchmove,455,401,1645037745596
42256710,touchmove,445,414,1645037745604
42256710,touchmove,434,427,1645037745613
42256710,touchmove,424,437,1645037745622
42256710,touchmove,415,448,1645037745629
42256710,touchmove,407,457,1645037745638
42256710,touchmove,400,465,1645037745646
42256710,touchmove,394,471,1645037745654
42256710,touchmove,389,477,1645037745663
42256710,touchmove,386,481,1645037745671
42256710,touchmove,383,483,1645037745679
42256710,touchmove,380,485,1645037745688
42256710,touchmove,379,486,1645037745696
42256710,touchmove,378,486,1645037745704
42256710,touchmove,378,484,1645037745721
42256710,touchend,0,0,1645037745725
42256711,touchdown,863,201,1645037746023
42256711,touchmove,863,206,1645037746049
42256711,touchmove,863,210,1645037746063
42256711,touchmove,860,214,1645037746071
42256711,touchmove,856,219,1645037746080
42256711,touchmove,851,226,1645037746088
42256711,touchmove,844,233,1645037746096
42256711,touchmove,834,241,1645037746105
42256711,touchmove,824,249,1645037746113
42256711,touchmove,813,257,1645037746121
42256711,touchmove,801,267,1645037746130
42256711,touchmove,789,277,1645037746138
42256711,touchmove,776,287,1645037746146
42256711,touchmove,763,298,1645037746155
42256711,touchmove,750,308,1645037746163
42256711,touchmove,735,320,1645037746171
42256711,touchmove,721,332,1645037746180
42256711,touchmove,707,344,1645037746188
42256711,touchmove,693,357,1645037746196
42256711,touchmove,678,371,1645037746205
42256711,touchmove,664,383,1645037746213
42256711,touchmove,650,396,1645037746221
42256711,touchmove,636,410,1645037746230
42256711,touchmove,622,422,1645037746238
42256711,touchmove,608,435,1645037746246
42256711,touchmove,592,450,1645037746255
42256711,touchmove,578,463,1645037746263
42256711,touchmove,564,476,1645037746271
42256711,touchmove,550,489,1645037746280
42256711,touchmove,539,500,1645037746288
42256711,touchmove,528,510,1645037746296
42256711,touchmove,516,520,1645037746305
42256711,touchmove,508,528,1645037746313
42256711,touchmove,500,536,1645037746321
42256711,touchmove,493,542,1645037746330
42256711,touchmove,488,546,1645037746338
42256711,touchmove,483,549,1645037746347
42256711,touchmove,479,551,1645037746355
42256711,touchmove,477,552,1645037746363
42256711,touchend,0,0,1645037746366
