42257190,touchdown,938,556,1645038316162
42257190,touchmove,938,569,1645038316197
42257190,touchmove,938,572,1645038316210
42257190,touchmove,938,575,1645038316218
42257190,touchmove,938,576,1645038316226
42257190,touchmove,938,577,1645038316235
42257190,touchmove,938,576,1645038316251
42257190,touchmove,938,573,1645038316260
42257190,touchmove,938,569,1645038316268
42257190,touchmove,938,564,1645038316276
42257190,touchmove,938,560,1645038316285
42257190,touchend,0,0,1645038316288
42257191,touchdown,785,564,1645038316526
42257191,touchmove,789,571,1645038316564
42257191,touchmove,789,575,1645038316576
42257191,touchmove,789,576,1645038316585
42257191,touchmove,789,578,1645038316593
42257191,touchmove,789,576,1645038316635
42257191,touchmove,789,574,1645038316643
42257191,touchmove,788,571,1645038316652
42257191,touchmove,787,567,1645038316660
42257191,touchmove,786,564,1645038316668
42257191,touchmove,783,562,1645038316677
42257191,touchend,0,0,1645038316680
42257192,touchdown,659,562,1645038316961
42257192,touchmove,662,567,1645038316988
42257192,touchmove,662,571,1645038317002
42257192,touchmove,662,575,1645038317010
42257192,touchmove,662,577,1645038317018
42257192,touchmove,662,578,1645038317027
42257192,touchmove,662,576,1645038317068
42257192,touchmove,662,575,1645038317077
42257192,touchmove,662,573,1645038317085
42257192,touchmove,662,571,1645038317094
42257192,touchmove,662,568,1645038317102
42257192,touchmove,662,564,1645038317110
42257192,touchmove,661,560,1645038317118
42257192,touchend,0,0,1645038317122
42257193,touchdown,515,570,1645038317453
42257193,touchmove,517,576,1645038317469
42257193,touchmove,517,581,1645038317477
42257193,touchmove,517,585,1645038317485
42257193,touchmove,517,587,1645038317493
42257193,touchmove,517,585,1645038317544
42257193,touchmove,516,583,1645038317552
42257193,touchmove,516,580,1645038317560
42257193,touchmove,516,577,1645038317569
42257193,touchmove,516,573,1645038317577
42257193,touchmove,516,569,1645038317585
42257193,touchmove,516,565,1645038317594
42257193,touchend,0,0,1645038317598
42257194,touchdown,383,552,1645038317903
42257194,touchmove,384,556,1645038317913
42257194,touchmove,385,561,1645038317920
42257194,touchmove,385,566,1645038317927
42257194,touchmove,385,569,1645038317935
42257194,touchmove,385,570,1645038317944
42257194,touchmove,385,571,1645038317952
42257194,touchmove,384,571,1645038317960
42257194,touchmove,383,569,1645038317994
42257194,touchmove,383,568,1645038318002
42257194,touchmove,383,566,1645038318011
42257194,touchmove,383,563,1645038318019
42257194,touchmove,383,561,1645038318027
42257194,touchmove,383,557,1645038318036
42257194,touchmove,383,553,1645038318044
42257194,touchmove,382,547,1645038318052
42257194,touchend,0,0,1645038318056
42257195,touchdown,257,548,1645038318387
42257195,touchmove,259,557,1645038318402
42257195,touchmove,259,562,1645038318411
42257195,touchmove,259,566,1645038318419
42257195,touchmove,259,568,1645038318427
42257195,touchmove,259,569,1645038318444
42257195,touchmove,259,568,1645038318481
42257195,touchmove,259,567,1645038318494
42257195,touchmove,258,564,1645038318503
42257195,touchmove,258,563,1645038318511
42257195,touchmove,258,560,1645038318519
42257195,touchmove,257,556,1645038318528
42257195,touchmove,256,550,1645038318536
42257195,touchmove,255,544,1645038318544
42257195,touchend,0,0,1645038318548
42257196,touchdown,271,405,1645038318871
42257196,touchmove,273,412,1645038318889
42257196,touchmove,273,417,1645038318903
42257196,touchmove,273,421,1645038318911
42257196,touchmove,273,423,1645038318919
42257196,touchmove,273,424,1645038318928
42257196,touchmove,272,425,1645038318936
42257196,touchmove,272,424,1645038318978
42257196,touchmove,272,422,1645038318986
42257196,touchmove,272,420,1645038318995
42257196,touchmove,272,418,1645038319003
42257196,touchmove,272,415,1645038319011
42257196,touchmove,272,411,1645038319019
42257196,touchmove,272,407,1645038319028
42257196,touchmove,272,404,1645038319036
42257196,touchend,0,0,1645038319040
42257197,touchdown,397,416,1645038319429
42257197,touchmove,398,425,1645038319448
42257197,touchmove,398,429,1645038319461
42257197,touchmove,398,432,1645038319470
42257197,touchmove,398,434,1645038319478
42257197,touchmove,398,436,1645038319487
42257197,touchmove,398,435,1645038319515
42257197,touchmove,398,433,1645038319528
42257197,touchmove,398,430,1645038319537
42257197,touchmove,398,427,1645038319545
42257197,touchmove,398,423,1645038319553
42257197,touchmove,398,420,1645038319562
42257197,touchmove,398,416,1645038319570
42257197,touchend,0,0,1645038319573
42257198,touchdown,534,415,1645038319904
42257198,touchmove,533,426,1645038319940
42257198,touchmove,533,429,1645038319953
42257198,touchmove,533,431,1645038319962
42257198,touchmove,533,432,1645038319970
42257198,touchmove,532,434,1645038319978
42257198,touchmove,532,433,1645038320006
42257198,touchmove,532,431,1645038320020
42257198,touchmove,532,429,1645038320029
42257198,touchmove,532,426,1645038320037
42257198,touchmove,532,423,1645038320045
42257198,touchmove,533,420,1645038320054
42257198,touchmove,534,418,1645038320062
42257198,touchend,0,0,1645038320066
42257199,touchdown,660,417,1645038320379
42257199,touchmove,660,427,1645038320415
42257199,touchmove,660,430,1645038320429
42257199,touchmove,660,432,1645038320437
42257199,touchmove,660,434,1645038320445
42257199,touchmove,660,435,1645038320454
42257199,touchmove,660,436,1645038320462
42257199,touchmove,660,434,1645038320512
42257199,touchmove,660,435,1645038320499
42257199,touchmove,660,431,1645038320520
42257199,touchmove,661,428,1645038320529
42257199,touchmove,661,424,1645038320537
42257199,touchmove,661,420,1645038320545
42257199,touchmove,662,418,1645038320554
42257199,touchend,0,0,1645038320557
42257200,touchdown,799,412,1645038320880
42257200,touchmove,798,428,1645038320924
42257200,touchmove,798,431,1645038320937
42257200,touchmove,798,433,1645038320946
42257200,touchmove,798,434,1645038320954
42257200,touchmove,798,435,1645038320962
42257200,touchmove,798,434,1645038320990
42257200,touchmove,798,431,1645038321004
42257200,touchmove,798,428,1645038321013
42257200,touchmove,799,425,1645038321021
42257200,touchmove,801,421,1645038321029
42257200,touchmove,804,419,1645038321038
42257200,touchend,0,0,1645038321042
42257201,touchdown,920,422,1645038321379
42257201,touchmove,919,433,1645038321407
42257201,touchmove,919,436,1645038321421
42257201,touchmove,919,440,1645038321438
42257201,touchmove,919,439,1645038321429
42257201,touchmove,919,437,1645038321471
42257201,touchmove,919,435,1645038321479
42257201,touchmove,919,432,1645038321488
42257201,touchmove,919,429,1645038321496
42257201,touchmove,919,425,1645038321504
42257201,touchmove,920,421,1645038321513
42257201,touchend,0,0,1645038321516
42257202,touchdown,926,284,1645038321890
42257202,touchmove,925,296,1645038321925
42257202,touchmove,925,299,1645038321938
42257202,touchmove,925,301,1645038321946
42257202,touchmove,924,302,1645038321955
42257202,touchmove,924,303,1645038321963
42257202,touchmove,924,301,1645038322013
42257202,touchmove,924,299,1645038322021
42257202,touchmove,924,297,1645038322030
42257202,touchmove,924,294,1645038322038
42257202,touchmove,925,290,1645038322046
42257202,touchmove,925,286,1645038322055
42257202,touchend,0,0,1645038322058
42257203,touchdown,798,285,1645038322406
42257203,touchmove,799,295,1645038322442
42257203,touchmove,799,298,1645038322455
42257203,touchmove,799,301,1645038322463
42257203,touchmove,799,303,1645038322472
42257203,touchmove,799,304,1645038322480
42257203,touchmove,799,302,1645038322522
42257203,touchmove,799,300,1645038322530
42257203,touchmove,799,297,1645038322538
42257203,touchmove,799,293,1645038322547
42257203,touchmove,799,289,1645038322555
42257203,touchmove,799,286,1645038322563
42257203,touchend,0,0,1645038322567
42257204,touchdown,646,281,1645038322839
42257204,touchmove,648,287,1645038322876
42257204,touchmove,648,290,1645038322888
42257204,touchmove,648,292,1645038322897
42257204,touchmove,648,294,1645038322905
42257204,touchmove,648,295,1645038322913
42257204,touchmove,648,296,1645038322922
42257204,touchmove,648,295,1645038322950
42257204,touchmove,648,293,1645038322964
42257204,touchmove,648,291,1645038322972
42257204,touchmove,648,288,1645038322980
42257204,touchmove,648,285,1645038322989
42257204,touchmove,647,281,1645038322997
42257204,touchend,0,0,1645038323001
42257205,touchdown,521,280,1645038323356
42257205,touchmove,524,293,1645038323393
42257205,touchmove,524,297,1645038323405
42257205,touchmove,524,299,1645038323414
42257205,touchmove,524,300,1645038323422
42257205,touchmove,524,298,1645038323464
42257205,touchmove,524,296,1645038323472
42257205,touchmove,524,294,1645038323480
42257205,touchmove,524,290,1645038323489
42257205,touchmove,524,288,1645038323497
42257205,touchmove,524,285,1645038323506
42257205,touchmove,523,282,1645038323514
42257205,touchend,0,0,1645038323517
42257206,touchdown,399,279,1645038323848
42257206,touchmove,402,287,1645038323867
42257206,touchmove,402,292,1645038323880
42257206,touchmove,402,295,1645038323889
42257206,touchmove,402,298,1645038323897
42257206,touchmove,402,299,1645038323906
42257206,touchmove,402,298,1645038323934
42257206,touchmove,402,297,1645038323947
42257206,touchmove,402,295,1645038323956
42257206,touchmove,402,293,1645038323964
42257206,touchmove,402,290,1645038323972
42257206,touchmove,402,287,1645038323981
42257206,touchmove,402,284,1645038323989
42257206,touchmove,402,280,1645038323997
42257206,touchmove,401,277,1645038324006
42257206,touchend,0,0,1645038324010
42257207,touchdown,272,285,1645038324390
42257207,touchmove,275,290,1645038324426
42257207,touchmove,275,293,1645038324439
42257207,touchmove,275,295,1645038324448
42257207,touchmove,275,297,1645038324456
42257207,touchmove,275,294,1645038324489
42257207,touchmove,275,292,1645038324498
42257207,touchmove,275,289,1645038324506
42257207,touchmove,274,285,1645038324514
42257207,touchmove,273,282,1645038324523
42257207,touchmove,272,279,1645038324531
42257207,touchend,0,0,1645038324535
42257208,touchdown,274,153,1645038324890
42257208,touchmove,277,165,1645038324918
42257208,touchmove,277,167,1645038324931
42257208,touchmove,277,170,1645038324940
42257208,touchmove,277,171,1645038324948
42257208,touchmove,277,170,1645038324985
42257208,touchmove,277,168,1645038324998
42257208,touchmove,277,166,1645038325006
42257208,touchmove,277,163,1645038325015
42257208,touchmove,277,161,1645038325023
42257208,touchmove,277,158,1645038325031
42257208,touchmove,277,156,1645038325040
42257208,touchend,0,0,1645038325044
42257209,touchdown,397,151,1645038325358
42257209,touchmove,401,161,1645038325394
42257209,touchmove,401,163,1645038325407
42257209,touchmove,401,165,1645038325415
42257209,touchmove,401,166,1645038325423
42257209,touchmove,401,167,1645038325432
42257209,touchmove,400,165,1645038325481
42257209,touchmove,400,163,1645038325490
42257209,touchmove,400,161,1645038325498
42257209,touchmove,400,157,1645038325507
42257209,touchmove,400,154,1645038325515
42257209,touchend,0,0,1645038325519
42257210,touchdown,540,177,1645038325891
42257210,touchmove,540,185,1645038325910
42257210,touchmove,540,190,1645038325923
42257210,touchmove,540,193,1645038325932
42257210,touchmove,540,196,1645038325940
42257210,touchmove,540,198,1645038325949
42257210,touchmove,541,198,1645038325974
42257210,touchmove,542,198,1645038325999
42257210,touchmove,542,196,1645038326007
42257210,touchmove,542,194,1645038326015
42257210,touchmove,542,191,1645038326024
42257210,touchmove,543,188,1645038326032
42257210,touchmove,543,184,1645038326040
42257210,touchmove,544,180,1645038326049
42257210,touchmove,545,177,1645038326057
42257210,touchend,0,0,1645038326060
42257211,touchdown,667,151,1645038326366
42257211,touchmove,666,160,1645038326394
42257211,touchmove,666,164,1645038326407
42257211,touchmove,666,167,1645038326415
42257211,touchmove,666,169,1645038326424
42257211,touchmove,666,170,1645038326432
42257211,touchmove,666,171,1645038326440
42257211,touchmove,666,170,1645038326469
42257211,touchmove,666,168,1645038326482
42257211,touchmove,666,167,1645038326491
42257211,touchmove,667,165,1645038326499
42257211,touchmove,667,163,1645038326507
42257211,touchmove,668,161,1645038326516
42257211,touchmove,669,159,1645038326524
42257211,touchmove,669,157,1645038326532
42257211,touchmove,670,154,1645038326541
42257211,touchmove,671,153,1645038326549
42257211,touchend,0,0,1645038326552
42257212,touchdown,807,152,1645038326858
42257212,touchmove,806,158,1645038326874
42257212,touchmove,806,163,1645038326882
42257212,touchmove,806,167,1645038326891
42257212,touchmove,805,170,1645038326899
42257212,touchmove,805,172,1645038326907
42257212,touchmove,805,173,1645038326916
42257212,touchmove,805,172,1645038326952
42257212,touchmove,805,171,1645038326966
42257212,touchmove,805,170,1645038326974
42257212,touchmove,805,168,1645038326983
42257212,touchmove,805,166,1645038326991
42257212,touchmove,805,163,1645038326999
42257212,touchmove,806,161,1645038327007
42257212,touchmove,806,157,1645038327016
42257212,touchmove,807,154,1645038327024
42257212,touchmove,807,151,1645038327032
42257212,touchend,0,0,1645038327036
42257213,touchdown,917,151,1645038327359
42257213,touchmove,917,162,1645038327378
42257213,touchmove,917,167,1645038327391
42257213,touchmove,917,171,1645038327399
42257213,touchmove,917,173,1645038327408
42257213,touchmove,917,174,1645038327416
42257213,touchmove,917,173,1645038327452
42257213,touchmove,918,172,1645038327466
42257213,touchmove,918,169,1645038327474
42257213,touchmove,919,167,1645038327483
42257213,touchmove,919,164,1645038327491
42257213,touchmove,919,160,1645038327500
42257213,touchmove,920,156,1645038327508
42257213,touchmove,921,151,1645038327516
42257213,touchmove,922,145,1645038327524
42257213,touchend,0,0,1645038327528
42257214,touchdown,933,17,1645038327934
42257214,touchmove,938,24,1645038327961
42257214,touchmove,938,26,1645038327975
42257214,touchmove,938,28,1645038327983
42257214,touchmove,938,29,1645038327991
42257214,touchmove,937,29,1645038328000
42257214,touchmove,937,26,1645038328033
42257214,touchmove,937,23,1645038328041
42257214,touchmove,937,19,1645038328050
42257214,touchmove,937,16,1645038328058
42257214,touchmove,937,12,1645038328067
42257214,touchend,0,0,1645038328070
42257215,touchdown,789,17,1645038328451
42257215,touchmove,793,22,1645038328487
42257215,touchmove,793,24,1645038328500
42257215,touchmove,793,26,1645038328508
42257215,touchmove,793,27,1645038328525
42257215,touchmove,793,26,1645038328550
42257215,touchmove,792,23,1645038328558
42257215,touchmove,792,20,1645038328567
42257215,touchmove,791,17,1645038328575
42257215,touchmove,789,15,1645038328583
42257215,touchend,0,0,1645038328587
42257216,touchdown,666,30,1645038328901
42257216,touchmove,672,36,1645038328937
42257216,touchmove,672,38,1645038328950
42257216,touchmove,672,39,1645038328959
42257216,touchmove,672,40,1645038328967
42257216,touchmove,671,40,1645038329000
42257216,touchmove,671,39,1645038329009
42257216,touchmove,671,38,1645038329017
42257216,touchmove,670,35,1645038329025
42257216,touchmove,669,32,1645038329034
42257216,touchmove,666,29,1645038329042
42257216,touchmove,660,26,1645038329050
42257216,touchend,0,0,1645038329054
42257217,touchdown,530,26,1645038329351
42257217,touchmove,533,36,1645038329396
42257217,touchmove,533,40,1645038329417
42257217,touchmove,533,39,1645038329409
42257217,touchmove,533,41,1645038329426
42257217,touchmove,533,40,1645038329454
42257217,touchmove,533,38,1645038329467
42257217,touchmove,532,36,1645038329476
42257217,touchmove,532,33,1645038329484
42257217,touchmove,531,28,1645038329492
42257217,touchmove,529,24,1645038329501
42257217,touchmove,525,20,1645038329509
42257217,touchend,0,0,1645038329513
42257218,touchdown,396,25,1645038329835
42257218,touchmove,400,36,1645038329871
42257218,touchmove,400,39,1645038329884
42257218,touchmove,400,41,1645038329893
42257218,touchmove,400,42,1645038329901
42257218,touchmove,400,41,1645038329929
42257218,touchmove,400,39,1645038329951
42257218,touchmove,399,38,1645038329959
42257218,touchmove,398,36,1645038329968
42257218,touchmove,398,34,1645038329976
42257218,touchmove,398,31,1645038329984
42257218,touchmove,397,28,1645038329993
42257218,touchmove,396,24,1645038330001
42257218,touchmove,393,20,1645038330009
42257218,touchend,0,0,1645038330013
42257219,touchdown,273,25,1645038330393
42257219,touchmove,276,38,1645038330430
42257219,touchmove,276,40,1645038330443
42257219,touchmove,276,41,1645038330451
42257219,touchmove,277,42,1645038330459
42257219,touchmove,277,40,1645038330488
42257219,touchmove,277,38,1645038330501
42257219,touchmove,277,35,1645038330510
42257219,touchmove,277,32,1645038330518
42257219,touchmove,277,30,1645038330526
42257219,touchmove,276,27,1645038330535
42257219,touchend,0,0,1645038330538
42257220,touchdown,258,139,1645038330894
42257220,touchmove,261,149,1645038330913
42257220,touchmove,261,153,1645038330926
42257220,touchmove,261,156,1645038330935
42257220,touchmove,261,157,1645038330943
42257220,touchmove,262,158,1645038330951
42257220,touchmove,262,157,1645038330980
42257220,touchmove,262,155,1645038330993
42257220,touchmove,262,153,1645038331002
42257220,touchmove,262,149,1645038331010
42257220,touchmove,262,146,1645038331018
42257220,touchmove,261,142,1645038331026
42257220,touchmove,261,139,1645038331035
42257220,touchend,0,0,1645038331038
42257221,touchdown,402,160,1645038331436
42257221,touchmove,404,171,1645038331464
42257221,touchmove,404,173,1645038331477
42257221,touchmove,404,175,1645038331485
42257221,touchmove,404,173,1645038331527
42257221,touchmove,404,170,1645038331535
42257221,touchmove,404,167,1645038331544
42257221,touchmove,404,163,1645038331552
42257221,touchmove,404,162,1645038331560
42257221,touchend,0,0,1645038331564
42257222,touchdown,532,162,1645038331944
42257222,touchmove,534,172,1645038331972
42257222,touchmove,534,176,1645038331985
42257222,touchmove,534,178,1645038331994
42257222,touchmove,534,179,1645038332002
42257222,touchmove,534,178,1645038332039
42257222,touchmove,534,177,1645038332052
42257222,touchmove,534,175,1645038332060
42257222,touchmove,534,172,1645038332069
42257222,touchmove,534,169,1645038332077
42257222,touchmove,535,165,1645038332085
42257222,touchmove,536,162,1645038332094
42257222,touchmove,538,159,1645038332102
42257222,touchend,0,0,1645038332106
42257223,touchdown,666,156,1645038332387
42257223,touchmove,667,170,1645038332436
42257223,touchmove,667,172,1645038332444
42257223,touchmove,667,173,1645038332452
42257223,touchmove,667,174,1645038332461
42257223,touchmove,667,172,1645038332502
42257223,touchmove,667,171,1645038332511
42257223,touchmove,667,169,1645038332519
42257223,touchmove,667,167,1645038332527
42257223,touchmove,667,164,1645038332536
42257223,touchmove,667,161,1645038332544
42257223,touchmove,667,158,1645038332552
42257223,touchmove,668,156,1645038332561
42257223,touchend,0,0,1645038332564
42257224,touchdown,793,156,1645038332837
42257224,touchmove,794,167,1645038332873
42257224,touchmove,794,170,1645038332886
42257224,touchmove,794,173,1645038332894
42257224,touchmove,794,175,1645038332903
42257224,touchmove,794,177,1645038332911
42257224,touchmove,794,175,1645038332978
42257224,touchmove,795,174,1645038332986
42257224,touchmove,795,172,1645038332994
42257224,touchmove,795,170,1645038333003
42257224,touchmove,796,167,1645038333011
42257224,touchmove,797,163,1645038333019
42257224,touchmove,799,160,1645038333028
42257224,touchmove,802,157,1645038333036
42257224,touchend,0,0,1645038333040
42257225,touchdown,934,160,1645038333337
42257225,touchmove,933,174,1645038333381
42257225,touchmove,933,177,1645038333394
42257225,touchmove,933,179,1645038333403
42257225,touchmove,933,180,1645038333411
42257225,touchmove,933,181,1645038333419
42257225,touchmove,933,180,1645038333456
42257225,touchmove,933,179,1645038333470
42257225,touchmove,933,177,1645038333478
42257225,touchmove,933,176,1645038333486
42257225,touchmove,933,174,1645038333495
42257225,touchmove,933,171,1645038333503
42257225,touchmove,933,168,1645038333511
42257225,touchmove,933,165,1645038333520
42257225,touchmove,934,163,1645038333528
42257225,touchmove,936,162,1645038333536
42257225,touchend,0,0,1645038333540
42257226,touchdown,935,276,1645038333845
42257226,touchmove,935,282,1645038333882
42257226,touchmove,935,285,1645038333895
42257226,touchmove,935,288,1645038333903
42257226,touchmove,935,290,1645038333911
42257226,touchmove,935,292,1645038333920
42257226,touchmove,935,293,1645038333928
42257226,touchmove,935,294,1645038333936
42257226,touchmove,935,293,1645038333981
42257226,touchmove,935,292,1645038333995
42257226,touchmove,935,290,1645038334003
42257226,touchmove,935,288,1645038334012
42257226,touchmove,935,285,1645038334020
42257226,touchmove,935,283,1645038334028
42257226,touchmove,935,279,1645038334037
42257226,touchmove,936,276,1645038334045
42257226,touchmove,936,274,1645038334053
42257226,touchmove,936,272,1645038334062
42257226,touchend,0,0,1645038334065
42257227,touchdown,800,281,1645038334355
42257227,touchmove,798,294,1645038334390
42257227,touchmove,798,299,1645038334403
42257227,touchmove,798,303,1645038334412
42257227,touchmove,798,306,1645038334420
42257227,touchmove,799,307,1645038334428
42257227,touchmove,799,306,1645038334456
42257227,touchmove,799,304,1645038334470
42257227,touchmove,799,303,1645038334478
42257227,touchmove,799,300,1645038334487
42257227,touchmove,799,298,1645038334495
42257227,touchmove,799,295,1645038334504
42257227,touchmove,799,293,1645038334512
42257227,touchmove,799,289,1645038334520
42257227,touchmove,799,286,1645038334528
42257227,touchmove,799,283,1645038334537
42257227,touchmove,797,280,1645038334545
42257227,touchmove,793,278,1645038334554
42257227,touchend,0,0,1645038334557
42257228,touchdown,668,283,1645038334802
42257228,touchmove,668,294,1645038334832
42257228,touchmove,668,299,1645038334845
42257228,touchmove,668,303,1645038334854
42257228,touchmove,668,305,1645038334862
42257228,touchmove,669,307,1645038334870
42257228,touchmove,669,308,1645038334879
42257228,touchmove,670,308,1645038334895
42257228,touchmove,670,307,1645038334912
42257228,touchmove,670,305,1645038334920
42257228,touchmove,670,303,1645038334929
42257228,touchmove,670,301,1645038334937
42257228,touchmove,670,299,1645038334945
42257228,touchmove,670,298,1645038334954
42257228,touchmove,670,295,1645038334962
42257228,touchmove,670,292,1645038334971
42257228,touchmove,670,290,1645038334979
42257228,touchmove,670,287,1645038334987
42257228,touchmove,669,283,1645038334996
42257228,touchmove,668,280,1645038335004
42257228,touchmove,666,278,1645038335012
42257228,touchend,0,0,1645038335015
42257229,touchdown,515,288,1645038335319
42257229,touchmove,517,299,1645038335358
42257229,touchmove,517,303,1645038335371
42257229,touchmove,518,306,1645038335379
42257229,touchmove,518,308,1645038335387
42257229,touchmove,519,309,1645038335396
42257229,touchmove,519,308,1645038335424
42257229,touchmove,519,307,1645038335437
42257229,touchmove,519,305,1645038335446
42257229,touchmove,519,303,1645038335454
42257229,touchmove,519,301,1645038335462
42257229,touchmove,519,298,1645038335471
42257229,touchmove,518,295,1645038335479
42257229,touchmove,518,292,1645038335487
42257229,touchmove,517,289,1645038335496
42257229,touchmove,514,286,1645038335504
42257229,touchend,0,0,1645038335508
42257230,touchdown,407,288,1645038335847
42257230,touchmove,407,302,1645038335883
42257230,touchmove,407,305,1645038335896
42257230,touchmove,407,307,1645038335904
42257230,touchmove,407,308,1645038335913
42257230,touchmove,407,307,1645038335941
42257230,touchmove,407,305,1645038335954
42257230,touchmove,407,303,1645038335963
42257230,touchmove,407,302,1645038335971
42257230,touchmove,407,299,1645038335979
42257230,touchmove,407,298,1645038335988
42257230,touchmove,407,295,1645038335996
42257230,touchmove,406,292,1645038336004
42257230,touchmove,406,289,1645038336013
42257230,touchmove,405,286,1645038336021
42257230,touchmove,404,283,1645038336029
42257230,touchmove,403,279,1645038336038
42257230,touchend,0,0,1645038336041
42257231,touchdown,251,280,1645038336364
42257231,touchmove,255,291,1645038336421
42257231,touchmove,255,294,1645038336430
42257231,touchmove,256,296,1645038336438
42257231,touchmove,256,297,1645038336446
42257231,touchmove,257,297,1645038336463
42257231,touchmove,257,296,1645038336483
42257231,touchmove,257,294,1645038336496
42257231,touchmove,257,292,1645038336505
42257231,touchmove,257,290,1645038336513
42257231,touchmove,257,287,1645038336521
42257231,touchmove,257,284,1645038336530
42257231,touchmove,257,282,1645038336538
42257231,touchmove,257,280,1645038336546
42257231,touchmove,257,279,1645038336555
42257231,touchend,0,0,1645038336558
42257232,touchdown,262,409,1645038336881
42257232,touchmove,267,415,1645038336917
42257232,touchmove,267,418,1645038336930
42257232,touchmove,267,420,1645038336938
42257232,touchmove,267,422,1645038336947
42257232,touchmove,267,423,1645038336955
42257232,touchmove,267,421,1645038337005
42257232,touchmove,267,420,1645038337013
42257232,touchmove,267,417,1645038337022
42257232,touchmove,267,415,1645038337030
42257232,touchmove,269,411,1645038337038
42257232,touchmove,272,409,1645038337047
42257232,touchend,0,0,1645038337050
42257233,touchdown,397,423,1645038337389
42257233,touchmove,402,432,1645038337426
42257233,touchmove,402,435,1645038337438
42257233,touchmove,403,438,1645038337447
42257233,touchmove,403,440,1645038337455
42257233,touchmove,404,441,1645038337464
42257233,touchmove,404,439,1645038337500
42257233,touchmove,404,437,1645038337514
42257233,touchmove,404,434,1645038337522
42257233,touchmove,404,431,1645038337530
42257233,touchmove,404,427,1645038337539
42257233,touchmove,404,423,1645038337547
42257233,touchend,0,0,1645038337551
42257234,touchdown,523,425,1645038337889
42257234,touchmove,523,435,1645038337934
42257234,touchmove,523,439,1645038337947
42257234,touchmove,523,441,1645038337956
42257234,touchmove,523,442,1645038337964
42257234,touchmove,523,443,1645038337972
42257234,touchmove,524,441,1645038338006
42257234,touchmove,524,439,1645038338014
42257234,touchmove,525,435,1645038338022
42257234,touchmove,526,432,1645038338031
42257234,touchmove,529,429,1645038338039
42257234,touchmove,533,426,1645038338047
42257234,touchmove,538,423,1645038338056
42257234,touchend,0,0,1645038338060
42257235,touchdown,662,423,1645038338332
42257235,touchmove,663,433,1645038338368
42257235,touchmove,663,436,1645038338381
42257235,touchmove,663,439,1645038338389
42257235,touchmove,663,441,1645038338397
42257235,touchmove,663,442,1645038338406
42257235,touchmove,663,441,1645038338451
42257235,touchmove,663,440,1645038338464
42257235,touchmove,663,439,1645038338473
42257235,touchmove,663,437,1645038338481
42257235,touchmove,663,435,1645038338489
42257235,touchmove,664,431,1645038338498
42257235,touchmove,665,428,1645038338506
42257235,touchmove,667,424,1645038338514
42257235,touchmove,671,420,1645038338523
42257235,touchend,0,0,1645038338526
42257236,touchdown,785,417,1645038338873
42257236,touchmove,785,426,1645038338893
42257236,touchmove,785,429,1645038338906
42257236,touchmove,785,432,1645038338914
42257236,touchmove,785,434,1645038338923
42257236,touchmove,785,435,1645038338931
42257236,touchmove,785,436,1645038338939
42257236,touchmove,785,435,1645038338968
42257236,touchmove,785,434,1645038338981
42257236,touchmove,786,432,1645038338989
42257236,touchmove,787,430,1645038338998
42257236,touchmove,788,427,1645038339006
42257236,touchmove,789,423,1645038339014
42257236,touchmove,790,420,1645038339023
42257236,touchmove,793,417,1645038339031
42257236,touchend,0,0,1645038339035
42257237,touchdown,921,417,1645038339380
42257237,touchmove,923,423,1645038339418
42257237,touchmove,923,427,1645038339431
42257237,touchmove,923,429,1645038339440
42257237,touchmove,923,431,1645038339448
42257237,touchmove,923,432,1645038339456
42257237,touchmove,923,431,1645038339506
42257237,touchmove,923,429,1645038339515
42257237,touchmove,924,426,1645038339523
42257237,touchmove,925,422,1645038339532
42257237,touchmove,927,419,1645038339540
42257237,touchmove,929,415,1645038339548
42257237,touchmove,932,412,1645038339556
42257237,touchmove,936,411,1645038339565
42257237,touchend,0,0,1645038339568
42257238,touchdown,916,548,1645038339899
42257238,touchmove,919,558,1645038339935
42257238,touchmove,919,560,1645038339948
42257238,touchmove,919,562,1645038339957
42257238,touchmove,918,562,1645038339990
42257238,touchmove,917,561,1645038340007
42257238,touchmove,917,559,1645038340015
42257238,touchmove,917,557,1645038340023
42257238,touchmove,917,555,1645038340032
42257238,touchmove,917,552,1645038340040
42257238,touchmove,917,549,1645038340048
42257238,touchmove,918,545,1645038340057
42257238,touchmove,918,541,1645038340065
42257238,touchmove,916,537,1645038340073
42257238,touchend,0,0,1645038340077
42257239,touchdown,787,550,1645038340358
42257239,touchmove,786,563,1645038340407
42257239,touchmove,786,566,1645038340415
42257239,touchmove,786,569,1645038340424
42257239,touchmove,786,570,1645038340432
42257239,touchmove,786,571,1645038340440
42257239,touchmove,786,570,1645038340469
42257239,touchmove,786,569,1645038340482
42257239,touchmove,786,567,1645038340490
42257239,touchmove,786,566,1645038340499
42257239,touchmove,786,563,1645038340507
42257239,touchmove,786,561,1645038340515
42257239,touchmove,786,558,1645038340524
42257239,touchmove,786,555,1645038340532
42257239,touchmove,786,551,1645038340540
42257239,touchmove,786,548,1645038340549
42257239,touchmove,786,545,1645038340557
42257239,touchend,0,0,1645038340561
42257240,touchdown,658,559,1645038340833
42257240,touchmove,661,569,1645038340860
42257240,touchmove,661,573,1645038340874
42257240,touchmove,661,576,1645038340882
42257240,touchmove,661,578,1645038340891
42257240,touchmove,660,577,1645038340940
42257240,touchmove,660,575,1645038340949
42257240,touchmove,660,573,1645038340957
42257240,touchmove,660,571,1645038340966
42257240,touchmove,660,568,1645038340974
42257240,touchmove,660,566,1645038340982
42257240,touchmove,660,562,1645038340991
42257240,touchmove,660,559,1645038340999
42257240,touchmove,660,554,1645038341007
42257240,touchmove,659,550,1645038341016
42257240,touchend,0,0,1645038341019
42257241,touchdown,519,547,1645038341322
42257241,touchmove,522,559,1645038341369
42257241,touchmove,522,562,1645038341383
42257241,touchmove,522,563,1645038341391
42257241,touchmove,522,564,1645038341399
42257241,touchmove,522,565,1645038341407
42257241,touchmove,522,564,1645038341436
42257241,touchmove,522,563,1645038341458
42257241,touchmove,522,561,1645038341466
42257241,touchmove,522,559,1645038341474
42257241,touchmove,522,557,1645038341483
42257241,touchmove,522,554,1645038341491
42257241,touchmove,522,550,1645038341499
42257241,touchmove,522,547,1645038341508
42257241,touchmove,522,543,1645038341516
42257241,touchmove,521,540,1645038341524
42257241,touchmove,518,537,1645038341533
42257241,touchend,0,0,1645038341536
42257242,touchdown,381,561,1645038341850
42257242,touchmove,383,567,1645038341869
42257242,touchmove,383,572,1645038341883
42257242,touchmove,384,576,1645038341891
42257242,touchmove,384,579,1645038341899
42257242,touchmove,384,580,1645038341908
42257242,touchmove,384,578,1645038341958
42257242,touchmove,384,576,1645038341966
42257242,touchmove,384,574,1645038341974
42257242,touchmove,384,572,1645038341983
42257242,touchmove,384,569,1645038341991
42257242,touchmove,384,566,1645038341999
42257242,touchmove,384,563,1645038342008
42257242,touchmove,383,559,1645038342016
42257242,touchmove,383,555,1645038342025
42257242,touchmove,383,552,1645038342033
42257242,touchend,0,0,1645038342036
42257243,touchdown,251,549,1645038342367
42257243,touchmove,252,558,1645038342403
42257243,touchmove,252,562,1645038342416
42257243,touchmove,252,564,1645038342425
42257243,touchmove,252,566,1645038342433
42257243,touchmove,252,564,1645038342483
42257243,touchmove,252,561,1645038342491
42257243,touchmove,252,559,1645038342500
42257243,touchmove,252,556,1645038342508
42257243,touchmove,252,552,1645038342516
42257243,touchmove,252,548,1645038342525
42257243,touchmove,251,544,1645038342533
42257243,touchmove,251,540,1645038342541
42257243,touchend,0,0,1645038342545
42257244,touchdown,250,423,1645038342901
42257244,touchmove,253,431,1645038342928
42257244,touchmove,253,434,1645038342942
42257244,touchmove,253,437,1645038342950
42257244,touchmove,253,439,1645038342958
42257244,touchmove,253,438,1645038343003
42257244,touchmove,253,437,1645038343017
42257244,touchmove,253,435,1645038343025
42257244,touchmove,253,432,1645038343033
42257244,touchmove,253,430,1645038343042
42257244,touchmove,253,427,1645038343050
42257244,touchmove,253,425,1645038343058
42257244,touchmove,253,421,1645038343067
42257244,touchmove,253,418,1645038343075
42257244,touchend,0,0,1645038343079
42257245,touchdown,395,415,1645038343426
42257245,touchmove,398,424,1645038343445
42257245,touchmove,398,427,1645038343458
42257245,touchmove,398,430,1645038343467
42257245,touchmove,398,431,1645038343475
42257245,touchmove,398,432,1645038343484
42257245,touchmove,397,432,1645038343504
42257245,touchmove,397,431,1645038343525
42257245,touchmove,397,430,1645038343534
42257245,touchmove,397,428,1645038343542
42257245,touchmove,397,426,1645038343550
42257245,touchmove,397,424,1645038343559
42257245,touchmove,397,421,1645038343567
42257245,touchmove,397,417,1645038343575
42257245,touchmove,398,413,1645038343584
42257245,touchmove,401,409,1645038343592
42257245,touchend,0,0,1645038343596
42257246,touchdown,520,423,1645038344010
42257246,touchmove,523,430,1645038344037
42257246,touchmove,523,434,1645038344051
42257246,touchmove,523,437,1645038344059
42257246,touchmove,523,439,1645038344067
42257246,touchmove,523,440,1645038344076
42257246,touchmove,523,439,1645038344109
42257246,touchmove,523,437,1645038344117
42257246,touchmove,523,436,1645038344126
42257246,touchmove,523,434,1645038344134
42257246,touchmove,523,432,1645038344142
42257246,touchmove,523,429,1645038344151
42257246,touchmove,523,426,1645038344159
42257246,touchmove,523,423,1645038344167
42257246,touchmove,524,420,1645038344176
42257246,touchmove,525,416,1645038344184
42257246,touchend,0,0,1645038344188
42257247,touchdown,660,423,1645038344569
42257247,touchmove,661,430,1645038344584
42257247,touchmove,661,434,1645038344592
42257247,touchmove,661,437,1645038344601
42257247,touchmove,661,439,1645038344609
42257247,touchmove,661,440,1645038344618
42257247,touchmove,661,439,1645038344646
42257247,touchmove,661,437,1645038344659
42257247,touchmove,661,435,1645038344668
42257247,touchmove,661,432,1645038344676
42257247,touchmove,661,430,1645038344684
42257247,touchmove,661,427,1645038344693
42257247,touchmove,661,423,1645038344701
42257247,touchmove,661,421,1645038344709
42257247,touchmove,661,418,1645038344718
42257247,touchend,0,0,1645038344722
42257248,touchdown,786,420,1645038345002
42257248,touchmove,787,430,1645038345038
42257248,touchmove,787,432,1645038345051
42257248,touchmove,787,434,1645038345060
42257248,touchmove,787,435,1645038345068
42257248,touchmove,787,434,1645038345096
42257248,touchmove,787,433,1645038345110
42257248,touchmove,787,432,1645038345118
42257248,touchmove,787,431,1645038345126
42257248,touchmove,787,429,1645038345135
42257248,touchmove,787,428,1645038345143
42257248,touchmove,787,426,1645038345151
42257248,touchmove,787,423,1645038345160
42257248,touchmove,788,421,1645038345168
42257248,touchmove,789,418,1645038345176
42257248,touchmove,790,416,1645038345185
42257248,touchend,0,0,1645038345188
42257249,touchdown,919,424,1645038345561
42257249,touchmove,917,435,1645038345597
42257249,touchmove,917,437,1645038345610
42257249,touchmove,917,440,1645038345618
42257249,touchmove,917,441,1645038345627
42257249,touchmove,918,439,1645038345668
42257249,touchmove,918,436,1645038345677
42257249,touchmove,919,433,1645038345685
42257249,touchmove,919,429,1645038345693
42257249,touchmove,919,425,1645038345702
42257249,touchmove,919,421,1645038345710
42257249,touchend,0,0,1645038345714
42257250,touchdown,918,298,1645038346061
42257250,touchmove,917,306,1645038346097
42257250,touchmove,917,308,1645038346110
42257250,touchmove,917,310,1645038346119
42257250,touchmove,917,311,1645038346127
42257250,touchmove,916,311,1645038346152
42257250,touchmove,916,310,1645038346169
42257250,touchmove,916,308,1645038346177
42257250,touchmove,916,306,1645038346185
42257250,touchmove,916,304,1645038346194
42257250,touchmove,915,301,1645038346202
42257250,touchmove,911,299,1645038346210
42257250,touchmove,904,297,1645038346219
42257250,touchend,0,0,1645038346223
42257251,touchdown,783,304,1645038346416
42257251,touchmove,783,313,1645038346464
42257251,touchmove,783,316,1645038346477
42257251,touchmove,783,318,1645038346485
42257251,touchmove,783,320,1645038346494
42257251,touchmove,783,321,1645038346510
42257251,touchmove,783,312,1645038346569
42257251,touchmove,783,317,1645038346552
42257251,touchmove,783,315,1645038346561
42257251,touchmove,782,309,1645038346577
42257251,touchmove,778,306,1645038346586
42257251,touchmove,771,303,1645038346594
42257251,touchend,0,0,1645038346597
42257252,touchdown,664,291,1645038346925
42257252,touchmove,666,294,1645038346964
42257252,touchmove,666,297,1645038346977
42257252,touchmove,666,298,1645038346986
42257252,touchmove,666,300,1645038347002
42257252,touchmove,666,299,1645038346994
42257252,touchmove,666,299,1645038347039
42257252,touchmove,666,297,1645038347052
42257252,touchmove,665,295,1645038347061
42257252,touchmove,663,294,1645038347069
42257252,touchend,0,0,1645038347073
42257253,touchdown,531,297,1645038347462
42257253,touchmove,533,300,1645038347506
42257253,touchmove,533,302,1645038347519
42257253,touchmove,533,303,1645038347528
42257253,touchmove,533,304,1645038347536
42257251,touchmove,783,319,1645038346539
42257253,touchmove,533,303,1645038347572
42257253,touchmove,532,301,1645038347586
42257253,touchmove,531,299,1645038347594
42257253,touchmove,528,298,1645038347603
42257253,touchend,0,0,1645038347606
42257254,touchdown,396,288,1645038347970
42257254,touchmove,398,294,1645038348015
42257254,touchmove,398,296,1645038348028
42257254,touchmove,398,298,1645038348036
42257254,touchmove,398,299,1645038348045
42257254,touchmove,398,298,1645038348090
42257254,touchmove,398,296,1645038348103
42257254,touchmove,398,294,1645038348111
42257254,touchmove,397,291,1645038348120
42257254,touchmove,394,289,1645038348128
42257254,touchend,0,0,1645038348132
42257255,touchdown,256,293,1645038348446
42257255,touchmove,258,300,1645038348482
42257255,touchmove,258,302,1645038348495
42257255,touchmove,258,304,1645038348503
42257255,touchmove,258,305,1645038348512
42257255,touchmove,259,305,1645038348520
42257255,touchmove,259,303,1645038348553
42257255,touchmove,259,301,1645038348562
42257255,touchmove,259,299,1645038348570
42257255,touchmove,258,297,1645038348578
42257255,touchmove,257,294,1645038348587
42257255,touchmove,255,291,1645038348595
42257255,touchend,0,0,1645038348598
42257256,touchdown,253,179,1645038348955
42257256,touchmove,256,182,1645038348991
42257256,touchmove,256,184,1645038349004
42257256,touchmove,256,185,1645038349012
42257256,touchmove,256,184,1645038349070
42257256,touchmove,256,183,1645038349079
42257256,touchmove,256,182,1645038349087
42257256,touchend,0,0,1645038349099
42257257,touchdown,399,161,1645038349435
42257257,touchmove,401,168,1645038349499
42257257,touchmove,401,170,1645038349512
42257257,touchmove,401,172,1645038349521
42257257,touchmove,401,173,1645038349529
42257257,touchmove,401,175,1645038349537
42257257,touchmove,401,176,1645038349546
42257257,touchmove,401,177,1645038349554
42257257,touchmove,401,178,1645038349571
42257257,touchmove,401,177,1645038349607
42257257,touchmove,401,176,1645038349621
42257257,touchmove,401,173,1645038349629
42257257,touchmove,401,170,1645038349637
42257257,touchmove,401,167,1645038349646
42257257,touchmove,402,165,1645038349654
42257257,touchmove,404,163,1645038349662
42257257,touchend,0,0,1645038349666
42257258,touchdown,546,150,1645038349918
42257258,touchmove,544,162,1645038349974
42257258,touchmove,544,165,1645038349987
42257258,touchmove,544,167,1645038349996
42257258,touchmove,544,169,1645038350004
42257258,touchmove,544,171,1645038350012
42257258,touchmove,544,172,1645038350021
42257258,touchmove,544,173,1645038350029
42257258,touchmove,544,172,1645038350074
42257258,touchmove,544,171,1645038350087
42257258,touchmove,544,169,1645038350096
42257258,touchmove,544,167,1645038350104
42257258,touchmove,545,163,1645038350113
42257258,touchmove,545,160,1645038350121
42257258,touchmove,546,157,1645038350129
42257258,touchmove,548,154,1645038350138
42257258,touchend,0,0,1645038350141
42257259,touchdown,672,159,1645038350497
42257259,touchmove,675,172,1645038350550
42257259,touchmove,675,175,1645038350563
42257259,touchmove,675,176,1645038350571
42257259,touchmove,675,178,1645038350579
42257259,touchmove,675,179,1645038350588
42257259,touchmove,676,179,1645038350604
42257259,touchmove,676,178,1645038350624
42257259,touchmove,676,177,1645038350638
42257259,touchmove,676,175,1645038350646
42257259,touchmove,676,172,1645038350655
42257259,touchmove,676,168,1645038350663
42257259,touchmove,676,165,1645038350671
42257259,touchmove,677,163,1645038350679
42257259,touchend,0,0,1645038350683
42257260,touchdown,792,155,1645038350997
42257260,touchmove,793,168,1645038351033
42257260,touchmove,793,171,1645038351046
42257260,touchmove,793,173,1645038351055
42257260,touchmove,793,175,1645038351063
42257260,touchmove,793,176,1645038351071
42257260,touchmove,793,175,1645038351121
42257260,touchmove,793,173,1645038351130
42257260,touchmove,793,171,1645038351138
42257260,touchmove,793,168,1645038351147
42257260,touchmove,793,165,1645038351155
42257260,touchmove,794,162,1645038351163
42257260,touchmove,796,158,1645038351172
42257260,touchmove,799,156,1645038351180
42257260,touchend,0,0,1645038351184
42257261,touchdown,940,153,1645038351497
42257261,touchmove,941,163,1645038351525
42257261,touchmove,941,168,1645038351538
42257261,touchmove,941,171,1645038351547
42257261,touchmove,940,172,1645038351555
42257261,touchmove,940,174,1645038351563
42257261,touchmove,939,174,1645038351572
42257261,touchmove,939,173,1645038351608
42257261,touchmove,939,172,1645038351622
42257261,touchmove,939,170,1645038351630
42257261,touchmove,939,168,1645038351638
42257261,touchmove,939,166,1645038351647
42257261,touchmove,939,163,1645038351655
42257261,touchmove,939,160,1645038351663
42257261,touchmove,939,156,1645038351672
42257261,touchmove,939,151,1645038351680
42257261,touchend,0,0,1645038351684
42257262,touchdown,931,44,1645038352006
42257262,touchmove,931,52,1645038352025
42257262,touchmove,931,56,1645038352039
42257262,touchmove,931,59,1645038352047
42257262,touchmove,931,62,1645038352055
42257262,touchmove,931,63,1645038352063
42257262,touchmove,931,62,1645038352097
42257262,touchmove,931,61,1645038352105
42257262,touchmove,931,59,1645038352114
42257262,touchmove,931,57,1645038352122
42257262,touchmove,931,54,1645038352130
42257262,touchmove,931,52,1645038352139
42257262,touchmove,931,48,1645038352147
42257262,touchmove,931,45,1645038352155
42257262,touchmove,930,43,1645038352164
42257262,touchend,0,0,1645038352168
42257263,touchdown,796,31,1645038352540
42257263,touchmove,795,43,1645038352567
42257263,touchmove,795,45,1645038352580
42257263,touchmove,795,46,1645038352589
42257263,touchmove,795,47,1645038352597
42257263,touchmove,795,46,1645038352617
42257263,touchmove,795,45,1645038352631
42257263,touchmove,795,43,1645038352639
42257263,touchmove,795,40,1645038352647
42257263,touchmove,795,37,1645038352656
42257263,touchmove,795,34,1645038352664
42257263,touchmove,794,31,1645038352672
42257263,touchmove,789,29,1645038352681
42257263,touchend,0,0,1645038352685
42257264,touchdown,668,21,1645038353015
42257264,touchmove,666,30,1645038353059
42257264,touchmove,666,34,1645038353073
42257264,touchmove,666,36,1645038353081
42257264,touchmove,666,38,1645038353089
42257264,touchmove,666,39,1645038353098
42257264,touchmove,666,38,1645038353148
42257264,touchmove,666,35,1645038353156
42257264,touchmove,666,33,1645038353164
42257264,touchmove,666,30,1645038353173
42257264,touchmove,666,26,1645038353181
42257264,touchmove,665,22,1645038353189
42257264,touchmove,660,19,1645038353198
42257264,touchend,0,0,1645038353202
42257265,touchdown,535,17,1645038353524
42257265,touchmove,536,24,1645038353560
42257265,touchmove,536,27,1645038353573
42257265,touchmove,536,29,1645038353581
42257265,touchmove,536,31,1645038353590
42257265,touchmove,537,32,1645038353598
42257265,touchmove,537,33,1645038353606
42257265,touchmove,537,31,1645038353656
42257265,touchmove,537,29,1645038353665
42257265,touchmove,537,26,1645038353673
42257265,touchmove,536,24,1645038353681
42257265,touchmove,536,20,1645038353690
42257265,touchmove,533,17,1645038353698
42257265,touchmove,528,15,1645038353706
42257265,touchend,0,0,1645038353710
42257266,touchdown,394,20,1645038353999
42257266,touchmove,397,31,1645038354035
42257266,touchmove,397,34,1645038354048
42257266,touchmove,398,37,1645038354056
42257266,touchmove,398,38,1645038354065
42257266,touchmove,398,39,1645038354073
42257266,touchmove,399,39,1645038354090
42257266,touchmove,399,38,1645038354140
42257266,touchmove,399,36,1645038354148
42257266,touchmove,398,34,1645038354157
42257266,touchmove,398,32,1645038354165
42257266,touchmove,397,29,1645038354173
42257266,touchmove,397,26,1645038354182
42257266,touchmove,394,22,1645038354190
42257266,touchmove,388,19,1645038354198
42257266,touchend,0,0,1645038354203
42257267,touchdown,273,20,1645038354491
42257267,touchmove,278,30,1645038354527
42257267,touchmove,278,34,1645038354540
42257267,touchmove,278,36,1645038354548
42257267,touchmove,278,38,1645038354557
42257267,touchmove,278,39,1645038354573
42257267,touchmove,278,38,1645038354602
42257267,touchmove,278,36,1645038354615
42257267,touchmove,278,35,1645038354624
42257267,touchmove,278,33,1645038354632
42257267,touchmove,278,30,1645038354640
42257267,touchmove,278,26,1645038354649
42257267,touchmove,278,23,1645038354657
42257267,touchend,0,0,1645038354660
42257268,touchdown,257,153,1645038355058
42257268,touchmove,264,162,1645038355094
42257268,touchmove,264,165,1645038355107
42257268,touchmove,264,166,1645038355115
42257268,touchmove,264,167,1645038355124
42257268,touchmove,265,168,1645038355132
42257268,touchmove,265,167,1645038355160
42257268,touchmove,265,166,1645038355174
42257268,touchmove,264,165,1645038355182
42257268,touchmove,264,162,1645038355191
42257268,touchmove,263,160,1645038355199
42257268,touchmove,262,158,1645038355207
42257268,touchmove,260,156,1645038355216
42257268,touchend,0,0,1645038355219
42257269,touchdown,396,150,1645038355568
42257269,touchmove,401,162,1645038355619
42257269,touchmove,401,163,1645038355632
42257269,touchmove,401,165,1645038355641
42257269,touchmove,401,166,1645038355649
42257269,touchmove,401,165,1645038355716
42257269,touchmove,401,162,1645038355724
42257269,touchmove,401,159,1645038355732
42257269,touchmove,401,156,1645038355741
42257269,touchmove,401,153,1645038355749
42257269,touchend,0,0,1645038355753
42257270,touchdown,540,158,1645038356092
42257270,touchmove,538,170,1645038356136
42257270,touchmove,538,172,1645038356149
42257270,touchmove,538,174,1645038356158
42257270,touchmove,538,175,1645038356166
42257270,touchmove,538,174,1645038356216
42257270,touchmove,538,172,1645038356224
42257270,touchmove,538,171,1645038356233
42257270,touchmove,538,169,1645038356241
42257270,touchmove,538,167,1645038356250
42257270,touchmove,538,163,1645038356258
42257270,touchmove,538,161,1645038356266
42257270,touchmove,538,157,1645038356274
42257270,touchend,0,0,1645038356278
42257271,touchdown,672,162,1645038356583
42257271,touchmove,673,173,1645038356636
42257271,touchmove,673,176,1645038356650
42257271,touchmove,673,179,1645038356658
42257271,touchmove,673,181,1645038356666
42257271,touchmove,673,182,1645038356675
42257271,touchmove,673,181,1645038356711
42257271,touchmove,673,180,1645038356725
42257271,touchmove,673,177,1645038356733
42257271,touchmove,673,175,1645038356741
42257271,touchmove,673,172,1645038356750
42257271,touchmove,674,168,1645038356758
42257271,touchmove,674,166,1645038356766
42257271,touchmove,674,163,1645038356775
42257271,touchend,0,0,1645038356778
42257272,touchdown,777,149,1645038357017
42257272,touchmove,778,159,1645038357078
42257272,touchmove,778,162,1645038357092
42257272,touchmove,778,164,1645038357100
42257272,touchmove,778,166,1645038357108
42257272,touchmove,778,168,1645038357117
42257272,touchmove,778,169,1645038357125
42257272,touchmove,778,170,1645038357133
42257272,touchmove,779,169,1645038357170
42257272,touchmove,779,167,1645038357183
42257272,touchmove,780,165,1645038357192
42257272,touchmove,781,163,1645038357200
42257272,touchmove,781,161,1645038357208
42257272,touchmove,783,159,1645038357217
42257272,touchmove,783,157,1645038357225
42257272,touchend,0,0,1645038357229
42257273,touchdown,927,153,1645038357551
42257273,touchmove,935,164,1645038357595
42257273,touchmove,935,167,1645038357609
42257273,touchmove,935,169,1645038357617
42257273,touchmove,935,171,1645038357625
42257273,touchmove,935,170,1645038357662
42257273,touchmove,935,168,1645038357675
42257273,touchmove,935,166,1645038357684
42257273,touchmove,935,164,1645038357692
42257273,touchmove,936,162,1645038357700
42257273,touchmove,936,160,1645038357709
42257273,touchmove,937,159,1645038357717
42257273,touchmove,937,158,1645038357725
42257273,touchmove,938,158,1645038357734
42257273,touchend,0,0,1645038357737
42257274,touchdown,921,279,1645038358019
42257274,touchmove,926,290,1645038358079
42257274,touchmove,926,293,1645038358092
42257274,touchmove,926,296,1645038358100
42257274,touchmove,926,298,1645038358109
42257274,touchmove,926,299,1645038358117
42257274,touchmove,926,300,1645038358125
42257274,touchmove,925,300,1645038358162
42257274,touchmove,925,298,1645038358176
42257274,touchmove,925,297,1645038358184
42257274,touchmove,925,294,1645038358192
42257274,touchmove,925,291,1645038358201
42257274,touchmove,925,288,1645038358209
42257274,touchmove,925,284,1645038358217
42257274,touchmove,922,280,1645038358226
42257274,touchmove,917,276,1645038358234
42257274,touchend,0,0,1645038358238
42257275,touchdown,785,294,1645038358560
42257275,touchmove,786,305,1645038358596
42257275,touchmove,786,309,1645038358609
42257275,touchmove,786,313,1645038358618
42257275,touchmove,786,315,1645038358626
42257275,touchmove,786,316,1645038358634
42257275,touchmove,786,315,1645038358662
42257275,touchmove,786,313,1645038358676
42257275,touchmove,786,310,1645038358684
42257275,touchmove,786,301,1645038358709
42257275,touchmove,786,307,1645038358693
42257275,touchmove,786,304,1645038358701
42257275,touchmove,786,297,1645038358718
42257275,touchmove,786,294,1645038358726
42257275,touchmove,785,292,1645038358734
42257275,touchend,0,0,1645038358738
42257276,touchdown,672,283,1645038359060
42257276,touchmove,676,290,1645038359088
42257276,touchmove,676,294,1645038359101
42257276,touchmove,676,297,1645038359109
42257276,touchmove,676,298,1645038359118
42257276,touchmove,676,299,1645038359126
42257276,touchmove,676,298,1645038359154
42257276,touchmove,676,296,1645038359176
42257276,touchmove,676,293,1645038359184
42257276,touchmove,676,290,1645038359193
42257276,touchmove,676,288,1645038359201
42257276,touchmove,675,285,1645038359210
42257276,touchmove,673,282,1645038359218
42257276,touchend,0,0,1645038359222
42257277,touchdown,543,288,1645038359553
42257277,touchmove,544,293,1645038359588
42257277,touchmove,544,296,1645038359601
42257277,touchmove,544,298,1645038359610
42257277,touchmove,544,300,1645038359618
42257277,touchmove,544,301,1645038359626
42257277,touchmove,544,300,1645038359668
42257277,touchmove,544,298,1645038359676
42257277,touchmove,544,297,1645038359685
42257277,touchmove,544,295,1645038359693
42257277,touchmove,544,293,1645038359701
42257277,touchmove,543,290,1645038359710
42257277,touchmove,543,288,1645038359718
42257277,touchmove,543,285,1645038359726
42257277,touchmove,542,282,1645038359735
42257277,touchend,0,0,1645038359739
42257278,touchdown,389,287,1645038360074
42257278,touchmove,393,296,1645038360105
42257278,touchmove,393,300,1645038360118
42257278,touchmove,394,303,1645038360127
42257278,touchmove,395,305,1645038360135
42257278,touchmove,395,307,1645038360143
42257278,touchmove,396,308,1645038360152
42257278,touchmove,396,307,1645038360188
42257278,touchmove,396,306,1645038360202
42257278,touchmove,396,305,1645038360210
42257278,touchmove,396,303,1645038360218
42257278,touchmove,396,301,1645038360227
42257278,touchmove,395,299,1645038360235
42257278,touchmove,394,296,1645038360243
42257278,touchmove,393,293,1645038360252
42257278,touchmove,393,290,1645038360260
42257278,touchmove,390,286,1645038360268
42257278,touchmove,384,284,1645038360277
42257278,touchend,0,0,1645038360281
42257279,touchdown,255,279,1645038360552
42257279,touchmove,260,283,1645038360572
42257279,touchmove,261,289,1645038360585
42257279,touchmove,262,293,1645038360593
42257279,touchmove,262,296,1645038360602
42257279,touchmove,263,297,1645038360610
42257279,touchmove,263,298,1645038360619
42257279,touchmove,264,298,1645038360627
42257279,touchmove,264,297,1645038360647
42257279,touchmove,264,296,1645038360660
42257279,touchmove,264,294,1645038360669
42257279,touchmove,264,292,1645038360677
42257279,touchmove,264,290,1645038360685
42257279,touchmove,264,287,1645038360694
42257279,touchmove,264,285,1645038360702
42257279,touchmove,264,282,1645038360710
42257279,touchmove,264,280,1645038360719
42257279,touchend,0,0,1645038360722
42257280,touchdown,265,405,1645038361054
42257280,touchmove,272,412,1645038361080
42257280,touchmove,272,415,1645038361094
42257280,touchmove,272,417,1645038361102
42257280,touchmove,272,418,1645038361111
42257280,touchmove,272,420,1645038361119
42257280,touchmove,272,418,1645038361177
42257280,touchmove,272,416,1645038361186
42257280,touchmove,272,413,1645038361194
42257280,touchmove,271,411,1645038361202
42257280,touchmove,271,408,1645038361211
42257280,touchmove,271,405,1645038361219
42257280,touchend,0,0,1645038361223
42257281,touchdown,409,413,1645038361578
42257281,touchmove,414,422,1645038361597
42257281,touchmove,414,426,1645038361611
42257281,touchmove,414,429,1645038361619
42257281,touchmove,414,431,1645038361627
42257281,touchmove,414,432,1645038361636
42257281,touchmove,414,430,1645038361678
42257281,touchmove,414,428,1645038361686
42257281,touchmove,414,425,1645038361694
42257281,touchmove,414,422,1645038361703
42257281,touchmove,414,418,1645038361711
42257281,touchmove,414,415,1645038361719
42257281,touchmove,414,411,1645038361728
42257281,touchend,0,0,1645038361731
42257282,touchdown,540,409,1645038362054
42257282,touchmove,546,416,1645038362081
42257282,touchmove,546,420,1645038362094
42257282,touchmove,546,422,1645038362103
42257282,touchmove,546,424,1645038362111
42257282,touchmove,546,425,1645038362119
42257282,touchmove,546,424,1645038362156
42257282,touchmove,546,422,1645038362170
42257282,touchmove,546,420,1645038362178
42257282,touchmove,546,418,1645038362186
42257282,touchmove,546,415,1645038362195
42257282,touchmove,546,412,1645038362203
42257282,touchmove,547,410,1645038362211
42257282,touchend,0,0,1645038362215
42257283,touchdown,672,421,1645038362570
42257283,touchmove,679,430,1645038362598
42257283,touchmove,679,434,1645038362611
42257283,touchmove,679,436,1645038362620
42257283,touchmove,679,437,1645038362628
42257283,touchmove,679,435,1645038362678
42257283,touchmove,679,433,1645038362687
42257283,touchmove,678,430,1645038362695
42257283,touchmove,677,427,1645038362703
42257283,touchmove,677,423,1645038362712
42257283,touchmove,676,421,1645038362720
42257283,touchmove,676,418,1645038362728
42257283,touchend,0,0,1645038362732
42257284,touchdown,792,412,1645038363038
42257284,touchmove,794,422,1645038363074
42257284,touchmove,794,424,1645038363087
42257284,touchmove,794,426,1645038363095
42257284,touchmove,795,426,1645038363128
42257284,touchmove,795,425,1645038363137
42257284,touchmove,795,423,1645038363145
42257284,touchmove,795,421,1645038363153
42257284,touchmove,795,418,1645038363162
42257284,touchmove,796,416,1645038363170
42257284,touchmove,796,413,1645038363178
42257284,touchmove,796,411,1645038363187
42257284,touchmove,797,410,1645038363195
42257284,touchend,0,0,1645038363199
42257285,touchdown,926,425,1645038363546
42257285,touchmove,927,433,1645038363573
42257285,touchmove,927,436,1645038363587
42257285,touchmove,927,439,1645038363595
42257285,touchmove,927,440,1645038363604
42257285,touchmove,927,439,1645038363654
42257285,touchmove,927,437,1645038363662
42257285,touchmove,927,435,1645038363670
42257285,touchmove,927,432,1645038363679
42257285,touchmove,927,429,1645038363687
42257285,touchmove,927,427,1645038363695
42257285,touchmove,928,425,1645038363704
42257285,touchmove,929,423,1645038363712
42257285,touchend,0,0,1645038363716
42257286,touchdown,919,546,1645038364005
42257286,touchmove,921,554,1645038364024
42257286,touchmove,921,558,1645038364037
42257286,touchmove,921,561,1645038364045
42257286,touchmove,921,562,1645038364054
42257286,touchmove,922,562,1645038364062
42257286,touchmove,922,561,1645038364096
42257286,touchmove,922,559,1645038364104
42257286,touchmove,922,558,1645038364112
42257286,touchmove,922,557,1645038364121
42257286,touchmove,922,555,1645038364129
42257286,touchmove,922,553,1645038364137
42257286,touchmove,920,548,1645038364154
42257286,touchmove,922,550,1645038364146
42257286,touchmove,917,546,1645038364162
42257286,touchmove,913,543,1645038364171
42257286,touchmove,907,542,1645038364179
42257286,touchmove,899,540,1645038364187
42257286,touchend,0,0,1645038364191
42257287,touchdown,789,561,1645038364480
42257287,touchmove,791,568,1645038364507
42257287,touchmove,791,572,1645038364521
42257287,touchmove,791,575,1645038364529
42257287,touchmove,791,577,1645038364537
42257287,touchmove,791,578,1645038364546
42257287,touchmove,791,577,1645038364588
42257287,touchmove,791,576,1645038364596
42257287,touchmove,791,574,1645038364604
42257287,touchmove,791,572,1645038364613
42257287,touchmove,791,570,1645038364621
42257287,touchmove,791,568,1645038364629
42257287,touchmove,791,566,1645038364638
42257287,touchmove,791,563,1645038364646
42257287,touchmove,791,560,1645038364654
42257287,touchmove,791,557,1645038364663
42257287,touchmove,791,554,1645038364671
42257287,touchmove,791,550,1645038364679
42257287,touchend,0,0,1645038364683
42257288,touchdown,652,555,1645038364964
42257288,touchmove,655,562,1645038364983
42257288,touchmove,655,566,1645038364996
42257288,touchmove,655,569,1645038365004
42257288,touchmove,655,571,1645038365013
42257288,touchmove,655,572,1645038365021
42257288,touchmove,655,571,1645038365071
42257288,touchmove,655,569,1645038365080
42257288,touchmove,655,568,1645038365088
42257288,touchmove,655,567,1645038365096
42257288,touchmove,655,565,1645038365105
42257288,touchmove,655,563,1645038365113
42257288,touchmove,655,561,1645038365121
42257288,touchmove,655,558,1645038365130
42257288,touchmove,655,555,1645038365138
42257288,touchmove,654,552,1645038365146
42257288,touchmove,653,548,1645038365155
42257288,touchmove,650,544,1645038365163
42257288,touchend,0,0,1645038365167
42257289,touchdown,515,548,1645038365439
42257289,touchmove,519,555,1645038365466
42257289,touchmove,519,560,1645038365480
42257289,touchmove,519,563,1645038365488
42257289,touchmove,519,565,1645038365496
42257289,touchmove,519,566,1645038365505
42257289,touchmove,519,565,1645038365533
42257289,touchmove,519,564,1645038365546
42257289,touchmove,519,563,1645038365555
42257289,touchmove,519,561,1645038365563
42257289,touchmove,519,559,1645038365571
42257289,touchmove,519,557,1645038365580
42257289,touchmove,519,556,1645038365588
42257289,touchmove,519,553,1645038365596
42257289,touchmove,519,550,1645038365605
42257289,touchmove,518,548,1645038365613
42257289,touchmove,517,545,1645038365622
42257289,touchmove,514,543,1645038365630
42257289,touchend,0,0,1645038365633
42257290,touchdown,390,552,1645038365964
42257290,touchmove,393,562,1645038366000
42257290,touchmove,393,566,1645038366013
42257290,touchmove,393,569,1645038366022
42257290,touchmove,393,570,1645038366030
42257290,touchmove,393,571,1645038366038
42257290,touchmove,393,570,1645038366080
42257290,touchmove,393,569,1645038366088
42257290,touchmove,393,567,1645038366097
42257290,touchmove,393,565,1645038366105
42257290,touchmove,393,563,1645038366114
42257290,touchmove,393,561,1645038366122
42257290,touchmove,393,558,1645038366130
42257290,touchmove,392,554,1645038366138
42257290,touchmove,392,550,1645038366147
42257290,touchmove,390,547,1645038366155
42257290,touchmove,388,543,1645038366164
42257290,touchend,0,0,1645038366167
42257291,touchdown,247,547,1645038366457
42257291,touchmove,250,553,1645038366483
42257291,touchmove,250,558,1645038366497
42257291,touchmove,251,562,1645038366505
42257291,touchmove,251,564,1645038366514
42257291,touchmove,252,566,1645038366522
42257291,touchmove,252,567,1645038366530
42257291,touchmove,252,566,1645038366576
42257291,touchmove,252,564,1645038366589
42257291,touchmove,252,563,1645038366597
42257291,touchmove,252,561,1645038366605
42257291,touchmove,252,558,1645038366614
42257291,touchmove,252,556,1645038366622
42257291,touchmove,252,553,1645038366630
42257291,touchmove,252,549,1645038366639
42257291,touchmove,252,546,1645038366647
42257291,touchmove,251,542,1645038366655
42257291,touchmove,251,538,1645038366664
42257291,touchmove,251,535,1645038366672
42257291,touchend,0,0,1645038366676
42257292,touchdown,265,413,1645038366948
42257292,touchmove,269,419,1645038366975
42257292,touchmove,269,423,1645038366989
42257292,touchmove,269,428,1645038366997
42257292,touchmove,269,430,1645038367005
42257292,touchmove,269,432,1645038367014
42257292,touchmove,269,434,1645038367022
42257292,touchmove,269,435,1645038367039
42257292,touchmove,269,434,1645038367059
42257292,touchmove,269,432,1645038367081
42257292,touchmove,269,430,1645038367089
42257292,touchmove,269,428,1645038367097
42257292,touchmove,269,426,1645038367106
42257292,touchmove,269,424,1645038367114
42257292,touchmove,270,421,1645038367122
42257292,touchmove,270,419,1645038367131
42257292,touchmove,271,416,1645038367139
42257292,touchmove,272,413,1645038367147
42257292,touchmove,276,410,1645038367156
42257292,touchmove,280,407,1645038367164
42257292,touchend,0,0,1645038367168
42257293,touchdown,388,411,1645038367473
42257293,touchmove,393,418,1645038367492
42257293,touchmove,393,423,1645038367506
42257293,touchmove,394,426,1645038367514
42257293,touchmove,394,429,1645038367522
42257293,touchmove,395,430,1645038367531
42257293,touchmove,395,431,1645038367539
42257293,touchmove,395,430,1645038367614
42257293,touchmove,395,428,1645038367623
42257293,touchmove,395,426,1645038367631
42257293,touchmove,395,423,1645038367639
42257293,touchmove,395,421,1645038367648
42257293,touchmove,395,418,1645038367656
42257293,touchmove,395,416,1645038367664
42257293,touchmove,395,414,1645038367673
42257293,touchmove,396,413,1645038367681
42257293,touchend,0,0,1645038367685
42257294,touchdown,544,417,1645038367966
42257294,touchmove,544,429,1645038368010
42257294,touchmove,544,432,1645038368023
42257294,touchmove,544,434,1645038368031
42257294,touchmove,544,436,1645038368040
42257294,touchmove,544,437,1645038368048
42257294,touchmove,545,437,1645038368056
42257294,touchmove,545,436,1645038368090
42257294,touchmove,545,435,1645038368098
42257294,touchmove,545,432,1645038368106
42257294,touchmove,545,430,1645038368115
42257294,touchmove,545,427,1645038368123
42257294,touchmove,545,425,1645038368131
42257294,touchmove,545,422,1645038368140
42257294,touchmove,547,420,1645038368148
42257294,touchend,0,0,1645038368152
42257295,touchdown,668,413,1645038368492
42257295,touchmove,670,418,1645038368506
42257295,touchmove,670,424,1645038368515
42257295,touchmove,671,429,1645038368523
42257295,touchmove,671,432,1645038368531
42257295,touchmove,671,434,1645038368540
42257295,touchmove,671,433,1645038368590
42257295,touchmove,671,432,1645038368598
42257295,touchmove,671,430,1645038368607
42257295,touchmove,671,428,1645038368615
42257295,touchmove,671,425,1645038368623
42257295,touchmove,672,422,1645038368632
42257295,touchmove,673,420,1645038368640
42257295,touchmove,677,416,1645038368648
42257295,touchmove,683,413,1645038368657
42257295,touchend,0,0,1645038368660
42257296,touchdown,789,418,1645038368999
42257296,touchmove,792,423,1645038369015
42257296,touchmove,792,429,1645038369023
42257296,touchmove,793,433,1645038369032
42257296,touchmove,793,435,1645038369040
42257296,touchmove,793,437,1645038369048
42257296,touchmove,794,437,1645038369065
42257296,touchmove,794,436,1645038369098
42257296,touchmove,794,434,1645038369107
42257296,touchmove,794,431,1645038369115
42257296,touchmove,794,429,1645038369124
42257296,touchmove,794,425,1645038369132
42257296,touchmove,794,422,1645038369140
42257296,touchmove,795,419,1645038369149
42257296,touchend,0,0,1645038369152
42257297,touchdown,916,421,1645038369482
42257297,touchmove,920,429,1645038369510
42257297,touchmove,920,432,1645038369524
42257297,touchmove,920,434,1645038369532
42257297,touchmove,920,432,1645038369574
42257297,touchmove,920,431,1645038369582
42257297,touchmove,919,429,1645038369590
42257297,touchmove,919,426,1645038369599
42257297,touchmove,919,423,1645038369607
42257297,touchmove,919,420,1645038369616
42257297,touchmove,919,416,1645038369624
42257297,touchmove,919,411,1645038369632
42257297,touchend,0,0,1645038369636
42257298,touchdown,929,294,1645038369950
42257298,touchmove,929,303,1645038369969
42257298,touchmove,929,308,1645038369982
42257298,touchmove,929,312,1645038369991
42257298,touchmove,928,314,1645038369999
42257298,touchmove,928,315,1645038370007
42257298,touchmove,928,313,1645038370049
42257298,touchmove,928,311,1645038370057
42257298,touchmove,928,308,1645038370066
42257298,touchmove,928,306,1645038370074
42257298,touchmove,928,303,1645038370082
42257298,touchmove,928,301,1645038370091
42257298,touchmove,928,299,1645038370099
42257298,touchmove,928,296,1645038370108
42257298,touchmove,926,293,1645038370124
42257298,touchend,0,0,1645038370128
42257299,touchdown,785,285,1645038370389
42257298,touchmove,928,294,1645038370116
42257299,touchmove,788,295,1645038370411
42257299,touchmove,788,300,1645038370424
42257299,touchmove,788,303,1645038370432
42257299,touchmove,788,305,1645038370441
42257299,touchmove,788,303,1645038370508
42257299,touchmove,788,307,1645038370449
42257299,touchmove,788,301,1645038370516
42257299,touchmove,788,304,1645038370499
42257299,touchmove,788,306,1645038370486
42257299,touchmove,788,299,1645038370524
42257299,touchmove,788,297,1645038370533
42257299,touchmove,788,294,1645038370541
42257299,touchmove,788,290,1645038370549
42257299,touchmove,788,287,1645038370558
42257299,touchmove,788,284,1645038370566
42257299,touchmove,785,282,1645038370574
42257299,touchend,0,0,1645038370578
42257300,touchdown,656,275,1645038370889
42257300,touchmove,658,284,1645038370920
42257300,touchmove,658,288,1645038370933
42257300,touchmove,658,291,1645038370941
42257300,touchmove,658,294,1645038370958
42257300,touchmove,658,291,1645038371016
42257300,touchmove,658,293,1645038370950
42257300,touchmove,658,293,1645038371008
42257300,touchmove,658,289,1645038371025
42257300,touchmove,658,287,1645038371033
42257300,touchmove,658,284,1645038371041
42257300,touchmove,658,280,1645038371050
42257300,touchmove,658,277,1645038371058
42257300,touchmove,657,273,1645038371066
42257300,touchend,0,0,1645038371078
42257300,touchmove,653,270,1645038371075
42257301,touchdown,537,268,1645038371364
42257301,touchmove,541,274,1645038371386
42257301,touchmove,541,279,1645038371400
42257301,touchmove,541,283,1645038371408
42257301,touchmove,541,285,1645038371416
42257301,touchmove,541,287,1645038371425
42257301,touchmove,540,288,1645038371433
42257301,touchmove,540,287,1645038371483
42257301,touchmove,540,285,1645038371492
42257301,touchmove,540,284,1645038371500
42257301,touchmove,540,283,1645038371508
42257301,touchmove,540,281,1645038371517
42257301,touchmove,540,279,1645038371525
42257301,touchmove,540,276,1645038371533
42257301,touchmove,540,273,1645038371541
42257301,touchmove,540,270,1645038371550
42257301,touchmove,540,266,1645038371558
42257301,touchmove,541,264,1645038371567
42257301,touchend,0,0,1645038371570
42257302,touchdown,398,284,1645038371840
42257302,touchmove,399,288,1645038371858
42257302,touchmove,400,295,1645038371875
42257302,touchmove,400,299,1645038371883
42257302,touchmove,401,302,1645038371892
42257302,touchmove,401,303,1645038371900
42257302,touchmove,401,304,1645038371908
42257302,touchmove,402,304,1645038371917
42257302,touchmove,402,303,1645038371937
42257302,touchmove,402,301,1645038371950
42257302,touchmove,402,300,1645038371958
42257302,touchmove,402,297,1645038371975
42257302,touchmove,402,298,1645038371967
42257302,touchmove,402,295,1645038371984
42257302,touchmove,402,293,1645038371992
42257302,touchmove,402,291,1645038372000
42257302,touchmove,401,288,1645038372009
42257302,touchmove,401,286,1645038372017
42257302,touchmove,400,283,1645038372025
42257302,touchmove,397,278,1645038372042
42257302,touchmove,399,280,1645038372034
42257302,touchend,0,0,1645038372046
42257303,touchdown,271,285,1645038372301
42257303,touchmove,276,293,1645038372329
42257303,touchmove,276,297,1645038372342
42257303,touchmove,276,299,1645038372350
42257303,touchmove,277,301,1645038372359
42257303,touchmove,277,302,1645038372367
42257303,touchmove,277,301,1645038372404
42257303,touchmove,277,300,1645038372417
42257303,touchmove,277,299,1645038372425
42257303,touchmove,277,298,1645038372434
42257303,touchmove,277,296,1645038372442
42257303,touchmove,277,294,1645038372450
42257303,touchmove,276,292,1645038372459
42257303,touchmove,276,290,1645038372467
42257303,touchmove,276,287,1645038372475
42257303,touchmove,276,285,1645038372484
42257303,touchmove,276,282,1645038372492
42257303,touchmove,276,278,1645038372500
42257303,touchend,0,0,1645038372504
42257304,touchdown,269,149,1645038372826
42257304,touchmove,271,162,1645038372854
42257304,touchmove,271,166,1645038372867
42257304,touchmove,272,169,1645038372876
42257304,touchmove,272,171,1645038372884
42257304,touchmove,273,172,1645038372892
42257304,touchmove,273,173,1645038372901
42257304,touchmove,273,172,1645038372959
42257304,touchmove,273,171,1645038372967
42257304,touchmove,273,170,1645038372976
42257304,touchmove,273,168,1645038372984
42257304,touchmove,273,166,1645038372993
42257304,touchmove,273,163,1645038373001
42257304,touchmove,274,161,1645038373009
42257304,touchmove,274,158,1645038373017
42257304,touchend,0,0,1645038373021
42257305,touchdown,402,162,1645038373344
42257305,touchmove,409,170,1645038373363
42257305,touchmove,409,175,1645038373376
42257305,touchmove,409,177,1645038373384
42257305,touchmove,409,179,1645038373393
42257305,touchmove,409,180,1645038373401
42257305,touchmove,409,179,1645038373446
42257305,touchmove,409,178,1645038373459
42257305,touchmove,409,176,1645038373468
42257305,touchmove,409,174,1645038373476
42257305,touchmove,409,171,1645038373484
42257305,touchmove,409,168,1645038373493
42257305,touchmove,409,165,1645038373501
42257305,touchmove,410,163,1645038373509
42257305,touchend,0,0,1645038373513
42257306,touchdown,544,163,1645038373887
42257306,touchmove,548,174,1645038373922
42257306,touchmove,548,177,1645038373935
42257306,touchmove,548,178,1645038373943
42257306,touchmove,548,179,1645038373951
42257306,touchmove,547,179,1645038373971
42257306,touchmove,547,177,1645038373985
42257306,touchmove,547,176,1645038373993
42257306,touchmove,546,173,1645038374001
42257306,touchmove,546,170,1645038374010
42257306,touchmove,545,167,1645038374018
42257306,touchmove,545,164,1645038374026
42257306,touchmove,545,162,1645038374035
42257306,touchmove,545,160,1645038374043
42257306,touchend,0,0,1645038374047
42257307,touchdown,660,168,1645038374427
42257307,touchmove,665,178,1645038374447
42257307,touchmove,665,182,1645038374460
42257307,touchmove,665,185,1645038374468
42257307,touchmove,665,186,1645038374476
42257307,touchmove,666,187,1645038374485
42257307,touchmove,666,186,1645038374505
42257307,touchmove,666,185,1645038374518
42257307,touchmove,666,183,1645038374527
42257307,touchmove,666,181,1645038374535
42257307,touchmove,666,178,1645038374543
42257307,touchmove,666,176,1645038374552
42257307,touchmove,666,174,1645038374560
42257307,touchmove,665,172,1645038374568
42257307,touchend,0,0,1645038374572
42257308,touchdown,785,161,1645038374912
42257308,touchmove,789,167,1645038374927
42257308,touchmove,789,172,1645038374935
42257308,touchmove,790,176,1645038374944
42257308,touchmove,790,177,1645038374952
42257308,touchmove,791,178,1645038374960
42257308,touchmove,791,177,1645038374997
42257308,touchmove,791,176,1645038375010
42257308,touchmove,791,174,1645038375019
42257308,touchmove,791,172,1645038375027
42257308,touchmove,791,170,1645038375035
42257308,touchmove,791,167,1645038375044
42257308,touchmove,791,165,1645038375052
42257308,touchmove,791,162,1645038375060
42257308,touchend,0,0,1645038375064
42257309,touchdown,923,153,1645038375412
42257309,touchmove,927,161,1645038375431
42257309,touchmove,927,165,1645038375444
42257309,touchmove,927,167,1645038375452
42257309,touchmove,927,169,1645038375460
42257309,touchmove,926,169,1645038375469
42257309,touchmove,926,168,1645038375502
42257309,touchmove,926,167,1645038375511
42257309,touchmove,926,165,1645038375519
42257309,touchmove,926,163,1645038375527
42257309,touchmove,926,160,1645038375536
42257309,touchmove,926,157,1645038375544
42257309,touchmove,926,154,1645038375552
42257309,touchmove,927,151,1645038375561
42257309,touchmove,927,147,1645038375569
42257309,touchend,0,0,1645038375573
42257310,touchdown,934,32,1645038375903
42257310,touchmove,936,43,1645038375931
42257310,touchmove,936,45,1645038375944
42257310,touchmove,936,47,1645038375952
42257310,touchmove,936,48,1645038375961
42257310,touchmove,935,48,1645038375994
42257310,touchmove,934,47,1645038376003
42257310,touchmove,934,46,1645038376011
42257310,touchmove,934,45,1645038376019
42257310,touchmove,934,43,1645038376028
42257310,touchmove,933,41,1645038376036
42257310,touchmove,933,39,1645038376044
42257310,touchmove,933,36,1645038376053
42257310,touchmove,931,34,1645038376061
42257310,touchmove,929,32,1645038376069
42257310,touchmove,924,30,1645038376078
42257310,touchend,0,0,1645038376081
42257311,touchdown,783,14,1645038376387
42257311,touchmove,786,24,1645038376406
42257311,touchmove,786,30,1645038376419
42257311,touchmove,786,33,1645038376428
42257311,touchmove,786,35,1645038376436
42257311,touchmove,786,37,1645038376444
42257311,touchmove,786,38,1645038376461
42257311,touchmove,786,36,1645038376519
42257311,touchmove,786,35,1645038376528
42257311,touchmove,786,33,1645038376536
42257311,touchmove,786,31,1645038376545
42257311,touchmove,786,27,1645038376553
42257311,touchmove,786,25,1645038376561
42257311,touchmove,784,21,1645038376569
42257311,touchmove,781,18,1645038376578
42257311,touchmove,777,15,1645038376586
42257311,touchend,0,0,1645038376590
42257312,touchdown,667,17,1645038376879
42257312,touchmove,668,21,1645038376889
42257312,touchmove,669,27,1645038376896
42257312,touchmove,669,32,1645038376903
42257312,touchmove,669,36,1645038376911
42257312,touchmove,669,38,1645038376920
42257312,touchmove,669,39,1645038376928
42257312,touchmove,669,40,1645038376945
42257312,touchmove,669,39,1645038376986
42257312,touchmove,669,38,1645038376995
42257312,touchmove,669,36,1645038377003
42257312,touchmove,669,35,1645038377011
42257312,touchmove,669,33,1645038377020
42257312,touchmove,669,31,1645038377028
42257312,touchmove,669,27,1645038377037
42257312,touchmove,669,25,1645038377045
42257312,touchmove,669,21,1645038377053
42257312,touchmove,669,18,1645038377061
42257312,touchmove,668,15,1645038377070
42257312,touchend,0,0,1645038377074
42257313,touchdown,544,16,1645038377320
42257313,touchmove,551,24,1645038377340
42257313,touchmove,551,30,1645038377353
42257313,touchmove,551,34,1645038377361
42257313,touchmove,551,36,1645038377370
42257313,touchmove,551,38,1645038377378
42257313,touchmove,550,38,1645038377387
42257313,touchmove,550,37,1645038377437
42257313,touchmove,550,35,1645038377445
42257313,touchmove,550,34,1645038377453
42257313,touchmove,550,33,1645038377462
42257313,touchmove,550,31,1645038377470
42257313,touchmove,550,29,1645038377478
42257313,touchmove,550,27,1645038377487
42257313,touchmove,550,25,1645038377495
42257313,touchmove,550,23,1645038377503
42257313,touchmove,550,20,1645038377512
42257313,touchmove,550,18,1645038377520
42257313,touchmove,550,15,1645038377529
42257313,touchmove,550,13,1645038377537
42257313,touchmove,548,13,1645038377545
42257313,touchend,0,0,1645038377549
42257314,touchdown,394,26,1645038377896
42257314,touchmove,397,34,1645038377912
42257314,touchmove,397,39,1645038377920
42257314,touchmove,397,43,1645038377928
42257314,touchmove,398,45,1645038377937
42257314,touchmove,398,46,1645038377945
42257314,touchmove,398,45,1645038377974
42257314,touchmove,398,44,1645038377987
42257314,touchmove,398,43,1645038377995
42257314,touchmove,398,41,1645038378004
42257314,touchmove,398,39,1645038378012
42257314,touchmove,398,37,1645038378020
42257314,touchmove,398,35,1645038378029
42257314,touchmove,398,32,1645038378037
42257314,touchmove,397,29,1645038378045
42257314,touchmove,397,26,1645038378054
42257314,touchmove,397,23,1645038378062
42257314,touchmove,394,19,1645038378070
42257314,touchend,0,0,1645038378074
42257315,touchdown,282,16,1645038378397
42257315,touchmove,286,25,1645038378416
42257315,touchmove,286,29,1645038378429
42257315,touchmove,286,32,1645038378437
42257316,touchdown,402,145,1645038378441
42257315,touchmove,287,33,1645038378442
42257315,touchmove,288,33,1645038378462
42257316,touchend,0,0,1645038378475
42257315,touchmove,288,32,1645038378487
42257315,touchmove,288,30,1645038378496
42257315,touchmove,288,29,1645038378504
42257315,touchmove,288,27,1645038378512
42257315,touchmove,288,25,1645038378521
42257315,touchmove,288,23,1645038378529
42257315,touchmove,287,20,1645038378537
42257315,touchmove,287,19,1645038378546
42257315,touchmove,287,17,1645038378554
42257315,touchmove,287,14,1645038378562
42257315,touchmove,289,13,1645038378571
42257315,touchend,0,0,1645038378574
42257317,touchdown,272,120,1645038378913
42257317,touchmove,279,130,1645038378941
42257317,touchmove,279,133,1645038378954
42257317,touchmove,279,135,1645038378963
42257317,touchmove,280,137,1645038378971
42257317,touchmove,280,135,1645038379013
42257317,touchmove,280,134,1645038379021
42257317,touchmove,280,130,1645038379029
42257317,touchmove,280,126,1645038379038
42257317,touchmove,280,123,1645038379046
42257317,touchmove,280,118,1645038379054
42257317,touchmove,281,114,1645038379063
42257317,touchend,0,0,1645038379067
42257318,touchdown,414,142,1645038379481
42257318,touchmove,419,153,1645038379513
42257318,touchmove,419,156,1645038379521
42257318,touchmove,419,158,1645038379530
42257318,touchmove,419,159,1645038379538
42257318,touchmove,419,157,1645038379571
42257318,touchmove,419,155,1645038379580
42257318,touchmove,419,153,1645038379588
42257318,touchmove,420,151,1645038379596
42257318,touchmove,421,149,1645038379605
42257318,touchend,0,0,1645038379608
42257319,touchdown,530,158,1645038379989
42257319,touchmove,530,167,1645038380038
42257319,touchmove,530,169,1645038380047
42257319,touchmove,531,170,1645038380055
42257319,touchmove,532,170,1645038380088
42257319,touchmove,532,168,1645038380096
42257319,touchmove,532,166,1645038380105
42257319,touchmove,533,164,1645038380113
42257319,touchmove,534,162,1645038380122
42257319,touchmove,535,159,1645038380130
42257319,touchmove,538,157,1645038380138
42257319,touchend,0,0,1645038380142
42257320,touchdown,668,161,1645038380488
42257320,touchmove,671,169,1645038380517
42257320,touchmove,671,173,1645038380530
42257320,touchmove,671,176,1645038380539
42257320,touchmove,671,177,1645038380547
42257320,touchmove,671,178,1645038380555
42257320,touchmove,671,177,1645038380583
42257320,touchmove,671,176,1645038380597
42257320,touchmove,671,173,1645038380605
42257320,touchmove,671,171,1645038380614
42257320,touchmove,671,168,1645038380622
42257320,touchmove,671,167,1645038380630
42257320,touchend,0,0,1645038380634
42257321,touchdown,788,158,1645038380991
42257321,touchmove,791,164,1645038381009
42257321,touchmove,791,169,1645038381022
42257321,touchmove,791,173,1645038381030
42257321,touchmove,791,176,1645038381039
42257321,touchmove,791,177,1645038381047
42257321,touchmove,791,176,1645038381105
42257321,touchmove,791,174,1645038381114
42257321,touchmove,791,172,1645038381122
42257321,touchmove,791,170,1645038381131
42257321,touchmove,791,167,1645038381139
42257321,touchmove,791,163,1645038381147
42257321,touchmove,792,160,1645038381157
42257321,touchmove,794,156,1645038381164
42257321,touchend,0,0,1645038381167
42257322,touchdown,929,151,1645038381498
42257322,touchmove,934,156,1645038381517
42257322,touchmove,934,162,1645038381531
42257322,touchmove,934,166,1645038381539
42257322,touchmove,934,169,1645038381547
42257322,touchmove,934,170,1645038381556
42257322,touchmove,934,171,1645038381564
42257322,touchmove,934,170,1645038381592
42257322,touchmove,934,169,1645038381606
42257322,touchmove,934,167,1645038381614
42257322,touchmove,934,166,1645038381623
42257322,touchmove,934,163,1645038381631
42257322,touchmove,934,161,1645038381639
42257322,touchmove,934,158,1645038381647
42257322,touchmove,934,155,1645038381656
42257322,touchend,0,0,1645038381660
42257323,touchdown,922,271,1645038381973
42257323,touchmove,926,280,1645038382001
42257323,touchmove,926,284,1645038382014
42257323,touchmove,926,286,1645038382023
42257323,touchmove,926,287,1645038382031
42257323,touchmove,926,286,1645038382073
42257323,touchmove,926,285,1645038382081
42257323,touchmove,926,284,1645038382089
42257323,touchmove,926,282,1645038382098
42257323,touchmove,926,281,1645038382106
42257323,touchmove,926,279,1645038382114
42257323,touchmove,926,276,1645038382123
42257323,touchmove,925,274,1645038382131
42257323,touchmove,923,271,1645038382139
42257323,touchmove,920,268,1645038382148
42257323,touchmove,915,266,1645038382156
42257323,touchend,0,0,1645038382160
42257324,touchdown,791,281,1645038382457
42257324,touchmove,794,288,1645038382484
42257324,touchmove,794,292,1645038382498
42257324,touchmove,794,294,1645038382506
42257324,touchmove,794,296,1645038382515
42257324,touchmove,794,297,1645038382523
42257324,touchmove,794,298,1645038382531
42257324,touchmove,794,297,1645038382576
42257324,touchmove,794,296,1645038382590
42257324,touchmove,794,295,1645038382598
42257324,touchmove,794,293,1645038382606
42257324,touchmove,794,291,1645038382615
42257324,touchmove,794,289,1645038382623
42257324,touchmove,794,286,1645038382632
42257324,touchmove,794,284,1645038382640
42257324,touchmove,794,281,1645038382648
42257324,touchmove,793,279,1645038382656
42257324,touchmove,789,278,1645038382665
42257324,touchend,0,0,1645038382668
42257325,touchdown,663,283,1645038382958
42257325,touchmove,666,290,1645038382985
42257325,touchmove,666,295,1645038382998
42257325,touchmove,666,299,1645038383007
42257325,touchmove,666,302,1645038383015
42257325,touchmove,666,303,1645038383023
42257325,touchmove,666,302,1645038383082
42257325,touchmove,666,301,1645038383090
42257325,touchmove,666,299,1645038383098
42257325,touchmove,666,298,1645038383107
42257325,touchmove,666,295,1645038383115
42257325,touchmove,666,293,1645038383123
42257325,touchmove,666,290,1645038383132
42257325,touchmove,665,288,1645038383140
42257325,touchmove,664,285,1645038383148
42257325,touchmove,661,284,1645038383157
42257325,touchmove,656,282,1645038383165
42257325,touchend,0,0,1645038383169
42257326,touchdown,529,288,1645038383466
42257326,touchmove,532,298,1645038383510
42257326,touchmove,532,302,1645038383524
42257326,touchmove,532,303,1645038383532
42257326,touchmove,532,305,1645038383540
42257326,touchmove,532,306,1645038383548
42257326,touchmove,532,305,1645038383594
42257326,touchmove,532,304,1645038383607
42257326,touchmove,532,302,1645038383615
42257326,touchmove,532,300,1645038383624
42257326,touchmove,532,298,1645038383632
42257326,touchmove,531,295,1645038383640
42257326,touchmove,531,292,1645038383649
42257326,touchmove,530,289,1645038383657
42257326,touchmove,528,287,1645038383665
42257326,touchend,0,0,1645038383669
42257327,touchdown,393,278,1645038383975
42257327,touchmove,396,285,1645038384019
42257327,touchmove,396,288,1645038384032
42257327,touchmove,397,291,1645038384041
42257327,touchmove,397,293,1645038384049
42257327,touchmove,397,295,1645038384057
42257327,touchmove,397,296,1645038384065
42257327,touchmove,397,295,1645038384111
42257327,touchmove,397,294,1645038384124
42257327,touchmove,397,292,1645038384132
42257327,touchmove,397,290,1645038384141
42257327,touchmove,397,289,1645038384149
42257327,touchmove,397,286,1645038384157
42257327,touchmove,396,283,1645038384166
42257327,touchmove,395,280,1645038384174
42257327,touchmove,393,278,1645038384183
42257327,touchmove,389,276,1645038384191
42257327,touchmove,383,275,1645038384199
42257327,touchend,0,0,1645038384203
42257328,touchdown,260,285,1645038384467
42257328,touchmove,263,294,1645038384511
42257328,touchmove,264,298,1645038384524
42257328,touchmove,265,300,1645038384533
42257328,touchmove,266,302,1645038384541
42257328,touchmove,266,303,1645038384549
42257328,touchmove,266,301,1645038384599
42257328,touchmove,266,299,1645038384608
42257328,touchmove,266,297,1645038384616
42257328,touchmove,266,295,1645038384624
42257328,touchmove,264,294,1645038384633
42257328,touchmove,263,293,1645038384641
42257328,touchmove,260,293,1645038384649
42257328,touchend,0,0,1645038384653
42257329,touchdown,261,414,1645038384958
42257329,touchmove,267,420,1645038385011
42257329,touchmove,267,422,1645038385024
42257329,touchmove,268,424,1645038385033
42257329,touchmove,268,426,1645038385041
42257329,touchmove,269,427,1645038385049
42257329,touchmove,269,428,1645038385066
42257329,touchmove,269,427,1645038385094
42257329,touchmove,269,426,1645038385108
42257329,touchmove,268,423,1645038385116
42257329,touchmove,268,421,1645038385125
42257329,touchmove,267,418,1645038385133
42257329,touchmove,267,416,1645038385141
42257329,touchend,0,0,1645038385145
42257330,touchdown,404,428,1645038385501
42257330,touchmove,410,437,1645038385537
42257330,touchmove,410,439,1645038385550
42257330,touchmove,410,441,1645038385558
42257330,touchmove,410,443,1645038385566
42257330,touchmove,410,444,1645038385583
42257330,touchmove,410,443,1645038385611
42257330,touchmove,410,441,1645038385625
42257330,touchmove,410,439,1645038385633
42257330,touchmove,410,436,1645038385641
42257330,touchmove,409,432,1645038385650
42257330,touchmove,409,430,1645038385658
42257330,touchmove,409,426,1645038385666
42257330,touchmove,410,423,1645038385675
42257330,touchend,0,0,1645038385678
42257331,touchdown,531,415,1645038385951
42257331,touchmove,535,425,1645038385978
42257331,touchmove,535,427,1645038385992
42257331,touchmove,535,425,1645038386025
42257331,touchmove,535,423,1645038386033
42257331,touchend,0,0,1645038386037
