42257332,touchdown,955,568,1645038842345
42257332,touchmove,955,573,1645038842364
42257332,touchmove,955,575,1645038842377
42257332,touchmove,955,577,1645038842386
42257332,touchmove,955,578,1645038842394
42257332,touchmove,955,577,1645038842422
42257332,touchmove,955,575,1645038842436
42257332,touchmove,955,572,1645038842444
42257332,touchmove,955,571,1645038842452
42257332,touchend,0,0,1645038842456
42257333,touchmove,790,577,1645038843115
42257333,touchdown,788,569,1645038843078
42257333,touchmove,790,578,1645038843136
42257333,touchmove,790,577,1645038843156
42257333,touchmove,789,576,1645038843169
42257333,touchmove,789,574,1645038843178
42257333,touchend,0,0,1645038843181
42257334,touchdown,654,575,1645038843861
42257334,touchend,0,0,1645038843956
42257335,touchdown,515,553,1645038844638
42257335,touchmove,517,558,1645038844657
42257335,touchmove,517,560,1645038844670
42257335,touchmove,517,562,1645038844678
42257335,touchmove,517,563,1645038844687
42257335,touchmove,517,564,1645038844695
42257335,touchmove,517,565,1645038844703
42257335,touchmove,517,566,1645038844712
42257335,touchmove,517,565,1645038844737
42257335,touchmove,517,564,1645038844745
42257335,touchmove,520,564,1645038844754
42257335,touchmove,523,565,1645038844762
42257335,touchend,0,0,1645038844766
42257336,touchdown,397,561,1645038845405
42257336,touchmove,399,571,1645038845432
42257336,touchmove,399,573,1645038845445
42257336,touchmove,399,575,1645038845454
42257336,touchmove,399,577,1645038845462
42257336,touchmove,399,576,1645038845521
42257336,touchmove,399,575,1645038845529
42257336,touchmove,399,573,1645038845537
42257336,touchmove,399,571,1645038845546
42257336,touchmove,399,568,1645038845554
42257336,touchmove,399,566,1645038845562
42257336,touchmove,399,564,1645038845571
42257336,touchend,0,0,1645038845575
42257337,touchdown,268,540,1645038846146
42257337,touchmove,269,549,1645038846166
42257337,touchmove,269,552,1645038846179
42257337,touchmove,269,554,1645038846188
42257337,touchmove,269,556,1645038846196
42257337,touchmove,269,555,1645038846271
42257337,touchmove,269,554,1645038846279
42257337,touchmove,269,552,1645038846288
42257337,touchmove,269,551,1645038846296
42257337,touchmove,269,549,1645038846305
42257337,touchmove,269,547,1645038846313
42257337,touchmove,269,545,1645038846321
42257337,touchmove,268,543,1645038846330
42257337,touchend,0,0,1645038846333
42257338,touchdown,271,413,1645038846938
42257338,touchmove,272,423,1645038846975
42257338,touchmove,272,426,1645038846988
42257338,touchmove,272,427,1645038846997
42257338,touchmove,272,429,1645038847005
42257338,touchmove,272,428,1645038847041
42257338,touchmove,272,427,1645038847055
42257338,touchmove,272,425,1645038847063
42257338,touchmove,272,424,1645038847072
42257338,touchend,0,0,1645038847092
42257339,touchdown,401,418,1645038847656
42257339,touchmove,402,430,1645038847692
42257339,touchmove,402,433,1645038847705
42257339,touchmove,402,435,1645038847714
42257339,touchmove,402,437,1645038847722
42257339,touchmove,402,438,1645038847730
42257339,touchmove,402,437,1645038847776
42257339,touchmove,402,435,1645038847797
42257339,touchmove,402,434,1645038847805
42257339,touchmove,402,432,1645038847814
42257339,touchmove,402,430,1645038847822
42257339,touchmove,402,427,1645038847830
42257339,touchmove,402,423,1645038847839
42257339,touchend,0,0,1645038847842
42257340,touchdown,528,416,1645038848423
42257340,touchmove,527,420,1645038848451
42257340,touchmove,527,423,1645038848464
42257340,touchmove,527,426,1645038848472
42257340,touchmove,527,429,1645038848481
42257340,touchmove,527,431,1645038848489
42257340,touchmove,527,432,1645038848497
42257340,touchmove,527,434,1645038848506
42257340,touchmove,527,432,1645038848564
42257340,touchmove,527,430,1645038848572
42257340,touchmove,527,428,1645038848581
42257340,touchmove,527,425,1645038848589
42257340,touchmove,527,423,1645038848597
42257340,touchmove,527,420,1645038848606
42257340,touchmove,528,417,1645038848614
42257340,touchend,0,0,1645038848618
42257341,touchdown,665,411,1645038849182
42257341,touchmove,667,417,1645038849218
42257341,touchmove,667,420,1645038849231
42257341,touchmove,667,422,1645038849240
42257341,touchmove,667,425,1645038849248
42257341,touchmove,667,427,1645038849256
42257341,touchmove,667,428,1645038849264
42257341,touchmove,667,430,1645038849273
42257341,touchmove,667,428,1645038849323
42257341,touchmove,667,426,1645038849331
42257341,touchmove,667,423,1645038849340
42257341,touchmove,667,420,1645038849348
42257341,touchmove,667,418,1645038849356
42257341,touchmove,667,416,1645038849364
42257341,touchend,0,0,1645038849368
42257342,touchdown,782,425,1645038849957
42257342,touchmove,782,435,1645038849994
42257342,touchmove,782,438,1645038850007
42257342,touchmove,782,441,1645038850015
42257342,touchmove,782,442,1645038850023
42257342,touchmove,782,443,1645038850032
42257342,touchmove,782,444,1645038850040
42257342,touchmove,782,443,1645038850068
42257342,touchmove,782,442,1645038850082
42257342,touchmove,782,441,1645038850090
42257342,touchmove,782,440,1645038850098
42257342,touchmove,782,438,1645038850107
42257342,touchmove,782,436,1645038850115
42257342,touchmove,782,434,1645038850123
42257342,touchmove,782,431,1645038850132
42257342,touchmove,782,428,1645038850140
42257342,touchmove,783,425,1645038850148
42257342,touchmove,783,424,1645038850157
42257342,touchend,0,0,1645038850160
42257343,touchdown,929,404,1645038850666
42257343,touchmove,931,411,1645038850685
42257343,touchmove,931,417,1645038850698
42257343,touchmove,931,421,1645038850707
42257343,touchmove,931,423,1645038850715
42257343,touchmove,931,425,1645038850724
42257343,touchmove,931,423,1645038850790
42257343,touchmove,931,421,1645038850807
42257343,touchmove,931,420,1645038850815
42257343,touchmove,931,418,1645038850824
42257343,touchmove,931,417,1645038850832
42257343,touchmove,931,415,1645038850840
42257343,touchmove,931,411,1645038850849
42257343,touchmove,931,409,1645038850857
42257343,touchmove,931,406,1645038850865
42257343,touchmove,929,405,1645038850874
42257343,touchend,0,0,1645038850877
42257344,touchdown,934,287,1645038851474
42257344,touchmove,935,296,1645038851502
42257344,touchmove,935,299,1645038851516
42257344,touchmove,935,301,1645038851524
42257344,touchmove,935,302,1645038851532
42257344,touchmove,934,302,1645038851541
42257344,touchmove,934,301,1645038851574
42257344,touchmove,934,300,1645038851583
42257344,touchmove,934,299,1645038851591
42257344,touchmove,934,298,1645038851599
42257344,touchmove,934,296,1645038851607
42257344,touchmove,934,294,1645038851616
42257344,touchmove,934,293,1645038851624
42257344,touchmove,934,291,1645038851632
42257344,touchmove,933,290,1645038851641
42257344,touchend,0,0,1645038851644
42257345,touchdown,784,272,1645038852201
42257345,touchmove,785,277,1645038852228
42257345,touchmove,785,283,1645038852250
42257345,touchmove,785,286,1645038852258
42257345,touchmove,785,288,1645038852266
42257345,touchmove,785,289,1645038852275
42257345,touchmove,785,290,1645038852283
42257345,touchmove,785,289,1645038852311
42257345,touchmove,785,287,1645038852325
42257345,touchmove,785,285,1645038852333
42257345,touchmove,785,283,1645038852341
42257345,touchmove,785,280,1645038852350
42257345,touchmove,785,278,1645038852358
42257345,touchmove,785,275,1645038852366
42257345,touchend,0,0,1645038852370
42257346,touchdown,646,293,1645038852926
42257346,touchmove,648,297,1645038852945
42257346,touchmove,648,302,1645038852958
42257346,touchmove,648,306,1645038852966
42257346,touchmove,648,309,1645038852975
42257346,touchmove,648,311,1645038852983
42257346,touchmove,648,310,1645038853011
42257346,touchmove,648,308,1645038853025
42257346,touchmove,648,307,1645038853033
42257346,touchmove,648,305,1645038853042
42257346,touchmove,648,304,1645038853050
42257346,touchmove,649,303,1645038853058
42257346,touchmove,650,302,1645038853067
42257346,touchmove,651,300,1645038853075
42257346,touchmove,653,299,1645038853083
42257346,touchmove,654,298,1645038853092
42257346,touchend,0,0,1645038853095
42257347,touchdown,515,299,1645038853701
42257347,touchmove,517,307,1645038853737
42257347,touchmove,517,311,1645038853759
42257347,touchmove,517,309,1645038853750
42257347,touchmove,517,308,1645038853800
42257347,touchmove,517,310,1645038853787
42257347,touchmove,517,306,1645038853809
42257347,touchmove,516,304,1645038853817
42257347,touchmove,516,303,1645038853825
42257347,touchmove,515,303,1645038853834
42257347,touchend,0,0,1645038853837
42257348,touchdown,411,287,1645038854477
42257348,touchmove,410,290,1645038854521
42257348,touchmove,410,293,1645038854534
42257348,touchmove,410,294,1645038854542
42257348,touchmove,410,295,1645038854551
42257348,touchmove,410,294,1645038854579
42257348,touchmove,410,293,1645038854593
42257348,touchmove,410,291,1645038854601
42257348,touchmove,410,290,1645038854609
42257348,touchmove,409,290,1645038854618
42257348,touchend,0,0,1645038854621
42257349,touchdown,265,294,1645038855203
42257349,touchmove,268,302,1645038855243
42257349,touchmove,268,306,1645038855259
42257349,touchmove,268,304,1645038855251
42257349,touchmove,268,305,1645038855296
42257349,touchmove,268,299,1645038855230
42257349,touchmove,268,303,1645038855310
42257349,touchmove,268,301,1645038855318
42257349,touchmove,267,300,1645038855326
42257349,touchmove,267,298,1645038855335
42257349,touchmove,267,297,1645038855343
42257349,touchmove,266,295,1645038855351
42257349,touchend,0,0,1645038855355
42257350,touchdown,267,162,1645038855936
42257350,touchmove,272,170,1645038855972
42257350,touchmove,272,172,1645038855985
42257350,touchmove,271,171,1645038856027
42257350,touchmove,271,170,1645038856035
42257350,touchmove,271,168,1645038856043
42257350,touchmove,271,166,1645038856052
42257350,touchmove,271,165,1645038856060
42257350,touchmove,271,164,1645038856077
42257350,touchend,0,0,1645038856088
42257351,touchdown,391,151,1645038856653
42257351,touchmove,395,156,1645038856697
42257351,touchmove,395,157,1645038856710
42257351,touchmove,395,156,1645038856752
42257351,touchmove,395,155,1645038856769
42257351,touchend,0,0,1645038856781
42257352,touchdown,530,172,1645038857395
42257352,touchmove,531,181,1645038857431
42257352,touchmove,531,182,1645038857444
42257352,touchmove,531,183,1645038857452
42257352,touchmove,531,184,1645038857461
42257352,touchmove,531,183,1645038857480
42257352,touchmove,531,181,1645038857494
42257352,touchmove,531,180,1645038857502
42257352,touchmove,530,177,1645038857511
42257352,touchmove,530,176,1645038857519
42257352,touchmove,530,174,1645038857528
42257352,touchend,0,0,1645038857531
42257353,touchdown,672,161,1645038858145
42257353,touchmove,672,172,1645038858190
42257353,touchmove,672,174,1645038858203
42257353,touchmove,672,175,1645038858211
42257353,touchmove,672,176,1645038858220
42257353,touchmove,672,175,1645038858239
42257353,touchmove,672,173,1645038858253
42257353,touchmove,672,171,1645038858261
42257353,touchmove,672,170,1645038858270
42257353,touchmove,673,168,1645038858278
42257353,touchmove,673,167,1645038858286
42257353,touchmove,674,166,1645038858295
42257353,touchmove,674,165,1645038858303
42257353,touchend,0,0,1645038858307
42257354,touchdown,799,184,1645038858878
42257354,touchmove,800,190,1645038858895
42257354,touchmove,800,195,1645038858903
42257354,touchmove,800,199,1645038858912
42257354,touchmove,800,201,1645038858920
42257354,touchmove,800,200,1645038858978
42257354,touchmove,800,199,1645038858987
42257354,touchmove,800,198,1645038858995
42257354,touchmove,800,197,1645038859003
42257354,touchmove,800,196,1645038859012
42257354,touchmove,800,195,1645038859020
42257354,touchmove,800,193,1645038859028
42257354,touchmove,800,191,1645038859037
42257354,touchmove,801,189,1645038859045
42257354,touchmove,801,187,1645038859053
42257354,touchmove,801,184,1645038859062
42257354,touchmove,801,182,1645038859070
42257354,touchend,0,0,1645038859074
42257355,touchdown,919,164,1645038859638
42257355,touchmove,919,170,1645038859648
42257355,touchmove,919,177,1645038859654
42257355,touchmove,919,182,1645038859662
42257355,touchmove,919,184,1645038859670
42257355,touchmove,919,185,1645038859679
42257355,touchmove,919,184,1645038859707
42257355,touchmove,919,182,1645038859720
42257355,touchmove,919,181,1645038859729
42257355,touchmove,919,179,1645038859737
42257355,touchmove,919,177,1645038859745
42257355,touchmove,920,175,1645038859754
42257355,touchmove,920,173,1645038859762
42257355,touchmove,920,171,1645038859771
42257355,touchmove,920,169,1645038859779
42257355,touchmove,921,168,1645038859787
42257355,touchmove,921,167,1645038859795
42257355,touchend,0,0,1645038859799
42257356,touchdown,915,29,1645038860398
42257356,touchmove,919,32,1645038860412
42257356,touchmove,919,36,1645038860421
42257356,touchmove,919,41,1645038860437
42257356,touchmove,919,40,1645038860479
42257356,touchmove,919,39,1645038860429
42257356,touchmove,919,38,1645038860487
42257356,touchmove,919,36,1645038860496
42257356,touchmove,919,35,1645038860504
42257356,touchmove,919,33,1645038860513
42257356,touchmove,919,31,1645038860521
42257356,touchmove,919,29,1645038860529
42257356,touchmove,919,27,1645038860538
42257356,touchmove,919,26,1645038860546
42257356,touchmove,918,25,1645038860554
42257356,touchend,0,0,1645038860557
42257357,touchdown,793,35,1645038861130
42257357,touchmove,794,39,1645038861149
42257357,touchmove,794,45,1645038861163
42257357,touchmove,794,48,1645038861171
42257357,touchmove,794,50,1645038861180
42257357,touchmove,794,51,1645038861188
42257357,touchmove,794,49,1645038861221
42257357,touchmove,794,48,1645038861230
42257357,touchmove,794,46,1645038861238
42257357,touchmove,794,45,1645038861246
42257357,touchmove,794,43,1645038861255
42257357,touchmove,794,41,1645038861263
42257357,touchmove,794,40,1645038861271
42257357,touchmove,794,39,1645038861280
42257357,touchmove,794,38,1645038861288
42257357,touchend,0,0,1645038861300
42257358,touchdown,643,36,1645038861839
42257358,touchmove,647,39,1645038861855
42257358,touchmove,647,47,1645038861863
42257358,touchmove,648,52,1645038861871
42257358,touchmove,648,53,1645038861880
42257358,touchmove,648,52,1645038861913
42257358,touchmove,648,51,1645038861922
42257358,touchmove,648,50,1645038861930
42257358,touchmove,648,48,1645038861938
42257358,touchmove,648,47,1645038861947
42257358,touchmove,648,46,1645038861955
42257358,touchmove,648,45,1645038861963
42257358,touchmove,648,43,1645038861972
42257358,touchmove,647,41,1645038861988
42257358,touchmove,647,40,1645038861997
42257358,touchmove,646,39,1645038862005
42257358,touchmove,644,37,1645038862013
42257358,touchmove,642,36,1645038862024
42257358,touchend,0,0,1645038862025
42257359,touchdown,528,34,1645038862615
42257359,touchmove,529,43,1645038862625
42257359,touchmove,529,50,1645038862632
42257359,touchmove,529,55,1645038862639
42257359,touchmove,529,54,1645038862680
42257359,touchmove,529,52,1645038862689
42257359,touchmove,529,50,1645038862697
42257359,touchmove,529,47,1645038862705
42257359,touchmove,529,44,1645038862714
42257359,touchmove,529,41,1645038862722
42257359,touchmove,529,39,1645038862730
42257359,touchmove,529,35,1645038862739
42257359,touchmove,529,33,1645038862747
42257359,touchmove,529,29,1645038862756
42257359,touchmove,529,27,1645038862764
42257359,touchend,0,0,1645038862767
42257360,touchdown,398,29,1645038863315
42257360,touchmove,402,33,1645038863331
42257360,touchmove,402,39,1645038863339
42257360,touchmove,403,44,1645038863347
42257360,touchmove,403,46,1645038863356
42257360,touchmove,403,45,1645038863384
42257360,touchmove,403,44,1645038863398
42257360,touchmove,403,42,1645038863406
42257360,touchmove,403,40,1645038863414
42257360,touchmove,403,39,1645038863422
42257360,touchmove,403,33,1645038863448
42257360,touchmove,403,34,1645038863439
42257360,touchmove,403,36,1645038863431
42257360,touchmove,403,30,1645038863456
42257360,touchmove,403,28,1645038863464
42257360,touchmove,402,26,1645038863473
42257360,touchmove,402,24,1645038863481
42257360,touchmove,402,23,1645038863489
42257360,touchend,0,0,1645038863493
42257361,touchdown,267,26,1645038864066
42257361,touchmove,272,29,1645038864102
42257361,touchmove,272,31,1645038864115
42257361,touchmove,272,33,1645038864123
42257361,touchmove,273,33,1645038864131
42257361,touchmove,273,31,1645038864165
42257361,touchmove,273,29,1645038864173
42257361,touchmove,273,27,1645038864181
42257361,touchmove,273,26,1645038864190
42257361,touchmove,272,26,1645038864198
42257361,touchend,0,0,1645038864210
42257362,touchdown,272,150,1645038864766
42257362,touchmove,277,154,1645038864810
42257362,touchmove,277,157,1645038864823
42257362,touchmove,277,159,1645038864832
42257362,touchmove,277,161,1645038864840
42257362,touchmove,277,162,1645038864857
42257362,touchmove,276,162,1645038864873
42257362,touchmove,275,161,1645038864890
42257362,touchmove,275,159,1645038864898
42257362,touchmove,274,157,1645038864907
42257362,touchmove,274,154,1645038864915
42257362,touchmove,274,152,1645038864923
42257362,touchmove,272,149,1645038864932
42257362,touchend,0,0,1645038864944
42257362,touchmove,271,147,1645038864940
42257363,touchdown,400,174,1645038865517
42257363,touchmove,404,177,1645038865560
42257363,touchmove,404,180,1645038865574
42257363,touchmove,404,181,1645038865582
42257363,touchmove,404,182,1645038865590
42257363,touchmove,404,181,1645038865632
42257363,touchmove,404,178,1645038865641
42257363,touchmove,404,177,1645038865649
42257363,touchmove,404,176,1645038865657
42257363,touchmove,404,175,1645038865666
42257363,touchmove,403,174,1645038865674
42257363,touchend,0,0,1645038865678
42257364,touchdown,531,169,1645038866258
42257364,touchmove,535,170,1645038866303
42257364,touchmove,535,172,1645038866316
42257364,touchmove,535,173,1645038866324
42257364,touchmove,535,174,1645038866333
42257364,touchmove,535,173,1645038866360
42257364,touchmove,535,172,1645038866374
42257364,touchmove,534,170,1645038866383
42257364,touchmove,534,169,1645038866391
42257364,touchmove,533,168,1645038866399
42257364,touchend,0,0,1645038866403
42257365,touchdown,671,160,1645038866992
42257365,touchmove,673,165,1645038867036
42257365,touchmove,673,167,1645038867050
42257365,touchmove,673,168,1645038867058
42257365,touchmove,673,170,1645038867066
42257365,touchmove,673,171,1645038867075
42257365,touchmove,673,170,1645038867103
42257365,touchmove,673,169,1645038867125
42257365,touchmove,673,168,1645038867133
42257365,touchend,0,0,1645038867153
42257366,touchdown,794,159,1645038867751
42257366,touchmove,796,161,1645038867787
42257366,touchmove,796,163,1645038867800
42257366,touchmove,796,165,1645038867808
42257366,touchmove,796,168,1645038867817
42257366,touchmove,797,170,1645038867825
42257366,touchmove,797,172,1645038867833
42257366,touchmove,797,174,1645038867842
42257366,touchmove,798,175,1645038867850
42257366,touchmove,798,174,1645038867900
42257366,touchmove,798,172,1645038867908
42257366,touchmove,798,169,1645038867917
42257366,touchmove,798,167,1645038867925
42257366,touchmove,798,164,1645038867933
42257366,touchmove,798,161,1645038867942
42257366,touchend,0,0,1645038867946
42257367,touchdown,927,168,1645038868626
42257367,touchmove,927,171,1645038868670
42257367,touchmove,927,172,1645038868684
42257367,touchmove,927,173,1645038868692
42257367,touchmove,927,174,1645038868701
42257367,touchmove,927,175,1645038868709
42257367,touchmove,927,173,1645038868729
42257367,touchmove,927,170,1645038868742
42257367,touchmove,927,168,1645038868751
42257367,touchmove,926,166,1645038868759
42257367,touchend,0,0,1645038868763
42257368,touchdown,268,280,1645038869402
42257368,touchmove,265,280,1645038869446
42257368,touchmove,265,281,1645038869459
42257368,touchmove,265,283,1645038869468
42257368,touchmove,266,284,1645038869476
42257368,touchmove,267,284,1645038869501
42257368,touchmove,267,283,1645038869526
42257368,touchmove,268,282,1645038869534
42257368,touchmove,269,282,1645038869543
42257368,touchend,0,0,1645038869547
42257369,touchdown,379,294,1645038870118
42257369,touchend,0,0,1645038870230
42257370,touchdown,514,301,1645038870853
42257370,touchmove,516,300,1645038870897
42257370,touchmove,516,301,1645038870910
42257370,touchmove,517,301,1645038870943
42257370,touchmove,518,301,1645038870960
42257370,touchend,0,0,1645038870963
42257371,touchmove,654,281,1645038871697
42257371,touchdown,653,283,1645038871636
42257371,touchmove,654,282,1645038871727
42257371,touchmove,655,282,1645038871744
42257371,touchmove,656,282,1645038871752
42257371,touchend,0,0,1645038871756
42257372,touchdown,777,300,1645038872396
42257372,touchend,0,0,1645038872490
42257373,touchdown,913,298,1645038873145
42257373,touchend,0,0,1645038873256
42257374,touchdown,914,444,1645038873938
42257374,touchend,0,0,1645038874057
42257375,touchdown,784,436,1645038874638
42257375,touchmove,786,435,1645038874665
42257375,touchmove,786,437,1645038874679
42257375,touchmove,786,439,1645038874687
42257375,touchmove,786,440,1645038874696
42257375,touchmove,786,441,1645038874740
42257375,touchend,0,0,1645038874749
42257376,touchdown,641,443,1645038875372
42257376,touchmove,643,444,1645038875408
42257376,touchmove,643,446,1645038875421
42257376,touchmove,643,447,1645038875429
42257376,touchmove,643,448,1645038875438
42257376,touchmove,643,446,1645038875471
42257376,touchmove,643,445,1645038875479
42257376,touchend,0,0,1645038875483
42257377,touchmove,541,430,1645038876125
42257377,touchdown,538,428,1645038876090
42257377,touchmove,541,431,1645038876138
42257377,touchmove,540,430,1645038876172
42257377,touchend,0,0,1645038876183
42257377,touchmove,540,429,1645038876180
42257378,touchdown,389,432,1645038876806
42257378,touchmove,392,435,1645038876842
42257378,touchmove,392,437,1645038876855
42257378,touchmove,391,436,1645038876897
42257378,touchmove,390,435,1645038876905
42257378,touchmove,388,435,1645038876914
42257378,touchend,0,0,1645038876917
42257379,touchdown,272,426,1645038877565
42257379,touchmove,271,427,1645038877601
42257379,touchmove,271,429,1645038877614
42257379,touchmove,271,430,1645038877622
42257379,touchmove,271,431,1645038877631
42257379,touchmove,271,429,1645038877659
42257379,touchmove,271,427,1645038877672
42257379,touchmove,271,426,1645038877681
42257379,touchmove,271,425,1645038877689
42257379,touchend,0,0,1645038877693
42257380,touchdown,283,560,1645038878299
42257380,touchmove,285,558,1645038878335
42257380,touchmove,285,559,1645038878348
42257380,touchmove,285,561,1645038878356
42257380,touchmove,284,561,1645038878381
42257380,touchmove,283,561,1645038878389
42257380,touchmove,281,561,1645038878398
42257380,touchmove,279,561,1645038878406
42257380,touchmove,276,561,1645038878414
42257380,touchmove,274,561,1645038878423
42257380,touchend,0,0,1645038878426
42257381,touchdown,398,561,1645038879058
42257381,touchmove,402,565,1645038879093
42257381,touchmove,402,568,1645038879106
42257381,touchmove,402,569,1645038879115
42257381,touchmove,402,570,1645038879131
42257381,touchmove,402,569,1645038879151
42257381,touchmove,402,568,1645038879165
42257381,touchmove,402,566,1645038879173
42257381,touchmove,401,564,1645038879182
42257381,touchmove,401,562,1645038879190
42257381,touchmove,400,560,1645038879198
42257381,touchmove,400,559,1645038879207
42257381,touchend,0,0,1645038879210
42257382,touchdown,534,560,1645038879783
42257382,touchmove,540,560,1645038879835
42257382,touchmove,540,562,1645038879849
42257382,touchmove,540,563,1645038879857
42257382,touchmove,540,564,1645038879874
42257382,touchmove,540,563,1645038879899
42257382,touchmove,539,561,1645038879907
42257382,touchmove,539,559,1645038879915
42257382,touchmove,538,556,1645038879924
42257382,touchmove,537,554,1645038879932
42257382,touchmove,536,552,1645038879940
42257382,touchmove,535,549,1645038879949
42257382,touchend,0,0,1645038879952
42257383,touchdown,662,564,1645038880533
42257383,touchmove,661,557,1645038880602
42257383,touchmove,661,558,1645038880624
42257383,touchmove,661,559,1645038880641
42257383,touchmove,661,560,1645038880649
42257383,touchend,0,0,1645038880653
42257384,touchdown,796,566,1645038881275
42257384,touchmove,794,564,1645038881328
42257384,touchmove,794,566,1645038881341
42257384,touchmove,794,567,1645038881350
42257384,touchmove,794,566,1645038881394
42257384,touchmove,794,564,1645038881408
42257384,touchmove,794,562,1645038881416
42257384,touchmove,794,561,1645038881425
42257384,touchend,0,0,1645038881429
42257385,touchdown,934,550,1645038881984
42257385,touchmove,936,552,1645038882028
42257385,touchmove,936,554,1645038882042
42257385,touchmove,936,556,1645038882050
42257385,touchmove,936,557,1645038882066
42257385,touchmove,935,557,1645038882108
42257385,touchmove,934,557,1645038882117
42257385,touchmove,934,556,1645038882125
42257385,touchmove,933,555,1645038882133
42257385,touchmove,931,554,1645038882142
42257385,touchend,0,0,1645038882145
42257386,touchdown,922,427,1645038882717
42257386,touchmove,926,427,1645038882754
42257386,touchmove,926,428,1645038882767
42257386,touchmove,926,430,1645038882775
42257386,touchmove,926,429,1645038882812
42257386,touchmove,926,428,1645038882825
42257386,touchmove,926,427,1645038882834
42257386,touchmove,926,426,1645038882842
42257386,touchend,0,0,1645038882855
42257387,touchdown,788,431,1645038883435
42257387,touchmove,789,434,1645038883471
42257387,touchmove,789,436,1645038883484
42257387,touchmove,789,437,1645038883492
42257387,touchmove,789,438,1645038883501
42257387,touchmove,789,439,1645038883509
42257387,touchmove,789,437,1645038883529
42257387,touchmove,789,434,1645038883542
42257387,touchmove,789,432,1645038883551
42257387,touchmove,789,430,1645038883559
42257387,touchmove,788,428,1645038883567
42257387,touchend,0,0,1645038883571
42257388,touchdown,651,425,1645038884111
42257388,touchmove,651,427,1645038884155
42257388,touchmove,651,428,1645038884168
42257388,touchmove,651,429,1645038884176
42257388,touchmove,651,430,1645038884184
42257388,touchmove,652,430,1645038884226
42257388,touchmove,652,429,1645038884243
42257388,touchend,0,0,1645038884255
42257389,touchdown,528,432,1645038884836
42257389,touchmove,532,433,1645038884872
42257389,touchmove,532,434,1645038884885
42257389,touchmove,532,435,1645038884893
42257389,touchmove,532,434,1645038884935
42257389,touchmove,531,432,1645038884960
42257389,touchmove,532,433,1645038884952
42257389,touchend,0,0,1645038884963
42257390,touchdown,397,425,1645038885636
42257390,touchmove,397,421,1645038885689
42257390,touchmove,397,422,1645038885702
42257390,touchmove,397,423,1645038885710
42257390,touchend,0,0,1645038885747
42257391,touchdown,259,430,1645038886345
42257391,touchmove,262,429,1645038886381
42257391,touchmove,262,430,1645038886394
42257391,touchmove,262,432,1645038886402
42257391,touchmove,263,432,1645038886419
42257391,touchmove,261,432,1645038886469
42257391,touchend,0,0,1645038886472
42257392,touchdown,257,304,1645038887130
42257392,touchend,0,0,1645038887223
42257393,touchdown,396,288,1645038887896
42257393,touchend,0,0,1645038888007
42257394,touchdown,521,296,1645038888638
42257394,touchmove,522,297,1645038888682
42257394,touchmove,522,298,1645038888695
42257394,touchmove,522,299,1645038888704
42257394,touchmove,522,298,1645038888770
42257394,touchend,0,0,1645038888774
42257395,touchdown,664,297,1645038889405
42257395,touchend,0,0,1645038889516
42257396,touchdown,802,306,1645038890090
42257396,touchmove,800,307,1645038890150
42257396,touchmove,800,308,1645038890163
42257396,touchend,0,0,1645038890225
42257397,touchdown,919,287,1645038890814
42257397,touchmove,921,288,1645038890850
42257397,touchmove,921,290,1645038890863
42257397,touchmove,921,291,1645038890872
42257397,touchmove,921,292,1645038890880
42257397,touchmove,922,292,1645038890908
42257397,touchmove,922,291,1645038890930
42257397,touchmove,923,291,1645038890938
42257397,touchend,0,0,1645038890942
42257398,touchdown,932,165,1645038891540
42257398,touchmove,934,171,1645038891576
42257398,touchmove,934,172,1645038891589
42257398,touchmove,934,171,1645038891608
42257398,touchmove,933,169,1645038891622
42257398,touchmove,931,168,1645038891630
42257398,touchend,0,0,1645038891634
42257399,touchdown,798,171,1645038892290
42257399,touchend,0,0,1645038892376
42257400,touchdown,666,167,1645038893032
42257400,touchend,0,0,1645038893110
42257401,touchdown,529,165,1645038893749
42257401,touchend,0,0,1645038893843
42257402,touchdown,413,166,1645038894483
42257402,touchmove,416,166,1645038894561
42257402,touchend,0,0,1645038894569
42257403,touchdown,267,162,1645038895233
42257403,touchend,0,0,1645038895336
42257404,touchdown,270,29,1645038896000
42257404,touchend,0,0,1645038896086
42257405,touchdown,400,36,1645038896784
42257405,touchend,0,0,1645038896878
42257406,touchdown,540,34,1645038897534
42257406,touchend,0,0,1645038897645
42257407,touchdown,652,46,1645038898343
42257407,touchend,0,0,1645038898437
42257408,touchdown,799,33,1645038899094
42257408,touchend,0,0,1645038899188
42257409,touchdown,926,25,1645038899886
42257409,touchmove,933,17,1645038899913
42257409,touchmove,934,17,1645038899927
42257409,touchmove,936,16,1645038899935
42257409,touchmove,936,15,1645038899952
42257409,touchmove,937,15,1645038899960
42257409,touchmove,934,15,1645038899985
42257409,touchend,0,0,1645038899988
42257410,touchdown,924,156,1645038900611
42257410,touchmove,926,156,1645038900677
42257410,touchmove,925,156,1645038900697
42257410,touchmove,924,156,1645038900710
42257410,touchmove,921,156,1645038900719
42257410,touchmove,917,156,1645038900727
42257410,touchend,0,0,1645038900731
42257410,touchmove,926,155,1645038900656
42257411,touchdown,802,177,1645038901362
42257411,touchend,0,0,1645038901464
42257412,touchdown,649,171,1645038902079
42257412,touchmove,653,169,1645038902165
42257412,touchend,0,0,1645038902173
42257413,touchdown,524,158,1645038902829
42257413,touchend,0,0,1645038902949
42257414,touchdown,410,167,1645038903555
42257414,touchend,0,0,1645038903632
42257415,touchdown,268,152,1645038904280
42257415,touchend,0,0,1645038904383
42257416,touchdown,264,285,1645038905014
42257416,touchmove,269,284,1645038905050
42257416,touchmove,269,286,1645038905063
42257416,touchmove,269,287,1645038905071
42257416,touchmove,269,288,1645038905088
42257416,touchmove,269,287,1645038905116
42257416,touchmove,268,287,1645038905130
42257416,touchend,0,0,1645038905133
42257417,touchdown,390,302,1645038905739
42257417,touchend,0,0,1645038905859
42257418,touchdown,536,302,1645038906507
42257418,touchend,0,0,1645038906575
42257419,touchdown,676,299,1645038907257
42257419,touchend,0,0,1645038907335
42257420,touchdown,794,292,1645038907941
42257420,touchend,0,0,1645038908043
42257421,touchdown,926,281,1645038908699
42257421,touchend,0,0,1645038908835
42257422,touchdown,934,435,1645038909542
42257422,touchmove,936,426,1645038909577
42257422,touchmove,936,425,1645038909591
42257422,touchmove,936,424,1645038909599
42257422,touchmove,936,423,1645038909607
42257422,touchmove,935,422,1645038909624
42257422,touchend,0,0,1645038909627
42257423,touchdown,794,432,1645038910283
42257423,touchend,0,0,1645038910394
42257424,touchdown,666,430,1645038911059
42257424,touchend,0,0,1645038911145
42257425,touchdown,519,428,1645038911793
42257425,touchend,0,0,1645038911879
42257426,touchdown,412,418,1645038912551
42257426,touchend,0,0,1645038912646
42257427,touchdown,273,413,1645038913293
42257427,touchend,0,0,1645038913388
42257428,touchdown,276,531,1645038914020
42257428,touchmove,275,529,1645038914063
42257428,touchmove,275,531,1645038914076
42257428,touchmove,274,531,1645038914101
42257428,touchmove,272,531,1645038914118
42257428,touchmove,271,531,1645038914126
42257428,touchmove,270,531,1645038914135
42257428,touchmove,269,529,1645038914143
42257428,touchend,0,0,1645038914146
42257429,touchdown,410,569,1645038914777
42257429,touchmove,409,569,1645038914814
42257429,touchmove,409,570,1645038914827
42257429,touchmove,409,571,1645038914835
42257429,touchmove,409,570,1645038914863
42257429,touchmove,409,568,1645038914877
42257429,touchmove,408,566,1645038914885
42257429,touchmove,408,563,1645038914897
42257429,touchend,0,0,1645038914897
42257430,touchdown,528,569,1645038915561
42257430,touchmove,535,573,1645038915598
42257430,touchmove,534,572,1645038915652
42257430,touchmove,534,571,1645038915661
42257430,touchmove,533,570,1645038915669
42257430,touchmove,531,569,1645038915677
42257430,touchend,0,0,1645038915681
42257431,touchdown,660,568,1645038916345
42257431,touchend,0,0,1645038916448
42257432,touchdown,793,561,1645038917087
42257432,touchend,0,0,1645038917173
42257433,touchdown,925,561,1645038917854
42257433,touchend,0,0,1645038917965
42257434,touchdown,917,431,1645038918578
42257434,touchend,0,0,1645038918691
42257435,touchdown,792,417,1645038919371
42257435,touchend,0,0,1645038919458
42257436,touchdown,667,434,1645038920139
42257436,touchend,0,0,1645038920225
42257437,touchdown,526,438,1645038920898
42257437,touchmove,529,436,1645038920950
42257437,touchmove,529,437,1645038920972
42257437,touchend,0,0,1645038921026
42257438,touchdown,410,411,1645038921641
42257438,touchmove,408,411,1645038921684
42257438,touchmove,408,413,1645038921697
42257438,touchmove,408,414,1645038921714
42257438,touchmove,408,415,1645038921723
42257438,touchmove,408,416,1645038921747
42257438,touchend,0,0,1645038921768
42257439,touchdown,271,420,1645038922423
42257439,touchmove,274,419,1645038922485
42257439,touchmove,274,420,1645038922498
42257439,touchmove,274,421,1645038922515
42257439,touchmove,275,421,1645038922531
42257439,touchmove,276,421,1645038922548
42257439,touchmove,277,421,1645038922573
42257439,touchend,0,0,1645038922585
42257440,touchdown,278,279,1645038923241
42257440,touchend,0,0,1645038923394
42257441,touchdown,398,278,1645038923982
42257441,touchmove,398,275,1645038924061
42257441,touchmove,398,276,1645038924074
42257441,touchend,0,0,1645038924152
42257442,touchdown,524,292,1645038924775
42257442,touchend,0,0,1645038924903
42257443,touchdown,671,296,1645038925575
42257443,touchend,0,0,1645038925704
42257444,touchdown,793,284,1645038926343
42257444,touchend,0,0,1645038926471
42257445,touchdown,913,293,1645038927102
42257445,touchend,0,0,1645038927229
42257446,touchdown,917,172,1645038927835
42257446,touchend,0,0,1645038927930
42257447,touchdown,790,167,1645038928552
42257447,touchend,0,0,1645038928655
42257448,touchdown,646,170,1645038929261
42257448,touchmove,648,167,1645038929339
42257448,touchend,0,0,1645038929346
42257449,touchdown,535,161,1645038929978
42257449,touchend,0,0,1645038930056
42257450,touchdown,406,167,1645038930670
42257450,touchend,0,0,1645038930748
42257451,touchdown,286,154,1645038931395
42257451,touchmove,285,152,1645038931473
42257451,touchend,0,0,1645038931481
42257452,touchdown,255,39,1645038932130
42257452,touchend,0,0,1645038932157
42257453,touchdown,403,29,1645038932830
42257453,touchend,0,0,1645038932874
42257454,touchdown,538,27,1645038933505
42257454,touchend,0,0,1645038933582
42257455,touchdown,666,34,1645038934221
42257455,touchend,0,0,1645038934316
42257456,touchdown,796,29,1645038934989
42257456,touchend,0,0,1645038935059
42257457,touchdown,941,19,1645038935789
42257457,touchend,0,0,1645038935875
42257458,touchdown,932,162,1645038936523
42257458,touchend,0,0,1645038936609
42257459,touchdown,800,162,1645038937249
42257459,touchend,0,0,1645038937352
42257460,touchdown,660,160,1645038937982
42257460,touchend,0,0,1645038938077
42257461,touchdown,533,163,1645038938707
42257461,touchend,0,0,1645038938786
42257462,touchdown,402,151,1645038939409
42257462,touchend,0,0,1645038939486
42257463,touchdown,262,153,1645038940134
42257463,touchmove,261,153,1645038940203
42257463,touchend,0,0,1645038940211
42257464,touchdown,266,285,1645038940943
42257464,touchend,0,0,1645038941045
42257465,touchdown,397,283,1645038941727
42257465,touchend,0,0,1645038941805
42257466,touchdown,547,295,1645038942518
42257466,touchend,0,0,1645038942588
42257467,touchdown,643,303,1645038943261
42257467,touchend,0,0,1645038943330
42257468,touchdown,798,290,1645038944003
42257468,touchend,0,0,1645038944081
42257469,touchdown,932,294,1645038944761
42257469,touchend,0,0,1645038944831
42257470,touchdown,920,427,1645038945529
42257470,touchend,0,0,1645038945598
42257471,touchdown,803,411,1645038946271
42257471,touchend,0,0,1645038946356
42257472,touchdown,663,449,1645038947013
42257472,touchend,0,0,1645038947074
42257473,touchdown,522,430,1645038947763
42257473,touchend,0,0,1645038947816
42257474,touchdown,403,417,1645038948497
42257474,touchend,0,0,1645038948566
42257475,touchdown,264,422,1645038949223
42257475,touchend,0,0,1645038949267
42257476,touchdown,252,564,1645038949973
42257476,touchend,0,0,1645038950051
42257477,touchdown,414,559,1645038950698
42257477,touchend,0,0,1645038950759
42257478,touchdown,534,564,1645038951449
42257478,touchend,0,0,1645038951476
42257479,touchdown,657,561,1645038952174
42257479,touchend,0,0,1645038952235
42257480,touchdown,795,555,1645038952925
42257480,touchend,0,0,1645038953019
42257481,touchdown,929,561,1645038953667
42257481,touchend,0,0,1645038953769
42257482,touchdown,918,428,1645038954401
42257482,touchend,0,0,1645038954486
42257483,touchdown,791,435,1645038955151
42257483,touchend,0,0,1645038955220
42257484,touchdown,657,436,1645038955884
42257484,touchend,0,0,1645038955963
42257485,touchdown,544,421,1645038956576
42257485,touchend,0,0,1645038956654
42257486,touchdown,393,423,1645038957319
42257486,touchend,0,0,1645038957371
42257487,touchdown,269,412,1645038957960
42257487,touchend,0,0,1645038958047
42257488,touchdown,257,283,1645038958661
42257488,touchend,0,0,1645038958747
42257489,touchdown,400,289,1645038959368
42257489,touchend,0,0,1645038959456
42257490,touchdown,512,307,1645038960084
42257490,touchend,0,0,1645038960181
42257491,touchdown,667,304,1645038960812
42257491,touchend,0,0,1645038960881
42257492,touchdown,796,293,1645038961579
42257492,touchend,0,0,1645038961624
