42257790,touchdown,928,557,1645039306669
42257790,touchmove,928,566,1645039306695
42257790,touchmove,928,569,1645039306709
42257790,touchmove,927,573,1645039306717
42257790,touchmove,927,571,1645039306742
42257790,touchmove,927,566,1645039306751
42257790,touchmove,927,559,1645039306759
42257790,touchmove,923,555,1645039306767
42257790,touchend,0,0,1645039306771
42257791,touchdown,769,551,1645039307010
42257791,touchmove,771,558,1645039307026
42257791,touchmove,771,568,1645039307043
42257791,touchmove,772,571,1645039307059
42257791,touchmove,772,567,1645039307076
42257791,touchmove,772,561,1645039307084
42257791,touchmove,772,558,1645039307093
42257791,touchmove,771,556,1645039307101
42257791,touchend,0,0,1645039307104
42257792,touchdown,654,544,1645039307418
42257792,touchmove,655,548,1645039307437
42257792,touchmove,655,553,1645039307451
42257792,touchmove,656,557,1645039307460
42257792,touchmove,656,559,1645039307468
42257792,touchmove,656,557,1645039307501
42257792,touchmove,656,554,1645039307509
42257792,touchmove,656,552,1645039307518
42257792,touchmove,656,549,1645039307526
42257792,touchmove,656,547,1645039307534
42257792,touchmove,655,545,1645039307543
42257792,touchend,0,0,1645039307547
42257793,touchdown,526,553,1645039307877
42257793,touchmove,526,550,1645039307887
42257793,touchmove,528,556,1645039307901
42257793,touchmove,528,561,1645039307910
42257793,touchmove,528,566,1645039307918
42257793,touchmove,528,568,1645039307926
42257793,touchmove,528,566,1645039307960
42257793,touchmove,528,563,1645039307968
42257793,touchmove,528,560,1645039307976
42257793,touchmove,528,557,1645039307985
42257793,touchmove,528,554,1645039307993
42257793,touchmove,526,550,1645039308001
42257793,touchend,0,0,1645039308005
42257794,touchdown,402,533,1645039308360
42257794,touchmove,403,541,1645039308380
42257794,touchmove,403,546,1645039308393
42257794,touchmove,404,550,1645039308402
42257794,touchmove,404,552,1645039308410
42257794,touchmove,404,553,1645039308418
42257794,touchmove,404,552,1645039308438
42257794,touchmove,404,551,1645039308452
42257794,touchmove,404,549,1645039308460
42257794,touchmove,404,547,1645039308468
42257794,touchmove,404,543,1645039308477
42257794,touchmove,404,540,1645039308485
42257794,touchmove,403,536,1645039308493
42257794,touchmove,401,533,1645039308502
42257794,touchend,0,0,1645039308505
42257795,touchdown,269,554,1645039308877
42257795,touchmove,269,550,1645039308888
42257795,touchmove,269,551,1645039308894
42257795,touchmove,270,556,1645039308902
42257795,touchmove,271,562,1645039308910
42257795,touchmove,272,566,1645039308919
42257795,touchmove,273,568,1645039308927
42257795,touchmove,273,566,1645039308960
42257795,touchmove,273,564,1645039308969
42257795,touchmove,272,562,1645039308977
42257795,touchmove,272,559,1645039308985
42257795,touchmove,271,557,1645039308994
42257795,touchmove,271,554,1645039309002
42257795,touchmove,270,551,1645039309010
42257795,touchmove,269,548,1645039309019
42257795,touchend,0,0,1645039309022
42257796,touchdown,276,421,1645039309345
42257796,touchmove,279,430,1645039309363
42257796,touchmove,279,436,1645039309377
42257796,touchmove,279,440,1645039309386
42257796,touchmove,279,442,1645039309394
42257796,touchmove,279,443,1645039309402
42257796,touchmove,279,441,1645039309444
42257796,touchmove,279,439,1645039309452
42257796,touchmove,279,437,1645039309461
42257796,touchmove,279,435,1645039309469
42257796,touchmove,279,432,1645039309477
42257796,touchmove,279,429,1645039309486
42257796,touchmove,279,426,1645039309494
42257796,touchmove,280,423,1645039309502
42257796,touchmove,283,421,1645039309511
42257796,touchend,0,0,1645039309514
42257797,touchdown,392,410,1645039309819
42257797,touchmove,392,415,1645039309830
42257797,touchmove,394,422,1645039309836
42257797,touchmove,394,428,1645039309844
42257797,touchmove,395,432,1645039309852
42257797,touchmove,395,431,1645039309902
42257797,touchmove,395,429,1645039309911
42257797,touchmove,395,428,1645039309919
42257797,touchmove,395,426,1645039309928
42257797,touchmove,395,425,1645039309936
42257797,touchmove,395,423,1645039309944
42257797,touchmove,395,421,1645039309952
42257797,touchmove,395,420,1645039309961
42257797,touchmove,396,417,1645039309969
42257797,touchmove,398,416,1645039309978
42257797,touchmove,400,414,1645039309986
42257797,touchmove,403,413,1645039309994
42257797,touchend,0,0,1645039309997
42257798,touchdown,534,416,1645039310362
42257798,touchmove,535,425,1645039310381
42257798,touchmove,535,432,1645039310394
42257798,touchmove,536,437,1645039310403
42257798,touchmove,536,440,1645039310411
42257798,touchmove,536,441,1645039310420
42257798,touchmove,537,441,1645039310440
42257798,touchmove,537,440,1645039310453
42257798,touchmove,537,439,1645039310461
42257798,touchmove,538,437,1645039310469
42257798,touchmove,538,436,1645039310478
42257798,touchmove,538,434,1645039310486
42257798,touchmove,538,432,1645039310495
42257798,touchmove,538,430,1645039310503
42257798,touchmove,538,427,1645039310511
42257798,touchmove,538,425,1645039310519
42257798,touchmove,538,422,1645039310528
42257798,touchmove,539,420,1645039310536
42257798,touchend,0,0,1645039310540
42257799,touchdown,661,405,1645039310887
42257799,touchmove,663,413,1645039310903
42257799,touchmove,664,418,1645039310911
42257799,touchmove,665,423,1645039310920
42257799,touchmove,665,425,1645039310928
42257799,touchmove,665,426,1645039310936
42257799,touchmove,665,425,1645039310956
42257799,touchmove,665,424,1645039310970
42257799,touchmove,665,422,1645039310978
42257799,touchmove,665,421,1645039310986
42257799,touchmove,666,421,1645039310995
42257799,touchmove,667,421,1645039311003
42257799,touchmove,668,422,1645039311012
42257799,touchmove,671,423,1645039311020
42257799,touchmove,674,425,1645039311028
42257799,touchmove,677,425,1645039311037
42257799,touchmove,682,426,1645039311045
42257799,touchend,0,0,1645039311049
42257800,touchdown,777,420,1645039311354
42257800,touchmove,776,426,1645039311370
42257800,touchmove,777,433,1645039311378
42257800,touchmove,777,439,1645039311387
42257800,touchmove,777,442,1645039311395
42257800,touchmove,777,443,1645039311403
42257800,touchmove,777,442,1645039311445
42257800,touchmove,777,440,1645039311454
42257800,touchmove,777,439,1645039311462
42257800,touchmove,777,437,1645039311470
42257800,touchmove,777,435,1645039311478
42257800,touchmove,777,434,1645039311487
42257800,touchmove,777,431,1645039311495
42257800,touchmove,778,429,1645039311503
42257800,touchmove,778,426,1645039311512
42257800,touchmove,779,423,1645039311520
42257800,touchmove,781,421,1645039311528
42257800,touchend,0,0,1645039311533
42257801,touchdown,931,422,1645039311855
42257801,touchmove,931,429,1645039311874
42257801,touchmove,931,435,1645039311887
42257801,touchmove,931,439,1645039311895
42257801,touchmove,931,441,1645039311904
42257801,touchmove,931,440,1645039311932
42257801,touchmove,931,439,1645039311945
42257801,touchmove,931,437,1645039311954
42257801,touchmove,931,435,1645039311962
42257801,touchmove,931,434,1645039311970
42257801,touchmove,931,432,1645039311979
42257801,touchmove,931,431,1645039311987
42257801,touchmove,931,429,1645039311995
42257801,touchmove,931,427,1645039312004
42257801,touchmove,931,426,1645039312012
42257801,touchmove,933,425,1645039312020
42257801,touchmove,934,424,1645039312029
42257801,touchmove,936,423,1645039312037
42257801,touchend,0,0,1645039312040
42257802,touchdown,927,273,1645039312337
42257802,touchmove,927,283,1645039312354
42257802,touchmove,927,290,1645039312362
42257802,touchmove,927,294,1645039312370
42257802,touchmove,927,297,1645039312379
42257802,touchmove,927,298,1645039312387
42257802,touchmove,927,297,1645039312421
42257802,touchmove,927,296,1645039312429
42257802,touchmove,927,295,1645039312437
42257802,touchmove,927,294,1645039312446
42257802,touchmove,927,292,1645039312454
42257802,touchmove,927,290,1645039312462
42257802,touchmove,927,289,1645039312471
42257802,touchmove,927,288,1645039312479
42257802,touchmove,927,285,1645039312487
42257802,touchmove,927,283,1645039312496
42257802,touchmove,927,281,1645039312504
42257802,touchmove,927,278,1645039312512
42257802,touchmove,927,277,1645039312521
42257802,touchend,0,0,1645039312524
42257803,touchdown,786,267,1645039312872
42257803,touchmove,787,272,1645039312899
42257803,touchmove,787,278,1645039312913
42257803,touchmove,787,282,1645039312921
42257803,touchmove,787,286,1645039312929
42257803,touchmove,787,288,1645039312938
42257803,touchmove,787,289,1645039312946
42257803,touchmove,787,288,1645039312982
42257803,touchmove,787,287,1645039312996
42257803,touchmove,787,285,1645039313004
42257803,touchmove,787,284,1645039313013
42257803,touchmove,787,281,1645039313021
42257803,touchmove,787,279,1645039313029
42257803,touchmove,787,276,1645039313038
42257803,touchmove,787,273,1645039313046
42257803,touchmove,787,270,1645039313054
42257803,touchmove,787,268,1645039313063
42257803,touchend,0,0,1645039313066
42257804,touchdown,657,285,1645039313356
42257804,touchmove,661,289,1645039313374
42257804,touchmove,661,295,1645039313388
42257804,touchmove,661,300,1645039313396
42257804,touchmove,661,303,1645039313404
42257804,touchmove,661,304,1645039313413
42257804,touchmove,661,305,1645039313421
42257804,touchmove,661,304,1645039313449
42257804,touchmove,661,303,1645039313463
42257804,touchmove,661,302,1645039313471
42257804,touchmove,661,301,1645039313480
42257804,touchmove,661,299,1645039313488
42257804,touchmove,661,298,1645039313496
42257804,touchmove,661,295,1645039313505
42257804,touchmove,661,293,1645039313513
42257804,touchmove,661,290,1645039313521
42257804,touchmove,661,286,1645039313530
42257804,touchmove,661,283,1645039313538
42257804,touchend,0,0,1645039313541
42257805,touchmove,529,293,1645039313825
42257805,touchdown,525,290,1645039313806
42257805,touchmove,529,299,1645039313838
42257805,touchmove,529,304,1645039313846
42257805,touchmove,530,306,1645039313855
42257805,touchmove,530,307,1645039313863
42257805,touchmove,530,307,1645039313899
42257805,touchmove,530,308,1645039313871
42257805,touchmove,530,305,1645039313922
42257805,touchmove,530,304,1645039313930
42257805,touchmove,530,303,1645039313938
42257805,touchmove,530,302,1645039313947
42257805,touchmove,530,300,1645039313955
42257805,touchmove,530,296,1645039313971
42257805,touchmove,530,298,1645039313963
42257805,touchmove,530,293,1645039313980
42257805,touchmove,528,290,1645039313988
42257805,touchmove,523,288,1645039313997
42257805,touchend,0,0,1645039314000
42257806,touchdown,387,286,1645039314248
42257806,touchmove,389,291,1645039314266
42257806,touchmove,389,297,1645039314280
42257806,touchmove,390,302,1645039314288
42257806,touchmove,390,304,1645039314296
42257806,touchmove,390,305,1645039314305
42257806,touchmove,390,304,1645039314341
42257806,touchmove,390,303,1645039314355
42257806,touchmove,390,301,1645039314372
42257806,touchmove,390,300,1645039314380
42257806,touchmove,390,299,1645039314388
42257806,touchmove,390,297,1645039314397
42257806,touchmove,390,295,1645039314405
42257806,touchmove,390,292,1645039314413
42257806,touchmove,389,290,1645039314422
42257806,touchmove,387,288,1645039314430
42257806,touchend,0,0,1645039314434
42257807,touchdown,257,283,1645039314756
42257807,touchmove,260,292,1645039314775
42257807,touchmove,260,297,1645039314788
42257807,touchmove,260,300,1645039314797
42257807,touchmove,261,302,1645039314805
42257807,touchmove,261,301,1645039314847
42257807,touchmove,261,299,1645039314855
42257807,touchmove,261,298,1645039314864
42257807,touchmove,261,297,1645039314872
42257807,touchmove,261,296,1645039314880
42257807,touchmove,261,294,1645039314889
42257807,touchmove,261,293,1645039314905
42257807,touchmove,261,292,1645039314914
42257807,touchmove,261,291,1645039314922
42257807,touchend,0,0,1645039314926
42257808,touchdown,271,158,1645039315229
42257808,touchmove,273,167,1645039315247
42257808,touchmove,274,173,1645039315255
42257808,touchmove,274,177,1645039315264
42257808,touchmove,274,180,1645039315272
42257808,touchmove,274,181,1645039315280
42257808,touchmove,274,180,1645039315325
42257808,touchmove,274,179,1645039315339
42257808,touchmove,274,178,1645039315347
42257808,touchmove,274,177,1645039315356
42257808,touchmove,274,176,1645039315364
42257808,touchmove,274,175,1645039315372
42257808,touchmove,274,172,1645039315381
42257808,touchmove,274,170,1645039315389
42257808,touchmove,274,166,1645039315397
42257808,touchmove,274,162,1645039315406
42257808,touchmove,274,159,1645039315414
42257808,touchend,0,0,1645039315418
42257809,touchdown,401,165,1645039315757
42257809,touchmove,404,171,1645039315772
42257809,touchmove,405,179,1645039315781
42257809,touchmove,405,184,1645039315789
42257809,touchmove,405,187,1645039315797
42257809,touchmove,405,185,1645039315839
42257809,touchmove,405,184,1645039315847
42257809,touchmove,405,182,1645039315856
42257809,touchmove,405,180,1645039315864
42257809,touchmove,405,178,1645039315873
42257809,touchmove,405,176,1645039315881
42257809,touchmove,405,173,1645039315889
42257809,touchmove,405,170,1645039315898
42257809,touchmove,406,168,1645039315906
42257809,touchmove,406,167,1645039315914
42257809,touchend,0,0,1645039315918
42257810,touchdown,538,157,1645039316290
42257810,touchmove,538,161,1645039316300
42257810,touchmove,540,167,1645039316307
42257810,touchmove,540,173,1645039316314
42257810,touchmove,540,176,1645039316323
42257810,touchmove,540,178,1645039316331
42257810,touchmove,540,176,1645039316359
42257810,touchmove,540,174,1645039316373
42257810,touchmove,540,173,1645039316381
42257810,touchmove,540,172,1645039316390
42257810,touchmove,541,170,1645039316398
42257810,touchmove,542,170,1645039316406
42257810,touchmove,542,169,1645039316415
42257810,touchend,0,0,1645039316418
42257811,touchdown,652,169,1645039316816
42257811,touchmove,653,176,1645039316831
42257811,touchmove,653,181,1645039316840
42257811,touchmove,653,186,1645039316848
42257811,touchmove,653,189,1645039316856
42257811,touchmove,653,190,1645039316865
42257811,touchmove,653,188,1645039316893
42257811,touchmove,653,186,1645039316906
42257811,touchmove,653,185,1645039316915
42257811,touchmove,653,183,1645039316923
42257811,touchmove,653,182,1645039316932
42257811,touchmove,654,180,1645039316940
42257811,touchmove,655,178,1645039316948
42257811,touchmove,656,177,1645039316957
42257811,touchend,0,0,1645039316960
42257812,touchdown,803,161,1645039317325
42257812,touchmove,806,167,1645039317343
42257812,touchmove,806,173,1645039317357
42257812,touchmove,806,177,1645039317365
42257812,touchmove,806,180,1645039317374
42257812,touchmove,806,181,1645039317382
42257812,touchmove,806,179,1645039317402
42257812,touchmove,806,177,1645039317415
42257812,touchmove,806,176,1645039317423
42257812,touchmove,806,174,1645039317432
42257812,touchmove,806,173,1645039317440
42257812,touchmove,806,172,1645039317449
42257812,touchmove,806,171,1645039317457
42257812,touchmove,806,170,1645039317465
42257812,touchend,0,0,1645039317477
42257813,touchdown,943,161,1645039317817
42257813,touchmove,943,172,1645039317835
42257813,touchmove,943,177,1645039317848
42257813,touchmove,943,179,1645039317857
42257813,touchmove,942,180,1645039317865
42257813,touchmove,942,179,1645039317885
42257813,touchmove,942,177,1645039317899
42257813,touchmove,942,176,1645039317907
42257813,touchmove,942,174,1645039317915
42257813,touchmove,942,172,1645039317924
42257813,touchmove,942,171,1645039317932
42257813,touchmove,942,169,1645039317940
42257813,touchmove,942,168,1645039317949
42257813,touchmove,942,166,1645039317957
42257813,touchend,0,0,1645039317961
42257814,touchdown,941,25,1645039318316
42257814,touchmove,942,35,1645039318335
42257814,touchmove,942,40,1645039318349
42257814,touchmove,942,44,1645039318357
42257814,touchmove,942,45,1645039318366
42257814,touchmove,942,44,1645039318407
42257814,touchmove,942,43,1645039318416
42257814,touchmove,942,41,1645039318424
42257814,touchmove,942,39,1645039318432
42257814,touchmove,942,38,1645039318441
42257814,touchmove,942,36,1645039318449
42257814,touchmove,942,35,1645039318457
42257814,touchmove,942,34,1645039318466
42257814,touchmove,941,33,1645039318474
42257814,touchmove,939,31,1645039318482
42257814,touchend,0,0,1645039318486
42257815,touchdown,795,26,1645039318816
42257815,touchmove,796,36,1645039318844
42257815,touchmove,796,39,1645039318857
42257815,touchmove,796,41,1645039318866
42257815,touchmove,796,43,1645039318874
42257815,touchmove,796,42,1645039318911
42257815,touchmove,796,40,1645039318924
42257815,touchmove,796,39,1645039318933
42257815,touchmove,796,38,1645039318941
42257815,touchmove,796,36,1645039318949
42257815,touchmove,796,34,1645039318958
42257815,touchmove,796,31,1645039318966
42257815,touchmove,796,29,1645039318974
42257815,touchmove,796,26,1645039318983
42257815,touchmove,796,24,1645039318991
42257815,touchend,0,0,1645039318995
42257816,touchdown,641,24,1645039319317
42257816,touchmove,643,29,1645039319333
42257816,touchmove,644,35,1645039319341
42257816,touchmove,644,40,1645039319349
42257816,touchmove,644,43,1645039319358
42257816,touchmove,644,44,1645039319366
42257816,touchmove,644,43,1645039319408
42257816,touchmove,644,41,1645039319416
42257816,touchmove,644,39,1645039319433
42257816,touchmove,644,38,1645039319441
42257816,touchmove,644,37,1645039319450
42257816,touchmove,644,35,1645039319458
42257816,touchmove,644,33,1645039319466
42257816,touchmove,644,31,1645039319475
42257816,touchmove,644,29,1645039319483
42257816,touchmove,644,27,1645039319491
42257816,touchmove,643,25,1645039319500
42257816,touchend,0,0,1645039319503
42257817,touchdown,540,16,1645039319784
42257817,touchmove,544,21,1645039319803
42257817,touchmove,544,27,1645039319816
42257817,touchmove,544,31,1645039319825
42257817,touchmove,544,34,1645039319833
42257817,touchmove,544,33,1645039319883
42257817,touchmove,544,31,1645039319892
42257817,touchmove,544,30,1645039319900
42257817,touchmove,544,29,1645039319908
42257817,touchmove,544,27,1645039319917
42257817,touchmove,544,25,1645039319925
42257817,touchmove,544,24,1645039319933
42257817,touchmove,543,21,1645039319942
42257817,touchmove,543,19,1645039319950
42257817,touchmove,541,17,1645039319958
42257817,touchend,0,0,1645039319962
42257818,touchdown,395,10,1645039320285
42257818,touchmove,399,16,1645039320303
42257818,touchmove,399,21,1645039320317
42257818,touchmove,399,24,1645039320325
42257818,touchmove,399,26,1645039320333
42257818,touchmove,399,25,1645039320383
42257818,touchmove,399,24,1645039320392
42257818,touchmove,399,22,1645039320400
42257818,touchmove,399,20,1645039320409
42257818,touchmove,399,19,1645039320417
42257818,touchmove,398,16,1645039320425
42257818,touchmove,398,14,1645039320434
42257818,touchmove,397,12,1645039320442
42257818,touchmove,394,10,1645039320450
42257818,touchend,0,0,1645039320454
42257819,touchdown,274,23,1645039320776
42257819,touchmove,276,26,1645039320804
42257819,touchmove,276,31,1645039320817
42257819,touchmove,277,34,1645039320825
42257819,touchmove,277,36,1645039320834
42257819,touchmove,277,37,1645039320842
42257819,touchmove,277,36,1645039320884
42257819,touchmove,277,35,1645039320892
42257819,touchmove,277,34,1645039320909
42257819,touchmove,277,33,1645039320917
42257819,touchend,0,0,1645039320938
42257820,touchdown,264,138,1645039321293
42257820,touchmove,269,147,1645039321329
42257820,touchmove,269,151,1645039321342
42257820,touchmove,269,152,1645039321351
42257820,touchmove,269,153,1645039321359
42257820,touchmove,269,151,1645039321401
42257820,touchmove,269,150,1645039321409
42257820,touchmove,269,149,1645039321417
42257820,touchmove,269,148,1645039321426
42257820,touchmove,269,146,1645039321434
42257820,touchmove,269,145,1645039321442
42257820,touchmove,269,144,1645039321451
42257820,touchend,0,0,1645039321454
42257821,touchdown,402,163,1645039321803
42257821,touchmove,407,169,1645039321838
42257821,touchmove,407,171,1645039321851
42257821,touchmove,407,173,1645039321859
42257821,touchmove,407,174,1645039321868
42257821,touchmove,407,173,1645039321926
42257821,touchmove,407,172,1645039321934
42257821,touchmove,407,171,1645039321943
42257821,touchmove,409,170,1645039321951
42257821,touchmove,410,170,1645039321960
42257821,touchmove,412,169,1645039321968
42257821,touchend,0,0,1645039321971
42257822,touchdown,534,153,1645039322311
42257822,touchmove,537,162,1645039322329
42257822,touchmove,537,167,1645039322343
42257822,touchmove,538,171,1645039322351
42257822,touchmove,538,173,1645039322359
42257822,touchmove,539,174,1645039322368
42257822,touchmove,539,175,1645039322376
42257822,touchmove,539,174,1645039322396
42257822,touchmove,539,172,1645039322410
42257822,touchmove,539,171,1645039322418
42257822,touchmove,539,169,1645039322426
42257822,touchmove,539,167,1645039322435
42257822,touchmove,539,166,1645039322443
42257822,touchmove,539,164,1645039322451
42257822,touchmove,539,162,1645039322460
42257822,touchmove,539,160,1645039322468
42257822,touchmove,540,158,1645039322476
42257822,touchend,0,0,1645039322480
42257823,touchdown,674,166,1645039322852
42257823,touchmove,677,176,1645039322889
42257823,touchmove,677,178,1645039322902
42257823,touchmove,677,177,1645039322935
42257823,touchmove,679,176,1645039322943
42257823,touchmove,680,175,1645039322952
42257823,touchmove,682,174,1645039322960
42257823,touchend,0,0,1645039322963
42257824,touchdown,816,162,1645039323320
42257824,touchmove,816,167,1645039323356
42257824,touchmove,816,170,1645039323369
42257824,touchmove,816,172,1645039323377
42257824,touchmove,817,174,1645039323385
42257824,touchmove,817,175,1645039323394
42257824,touchmove,818,175,1645039323410
42257824,touchmove,819,175,1645039323427
42257824,touchmove,820,175,1645039323435
42257824,touchmove,821,175,1645039323444
42257824,touchmove,823,174,1645039323452
42257824,touchmove,824,173,1645039323460
42257824,touchmove,825,172,1645039323469
42257824,touchmove,826,171,1645039323477
42257824,touchend,0,0,1645039323481
42257825,touchdown,918,158,1645039323812
42257825,touchmove,919,168,1645039323830
42257825,touchmove,919,172,1645039323844
42257825,touchmove,919,175,1645039323852
42257825,touchmove,919,176,1645039323860
42257825,touchmove,919,175,1645039323880
42257825,touchmove,919,173,1645039323894
42257825,touchmove,919,170,1645039323902
42257825,touchmove,919,168,1645039323910
42257825,touchmove,919,167,1645039323919
42257825,touchmove,920,166,1645039323927
42257825,touchmove,920,165,1645039323944
42257825,touchend,0,0,1645039323964
42257826,touchdown,920,297,1645039324328
42257826,touchmove,922,307,1645039324364
42257826,touchmove,922,309,1645039324377
42257826,touchmove,922,310,1645039324386
42257826,touchmove,922,309,1645039324406
42257826,touchmove,922,308,1645039324419
42257826,touchmove,922,305,1645039324427
42257826,touchmove,922,303,1645039324436
42257826,touchmove,922,301,1645039324444
42257826,touchmove,921,299,1645039324453
42257826,touchmove,920,298,1645039324461
42257826,touchend,0,0,1645039324465
42257827,touchdown,800,281,1645039324770
42257827,touchmove,802,285,1645039324797
42257827,touchmove,802,289,1645039324811
42257827,touchmove,802,293,1645039324819
42257827,touchmove,802,294,1645039324828
42257827,touchmove,802,295,1645039324836
42257827,touchmove,802,294,1645039324869
42257827,touchmove,802,293,1645039324878
42257827,touchmove,802,291,1645039324886
42257827,touchmove,802,289,1645039324894
42257827,touchmove,802,288,1645039324903
42257827,touchmove,802,286,1645039324911
42257827,touchmove,802,284,1645039324920
42257827,touchmove,801,283,1645039324928
42257827,touchmove,799,281,1645039324936
42257827,touchmove,795,280,1645039324944
42257827,touchend,0,0,1645039324948
42257828,touchdown,674,287,1645039325237
42257828,touchmove,672,290,1645039325264
42257828,touchmove,672,294,1645039325278
42257828,touchmove,673,298,1645039325286
42257828,touchmove,673,300,1645039325295
42257828,touchmove,674,300,1645039325303
42257828,touchmove,674,298,1645039325336
42257828,touchmove,674,297,1645039325345
42257828,touchmove,674,294,1645039325353
42257828,touchmove,674,292,1645039325361
42257828,touchmove,674,291,1645039325370
42257828,touchmove,674,290,1645039325378
42257828,touchmove,674,288,1645039325386
42257828,touchmove,674,287,1645039325395
42257828,touchmove,672,287,1645039325403
42257828,touchend,0,0,1645039325407
42257829,touchdown,530,284,1645039325737
42257829,touchmove,533,287,1645039325756
42257829,touchmove,533,291,1645039325770
42257829,touchmove,534,295,1645039325778
42257829,touchmove,534,297,1645039325786
42257829,touchmove,535,298,1645039325795
42257829,touchmove,535,297,1645039325823
42257829,touchmove,535,296,1645039325836
42257829,touchmove,535,294,1645039325845
42257829,touchmove,534,292,1645039325853
42257829,touchmove,533,289,1645039325862
42257829,touchmove,533,286,1645039325870
42257829,touchmove,530,284,1645039325878
42257829,touchmove,526,283,1645039325887
42257829,touchend,0,0,1645039325890
42257830,touchdown,391,284,1645039326221
42257830,touchmove,393,290,1645039326240
42257830,touchmove,393,294,1645039326253
42257830,touchmove,393,298,1645039326262
42257830,touchmove,393,299,1645039326270
42257830,touchmove,393,300,1645039326279
42257830,touchmove,393,299,1645039326299
42257830,touchmove,393,298,1645039326312
42257830,touchmove,393,297,1645039326320
42257830,touchmove,393,295,1645039326328
42257830,touchmove,393,293,1645039326337
42257830,touchmove,393,290,1645039326345
42257830,touchmove,393,289,1645039326354
42257830,touchmove,393,287,1645039326362
42257830,touchmove,391,286,1645039326370
42257830,touchend,0,0,1645039326374
42257831,touchdown,252,271,1645039326713
42257831,touchmove,253,277,1645039326740
42257831,touchmove,253,280,1645039326754
42257831,touchmove,253,283,1645039326762
42257831,touchmove,253,284,1645039326770
42257831,touchmove,253,283,1645039326812
42257831,touchmove,253,281,1645039326821
42257831,touchmove,253,280,1645039326829
42257831,touchmove,253,278,1645039326837
42257831,touchmove,253,276,1645039326846
42257831,touchmove,253,274,1645039326854
42257831,touchmove,253,272,1645039326862
42257831,touchmove,252,272,1645039326871
42257831,touchend,0,0,1645039326874
42257832,touchdown,256,412,1645039327222
42257832,touchmove,258,416,1645039327249
42257832,touchmove,259,420,1645039327263
42257832,touchmove,260,422,1645039327271
42257832,touchmove,261,423,1645039327279
42257832,touchmove,261,424,1645039327287
42257832,touchmove,261,423,1645039327304
42257832,touchmove,261,422,1645039327312
42257832,touchmove,261,419,1645039327321
42257832,touchmove,261,417,1645039327329
42257832,touchmove,261,415,1645039327337
42257832,touchmove,261,412,1645039327346
42257832,touchmove,261,410,1645039327354
42257832,touchend,0,0,1645039327358
42257833,touchdown,405,424,1645039327702
42257833,touchmove,411,434,1645039327733
42257833,touchmove,411,437,1645039327746
42257833,touchmove,411,439,1645039327754
42257833,touchmove,411,437,1645039327783
42257833,touchmove,411,436,1645039327796
42257833,touchmove,411,434,1645039327804
42257833,touchmove,411,432,1645039327813
42257833,touchmove,411,430,1645039327821
42257833,touchmove,411,427,1645039327829
42257833,touchmove,411,425,1645039327838
42257833,touchend,0,0,1645039327842
42257834,touchdown,534,420,1645039328194
42257834,touchmove,536,423,1645039328216
42257834,touchmove,536,428,1645039328230
42257834,touchmove,538,432,1645039328238
42257834,touchmove,539,436,1645039328246
42257834,touchmove,539,437,1645039328255
42257834,touchmove,540,437,1645039328263
42257834,touchmove,540,435,1645039328288
42257834,touchmove,540,432,1645039328296
42257834,touchmove,540,430,1645039328305
42257834,touchmove,540,428,1645039328313
42257834,touchmove,542,426,1645039328321
42257834,touchmove,544,425,1645039328330
42257834,touchend,0,0,1645039328333
42257835,touchdown,663,443,1645039328681
42257835,touchmove,662,439,1645039328691
42257835,touchmove,663,439,1645039328698
42257835,touchmove,663,442,1645039328705
42257835,touchmove,664,447,1645039328713
42257835,touchmove,665,450,1645039328721
42257835,touchmove,666,452,1645039328730
42257835,touchmove,666,453,1645039328738
42257835,touchmove,666,452,1645039328755
42257835,touchmove,666,450,1645039328763
42257835,touchmove,666,448,1645039328772
42257835,touchmove,666,446,1645039328780
42257835,touchmove,666,444,1645039328788
42257835,touchmove,667,443,1645039328797
42257835,touchmove,668,442,1645039328805
42257835,touchend,0,0,1645039328808
42257836,touchdown,798,434,1645039329156
42257836,touchmove,800,440,1645039329172
42257836,touchmove,800,444,1645039329180
42257836,touchmove,801,446,1645039329188
42257836,touchmove,801,448,1645039329197
42257836,touchmove,802,448,1645039329205
42257836,touchmove,802,446,1645039329222
42257836,touchmove,802,444,1645039329230
42257836,touchmove,802,443,1645039329239
42257836,touchmove,803,442,1645039329247
42257836,touchmove,805,442,1645039329255
42257836,touchmove,807,442,1645039329264
42257836,touchend,0,0,1645039329267
42257837,touchdown,924,414,1645039329648
42257837,touchmove,926,416,1645039329667
42257837,touchmove,926,421,1645039329680
42257837,touchmove,926,424,1645039329689
42257837,touchmove,926,426,1645039329697
42257837,touchmove,926,425,1645039329725
42257837,touchmove,926,422,1645039329739
42257837,touchmove,926,421,1645039329747
42257837,touchmove,926,420,1645039329755
42257837,touchmove,926,419,1645039329764
42257837,touchmove,926,418,1645039329772
42257837,touchend,0,0,1645039329784
42257838,touchdown,913,564,1645039330173
42257838,touchmove,911,566,1645039330192
42257838,touchmove,911,571,1645039330206
42257838,touchmove,911,576,1645039330214
42257838,touchmove,911,578,1645039330223
42257838,touchmove,911,577,1645039330251
42257838,touchmove,911,575,1645039330264
42257838,touchmove,911,572,1645039330273
42257838,touchmove,911,571,1645039330281
42257838,touchmove,911,568,1645039330289
42257838,touchmove,911,567,1645039330298
42257838,touchmove,912,565,1645039330306
42257838,touchmove,912,563,1645039330314
42257838,touchmove,912,562,1645039330322
42257838,touchmove,912,561,1645039330331
42257838,touchend,0,0,1645039330335
42257839,touchdown,801,529,1645039330656
42257839,touchmove,803,535,1645039330673
42257839,touchmove,803,540,1645039330681
42257839,touchmove,803,544,1645039330689
42257839,touchmove,803,545,1645039330698
42257839,touchmove,803,546,1645039330706
42257839,touchmove,803,545,1645039330726
42257839,touchmove,803,543,1645039330739
42257839,touchmove,803,542,1645039330748
42257839,touchmove,802,539,1645039330764
42257839,touchmove,800,531,1645039330798
42257839,touchmove,802,536,1645039330773
42257839,touchend,0,0,1645039330801
42257839,touchmove,802,534,1645039330781
42257839,touchmove,801,532,1645039330789
42257839,touchmove,802,540,1645039330756
42257840,touchdown,654,549,1645039331173
42257840,touchmove,655,555,1645039331184
42257840,touchmove,655,561,1645039331190
42257840,touchmove,655,565,1645039331198
42257840,touchmove,656,566,1645039331206
42257840,touchmove,656,567,1645039331214
42257840,touchmove,656,566,1645039331234
42257840,touchmove,656,564,1645039331248
42257840,touchmove,656,562,1645039331256
42257840,touchmove,656,561,1645039331265
42257840,touchmove,656,559,1645039331273
42257840,touchmove,656,557,1645039331281
42257840,touchmove,656,556,1645039331290
42257840,touchmove,655,554,1645039331298
42257840,touchmove,653,552,1645039331306
42257840,touchend,0,0,1645039331310
42257841,touchdown,526,545,1645039331625
42257841,touchmove,530,551,1645039331643
42257841,touchmove,530,557,1645039331656
42257841,touchmove,531,561,1645039331665
42257841,touchmove,531,562,1645039331673
42257841,touchmove,531,563,1645039331681
42257841,touchmove,531,562,1645039331710
42257841,touchmove,531,560,1645039331723
42257841,touchmove,530,559,1645039331732
42257841,touchmove,530,557,1645039331740
42257841,touchmove,530,556,1645039331748
42257841,touchmove,530,554,1645039331757
42257841,touchmove,529,552,1645039331765
42257841,touchmove,529,550,1645039331773
42257841,touchmove,529,547,1645039331782
42257841,touchmove,528,544,1645039331790
42257841,touchmove,525,542,1645039331798
42257841,touchend,0,0,1645039331802
42257842,touchdown,393,556,1645039332116
42257842,touchmove,395,559,1645039332144
42257842,touchmove,395,564,1645039332157
42257842,touchmove,396,568,1645039332165
42257842,touchmove,396,570,1645039332173
42257842,touchmove,396,571,1645039332182
42257842,touchmove,396,572,1645039332190
42257842,touchmove,396,571,1645039332224
42257842,touchmove,396,569,1645039332240
42257842,touchmove,396,568,1645039332249
42257842,touchmove,396,566,1645039332257
42257842,touchmove,396,564,1645039332265
42257842,touchmove,396,563,1645039332274
42257842,touchmove,396,560,1645039332282
42257842,touchmove,396,557,1645039332290
42257842,touchmove,395,555,1645039332299
42257842,touchmove,394,552,1645039332307
42257842,touchend,0,0,1645039332311
42257843,touchdown,252,563,1645039332650
42257843,touchmove,255,568,1645039332677
42257843,touchmove,255,572,1645039332691
42257843,touchmove,256,575,1645039332699
42257843,touchmove,256,577,1645039332707
42257843,touchmove,257,577,1645039332716
42257843,touchmove,257,575,1645039332749
42257843,touchmove,257,573,1645039332757
42257843,touchmove,257,572,1645039332766
42257843,touchmove,256,570,1645039332774
42257843,touchmove,256,568,1645039332782
42257843,touchmove,256,566,1645039332791
42257843,touchmove,255,563,1645039332799
42257843,touchmove,255,560,1645039332807
42257843,touchmove,255,557,1645039332815
42257843,touchmove,253,553,1645039332824
42257843,touchend,0,0,1645039332827
42257844,touchdown,267,416,1645039333183
42257844,touchmove,269,421,1645039333199
42257844,touchmove,269,426,1645039333207
42257844,touchmove,270,430,1645039333216
42257844,touchmove,270,433,1645039333224
42257844,touchmove,270,434,1645039333232
42257844,touchmove,270,432,1645039333261
42257844,touchmove,270,430,1645039333274
42257844,touchmove,270,429,1645039333283
42257844,touchmove,270,427,1645039333291
42257844,touchmove,270,426,1645039333299
42257844,touchmove,270,424,1645039333308
42257844,touchmove,271,423,1645039333316
42257844,touchend,0,0,1645039333319
42257845,touchdown,413,411,1645039333709
42257845,touchmove,417,423,1645039333736
42257845,touchmove,417,425,1645039333749
42257845,touchmove,417,427,1645039333758
42257845,touchmove,417,425,1645039333791
42257845,touchmove,417,422,1645039333799
42257845,touchmove,417,420,1645039333808
42257845,touchmove,417,417,1645039333816
42257845,touchmove,417,415,1645039333824
42257845,touchmove,417,413,1645039333833
42257845,touchend,0,0,1645039333837
42257846,touchdown,515,417,1645039334217
42257846,touchmove,519,422,1645039334244
42257846,touchmove,519,425,1645039334258
42257846,touchmove,520,426,1645039334267
42257846,touchmove,520,425,1645039334286
42257846,touchmove,520,423,1645039334300
42257846,touchmove,521,421,1645039334308
42257846,touchmove,522,420,1645039334316
42257846,touchmove,523,418,1645039334325
42257846,touchmove,524,418,1645039334333
42257846,touchend,0,0,1645039334337
42257847,touchdown,662,428,1645039334717
42257847,touchmove,663,434,1645039334754
42257847,touchmove,663,437,1645039334767
42257847,touchmove,663,439,1645039334775
42257847,touchmove,663,437,1645039334808
42257847,touchmove,663,436,1645039334817
42257847,touchmove,663,435,1645039334825
42257847,touchmove,663,434,1645039334833
42257847,touchmove,663,433,1645039334842
42257847,touchend,0,0,1645039334845
42257848,touchdown,792,425,1645039335201
42257848,touchmove,791,426,1645039335228
42257848,touchmove,791,430,1645039335242
42257848,touchmove,791,433,1645039335250
42257848,touchmove,791,435,1645039335259
42257848,touchmove,791,432,1645039335300
42257848,touchmove,791,430,1645039335309
42257848,touchmove,792,429,1645039335317
42257848,touchmove,793,427,1645039335325
42257848,touchmove,794,426,1645039335334
42257848,touchmove,795,425,1645039335342
42257848,touchmove,797,423,1645039335350
42257848,touchend,0,0,1645039335354
42257849,touchdown,927,441,1645039335685
42257849,touchmove,929,447,1645039335712
42257849,touchmove,929,450,1645039335726
42257849,touchmove,929,453,1645039335734
42257849,touchmove,929,454,1645039335742
42257849,touchmove,929,453,1645039335762
42257849,touchmove,929,450,1645039335776
42257849,touchmove,929,448,1645039335784
42257849,touchmove,929,446,1645039335792
42257849,touchmove,929,444,1645039335801
42257849,touchmove,929,442,1645039335809
42257849,touchmove,928,440,1645039335817
42257849,touchmove,927,439,1645039335826
42257849,touchend,0,0,1645039335829
42257850,touchdown,936,281,1645039336152
42257850,touchmove,938,284,1645039336171
42257850,touchmove,938,289,1645039336184
42257850,touchmove,938,292,1645039336192
42257850,touchmove,938,294,1645039336201
42257850,touchmove,938,295,1645039336209
42257850,touchmove,938,294,1645039336237
42257850,touchmove,938,293,1645039336251
42257850,touchmove,938,292,1645039336259
42257850,touchmove,938,291,1645039336268
42257850,touchmove,938,290,1645039336276
42257850,touchmove,938,289,1645039336284
42257850,touchmove,938,287,1645039336293
42257850,touchmove,938,285,1645039336301
42257850,touchmove,938,284,1645039336309
42257850,touchmove,938,283,1645039336318
42257850,touchmove,938,281,1645039336326
42257850,touchmove,937,280,1645039336334
42257850,touchend,0,0,1645039336338
42257851,touchdown,796,299,1645039336669
42257851,touchmove,798,303,1645039336705
42257851,touchmove,798,305,1645039336718
42257851,touchmove,798,306,1645039336726
42257851,touchmove,798,307,1645039336734
42257851,touchmove,798,306,1645039336784
42257851,touchmove,799,305,1645039336793
42257851,touchmove,799,304,1645039336801
42257851,touchmove,799,303,1645039336818
42257851,touchmove,799,302,1645039336826
42257851,touchmove,799,301,1645039336835
42257851,touchmove,799,300,1645039336843
42257851,touchmove,799,299,1645039336851
42257851,touchmove,799,298,1645039336860
42257851,touchmove,799,296,1645039336868
42257851,touchend,0,0,1645039336880
42257852,touchdown,653,285,1645039337268
42257852,touchmove,659,295,1645039337305
42257852,touchmove,659,298,1645039337318
42257852,touchmove,659,299,1645039337327
42257852,touchmove,659,298,1645039337355
42257852,touchmove,658,296,1645039337368
42257852,touchmove,658,294,1645039337377
42257852,touchmove,658,292,1645039337385
42257852,touchmove,657,290,1645039337393
42257852,touchmove,656,289,1645039337402
42257852,touchmove,655,287,1645039337410
42257852,touchmove,652,286,1645039337418
42257852,touchend,0,0,1645039337422
42257853,touchdown,525,284,1645039337777
42257853,touchmove,530,296,1645039337814
42257853,touchmove,530,298,1645039337827
42257853,touchmove,530,297,1645039337855
42257853,touchmove,530,296,1645039337868
42257853,touchmove,530,295,1645039337877
42257853,touchmove,529,294,1645039337885
42257853,touchmove,529,292,1645039337894
42257853,touchmove,529,291,1645039337902
42257853,touchmove,528,290,1645039337910
42257853,touchend,0,0,1645039337922
42257854,touchdown,414,294,1645039338319
42257854,touchmove,416,300,1645039338364
42257854,touchmove,417,303,1645039338377
42257854,touchmove,418,304,1645039338385
42257854,touchmove,419,304,1645039338419
42257854,touchmove,420,304,1645039338444
42257854,touchmove,421,303,1645039338452
42257854,touchmove,421,301,1645039338461
42257854,touchmove,421,299,1645039338469
42257854,touchmove,421,298,1645039338477
42257854,touchend,0,0,1645039338481
42257855,touchdown,264,287,1645039338818
42257855,touchmove,268,294,1645039338856
42257855,touchmove,269,296,1645039338869
42257855,touchmove,269,297,1645039338877
42257855,touchmove,269,296,1645039338905
42257855,touchmove,269,294,1645039338919
42257855,touchmove,269,292,1645039338927
42257855,touchmove,267,290,1645039338936
42257855,touchmove,266,288,1645039338944
42257855,touchmove,265,285,1645039338952
42257855,touchmove,264,282,1645039338961
42257855,touchend,0,0,1645039338966
42257856,touchdown,266,162,1645039339295
42257856,touchmove,268,169,1645039339311
42257856,touchmove,269,173,1645039339319
42257856,touchmove,269,177,1645039339327
42257856,touchmove,269,181,1645039339336
42257856,touchmove,269,179,1645039339386
42257856,touchmove,269,177,1645039339394
42257856,touchmove,269,174,1645039339403
42257856,touchmove,269,172,1645039339411
42257856,touchmove,269,169,1645039339419
42257856,touchmove,269,167,1645039339428
42257856,touchmove,269,165,1645039339436
42257856,touchend,0,0,1645039339440
42257857,touchdown,401,151,1645039339787
42257857,touchmove,405,153,1645039339806
42257857,touchmove,405,158,1645039339819
42257857,touchmove,406,163,1645039339828
42257857,touchmove,406,166,1645039339836
42257857,touchmove,406,167,1645039339845
42257857,touchmove,406,166,1645039339873
42257857,touchmove,406,165,1645039339886
42257857,touchmove,406,163,1645039339895
42257857,touchmove,406,161,1645039339903
42257857,touchmove,406,159,1645039339911
42257857,touchmove,406,157,1645039339920
42257857,touchmove,406,154,1645039339928
42257857,touchmove,406,153,1645039339936
42257857,touchmove,406,151,1645039339945
42257857,touchend,0,0,1645039339949
42257858,touchdown,532,177,1645039340312
42257858,touchmove,533,184,1645039340340
42257858,touchmove,533,187,1645039340353
42257858,touchmove,534,190,1645039340362
42257858,touchmove,534,192,1645039340370
42257858,touchmove,534,193,1645039340378
42257858,touchmove,535,193,1645039340387
42257858,touchmove,535,191,1645039340420
42257858,touchmove,535,190,1645039340428
42257858,touchmove,535,189,1645039340437
42257858,touchmove,536,188,1645039340453
42257858,touchmove,536,187,1645039340462
42257858,touchmove,536,186,1645039340470
42257858,touchmove,536,185,1645039340478
42257858,touchmove,537,184,1645039340487
42257858,touchend,0,0,1645039340499
42257859,touchdown,668,165,1645039340828
42257859,touchmove,669,174,1645039340857
42257859,touchmove,669,178,1645039340870
42257859,touchmove,669,181,1645039340879
42257859,touchmove,669,182,1645039340887
42257859,touchmove,669,180,1645039340929
42257859,touchmove,669,177,1645039340937
42257859,touchmove,669,175,1645039340945
42257859,touchmove,670,172,1645039340954
42257859,touchmove,671,170,1645039340962
42257859,touchmove,672,168,1645039340970
42257859,touchend,0,0,1645039340974
42257860,touchdown,802,159,1645039341330
42257860,touchmove,805,162,1645039341349
42257860,touchmove,805,166,1645039341362
42257860,touchmove,805,170,1645039341371
42257860,touchmove,805,172,1645039341379
42257860,touchmove,805,170,1645039341412
42257860,touchmove,805,168,1645039341421
42257860,touchmove,805,166,1645039341429
42257860,touchmove,805,163,1645039341437
42257860,touchmove,805,162,1645039341446
42257860,touchmove,805,161,1645039341454
42257860,touchend,0,0,1645039341466
42257861,touchdown,916,170,1645039341822
42257861,touchmove,920,177,1645039341858
42257861,touchmove,920,179,1645039341871
42257861,touchmove,920,180,1645039341879
42257861,touchmove,920,179,1645039341913
42257861,touchmove,920,177,1645039341921
42257861,touchmove,919,176,1645039341929
42257861,touchmove,918,175,1645039341937
42257861,touchmove,915,173,1645039341946
42257861,touchmove,912,171,1645039341954
42257861,touchend,0,0,1645039341958
42257862,touchdown,935,35,1645039342305
42257862,touchmove,935,52,1645039342354
42257862,touchmove,935,50,1645039342346
42257862,touchmove,935,43,1645039342324
42257862,touchmove,935,50,1645039342396
42257862,touchmove,935,48,1645039342337
42257862,touchmove,935,49,1645039342404
42257862,touchmove,935,47,1645039342413
42257862,touchmove,935,45,1645039342421
42257862,touchmove,935,43,1645039342438
42257862,touchmove,935,41,1645039342455
42257862,touchmove,934,41,1645039342463
42257862,touchend,0,0,1645039342467
42257863,touchdown,786,43,1645039342787
42257863,touchmove,791,51,1645039342825
42257863,touchmove,791,52,1645039342838
42257863,touchmove,791,51,1645039342880
42257863,touchmove,791,50,1645039342888
42257863,touchmove,790,50,1645039342921
42257863,touchmove,789,50,1645039342930
42257863,touchend,0,0,1645039342935
42257864,touchdown,655,27,1645039343306
42257864,touchmove,656,30,1645039343316
42257864,touchmove,656,34,1645039343322
42257864,touchmove,657,38,1645039343330
42257864,touchmove,657,39,1645039343338
42257864,touchmove,657,40,1645039343346
42257864,touchmove,657,39,1645039343388
42257864,touchmove,657,38,1645039343397
42257864,touchmove,657,36,1645039343405
42257864,touchmove,657,35,1645039343413
42257864,touchmove,657,34,1645039343422
42257864,touchmove,657,33,1645039343430
42257864,touchmove,657,31,1645039343447
42257864,touchmove,657,30,1645039343455
42257864,touchmove,657,29,1645039343463
42257864,touchmove,657,28,1645039343472
42257864,touchend,0,0,1645039343476
42257865,touchdown,535,26,1645039343797
42257865,touchmove,540,36,1645039343817
42257865,touchmove,540,39,1645039343830
42257865,touchmove,541,40,1645039343838
42257865,touchmove,541,41,1645039343847
42257865,touchmove,541,39,1645039343889
42257865,touchmove,541,38,1645039343897
42257865,touchmove,541,36,1645039343914
42257865,touchmove,540,35,1645039343922
42257865,touchmove,540,34,1645039343930
42257865,touchmove,539,33,1645039343939
42257865,touchmove,539,31,1645039343947
42257865,touchmove,538,30,1645039343955
42257865,touchmove,538,29,1645039343964
42257865,touchmove,536,27,1645039343972
42257865,touchend,0,0,1645039343976
42257866,touchdown,379,10,1645039344281
42257866,touchmove,381,18,1645039344309
42257866,touchmove,381,22,1645039344322
42257866,touchmove,382,24,1645039344331
42257866,touchmove,382,25,1645039344339
42257866,touchmove,383,25,1645039344347
42257866,touchmove,383,24,1645039344364
42257866,touchmove,383,22,1645039344380
42257866,touchmove,383,20,1645039344389
42257866,touchmove,383,19,1645039344397
42257866,touchmove,382,17,1645039344406
42257866,touchmove,382,15,1645039344414
42257866,touchmove,381,13,1645039344422
42257866,touchmove,380,12,1645039344431
42257866,touchmove,378,10,1645039344439
42257866,touchmove,374,8,1645039344447
42257866,touchend,0,0,1645039344451
42257867,touchdown,264,25,1645039344798
42257867,touchmove,271,33,1645039344835
42257867,touchmove,271,35,1645039344847
42257867,touchmove,271,36,1645039344856
42257867,touchmove,271,35,1645039344897
42257867,touchmove,271,34,1645039344906
42257867,touchmove,271,32,1645039344914
42257867,touchmove,271,31,1645039344923
42257867,touchmove,271,30,1645039344931
42257867,touchmove,271,29,1645039344948
42257867,touchend,0,0,1645039344960
42257868,touchdown,252,148,1645039345290
42257868,touchmove,255,152,1645039345335
42257868,touchmove,255,154,1645039345348
42257868,touchmove,255,155,1645039345356
42257868,touchmove,255,156,1645039345365
42257868,touchmove,256,157,1645039345373
42257868,touchmove,256,156,1645039345398
42257868,touchmove,256,154,1645039345414
42257868,touchmove,256,153,1645039345423
42257868,touchmove,255,152,1645039345431
42257868,touchmove,255,151,1645039345440
42257868,touchmove,254,151,1645039345448
42257868,touchend,0,0,1645039345460
42257869,touchdown,398,170,1645039345815
42257869,touchend,0,0,1645039345926
42257870,touchdown,527,161,1645039346282
42257870,touchmove,531,165,1645039346327
42257870,touchmove,531,167,1645039346340
42257870,touchmove,531,168,1645039346357
42257870,touchmove,531,169,1645039346382
42257870,touchmove,531,170,1645039346390
42257870,touchmove,531,171,1645039346398
42257870,touchend,0,0,1645039346402
42257871,touchdown,646,168,1645039346774
42257871,touchmove,648,180,1645039346802
42257871,touchmove,648,181,1645039346815
42257871,touchmove,648,182,1645039346823
42257871,touchmove,648,181,1645039346844
42257871,touchmove,648,178,1645039346857
42257871,touchmove,648,177,1645039346865
42257871,touchmove,648,176,1645039346874
42257871,touchmove,649,175,1645039346882
42257871,touchmove,650,174,1645039346890
42257871,touchmove,650,173,1645039346899
42257871,touchmove,651,172,1645039346907
42257871,touchmove,652,171,1645039346915
42257871,touchmove,653,170,1645039346924
42257871,touchend,0,0,1645039346927
42257872,touchdown,794,147,1645039347249
42257872,touchmove,797,157,1645039347286
42257872,touchmove,797,158,1645039347299
42257872,touchmove,797,159,1645039347307
42257872,touchmove,797,158,1645039347335
42257872,touchmove,797,156,1645039347349
42257872,touchmove,798,155,1645039347357
42257872,touchmove,798,154,1645039347365
42257872,touchmove,798,153,1645039347374
42257872,touchmove,799,152,1645039347382
42257872,touchend,0,0,1645039347394
42257873,touchdown,943,156,1645039347716
42257873,touchmove,942,164,1645039347753
42257873,touchmove,942,168,1645039347766
42257873,touchmove,942,170,1645039347774
42257873,touchmove,942,171,1645039347782
42257873,touchmove,942,172,1645039347791
42257873,touchmove,942,171,1645039347811
42257873,touchmove,943,170,1645039347824
42257873,touchmove,943,169,1645039347841
42257873,touchmove,944,169,1645039347849
42257873,touchmove,945,169,1645039347866
42257873,touchend,0,0,1645039347870
42257874,touchdown,919,286,1645039348183
42257874,touchmove,921,294,1645039348228
42257874,touchmove,921,297,1645039348241
42257874,touchmove,921,298,1645039348250
42257874,touchmove,921,299,1645039348258
42257874,touchmove,921,297,1645039348299
42257874,touchmove,921,295,1645039348308
42257874,touchmove,920,293,1645039348316
42257874,touchmove,920,290,1645039348325
42257874,touchmove,920,288,1645039348333
42257874,touchmove,918,286,1645039348341
42257874,touchmove,914,285,1645039348349
42257874,touchend,0,0,1645039348353
42257875,touchdown,788,286,1645039348658
42257875,touchmove,791,294,1645039348695
42257875,touchmove,791,297,1645039348708
42257875,touchmove,791,299,1645039348716
42257875,touchmove,791,300,1645039348725
42257875,touchmove,791,301,1645039348733
42257875,touchmove,791,299,1645039348775
42257875,touchmove,791,298,1645039348783
42257875,touchmove,791,296,1645039348791
42257875,touchmove,791,294,1645039348800
42257875,touchmove,791,291,1645039348808
42257875,touchmove,791,289,1645039348816
42257875,touchmove,791,287,1645039348825
42257875,touchmove,790,284,1645039348833
42257875,touchend,0,0,1645039348837
42257876,touchdown,671,294,1645039349143
42257876,touchmove,669,299,1645039349187
42257876,touchmove,669,302,1645039349200
42257876,touchmove,669,305,1645039349217
42257876,touchmove,670,306,1645039349225
42257876,touchmove,670,305,1645039349253
42257876,touchmove,670,304,1645039349267
42257876,touchmove,670,303,1645039349275
42257876,touchmove,670,301,1645039349283
42257876,touchmove,670,300,1645039349292
42257876,touchmove,670,298,1645039349300
42257876,touchmove,669,297,1645039349308
42257876,touchmove,669,304,1645039349208
42257876,touchmove,667,296,1645039349317
42257876,touchmove,662,296,1645039349325
42257876,touchend,0,0,1645039349329
42257877,touchdown,522,290,1645039349635
42257877,touchmove,522,294,1645039349679
42257877,touchmove,522,298,1645039349692
42257877,touchmove,522,300,1645039349700
42257877,touchmove,522,301,1645039349708
42257877,touchmove,522,302,1645039349717
42257877,touchmove,522,299,1645039349750
42257877,touchmove,522,297,1645039349759
42257877,touchmove,522,294,1645039349767
42257877,touchmove,522,292,1645039349775
42257877,touchmove,521,290,1645039349784
42257877,touchmove,518,289,1645039349792
42257877,touchend,0,0,1645039349796
42257878,touchdown,393,291,1645039350044
42257878,touchmove,395,296,1645039350070
42257878,touchmove,395,300,1645039350084
42257878,touchmove,396,303,1645039350092
42257878,touchmove,396,306,1645039350100
42257878,touchmove,397,307,1645039350109
42257878,touchmove,397,306,1645039350145
42257878,touchmove,397,305,1645039350159
42257878,touchmove,397,304,1645039350167
42257878,touchmove,397,302,1645039350175
42257878,touchmove,396,300,1645039350184
42257878,touchmove,396,299,1645039350192
42257878,touchmove,395,297,1645039350200
42257878,touchmove,394,294,1645039350209
42257878,touchmove,393,291,1645039350217
42257878,touchmove,389,288,1645039350226
42257878,touchmove,383,286,1645039350234
42257878,touchend,0,0,1645039350238
42257879,touchdown,253,288,1645039350544
42257879,touchmove,257,294,1645039350587
42257879,touchmove,257,297,1645039350601
42257879,touchmove,257,299,1645039350609
42257879,touchmove,257,301,1645039350617
42257879,touchmove,258,303,1645039350626
42257879,touchmove,258,302,1645039350684
42257879,touchmove,258,301,1645039350692
42257879,touchmove,258,299,1645039350701
42257879,touchmove,258,297,1645039350709
42257879,touchmove,258,295,1645039350718
42257879,touchmove,257,293,1645039350726
42257879,touchmove,257,292,1645039350734
42257879,touchend,0,0,1645039350738
42257880,touchdown,271,402,1645039351052
42257880,touchmove,276,405,1645039351079
42257880,touchmove,276,409,1645039351093
42257880,touchmove,277,412,1645039351101
42257880,touchmove,277,413,1645039351109
42257880,touchmove,277,414,1645039351118
42257880,touchmove,277,415,1645039351126
42257880,touchmove,277,414,1645039351154
42257880,touchmove,277,413,1645039351168
42257880,touchmove,277,412,1645039351176
42257880,touchmove,277,411,1645039351184
42257880,touchmove,277,409,1645039351193
42257880,touchmove,278,408,1645039351201
42257880,touchmove,278,406,1645039351209
42257880,touchmove,279,404,1645039351218
42257880,touchend,0,0,1645039351221
42257881,touchdown,398,427,1645039351552
42257881,touchmove,404,436,1645039351571
42257881,touchmove,405,441,1645039351584
42257881,touchmove,405,443,1645039351593
42257881,touchmove,405,444,1645039351601
42257881,touchmove,405,443,1645039351630
42257881,touchmove,405,441,1645039351643
42257881,touchmove,405,440,1645039351652
42257881,touchmove,405,439,1645039351660
42257881,touchmove,406,437,1645039351668
42257881,touchmove,407,434,1645039351676
42257881,touchmove,409,431,1645039351685
42257881,touchend,0,0,1645039351688
42257882,touchmove,528,437,1645039352063
42257882,touchmove,528,441,1645039352076
42257882,touchmove,528,443,1645039352113
42257882,touchdown,524,430,1645039352044
42257882,touchmove,528,444,1645039352085
42257882,touchmove,528,441,1645039352127
42257882,touchmove,528,440,1645039352135
42257882,touchmove,528,438,1645039352143
42257882,touchmove,528,436,1645039352152
42257882,touchmove,529,434,1645039352160
42257882,touchmove,530,431,1645039352168
42257882,touchmove,531,428,1645039352177
42257882,touchend,0,0,1645039352180
42257883,touchdown,681,421,1645039352520
42257883,touchmove,682,428,1645039352547
42257883,touchmove,682,432,1645039352560
42257883,touchmove,682,436,1645039352569
42257883,touchmove,682,438,1645039352577
42257883,touchmove,682,437,1645039352605
42257883,touchmove,682,436,1645039352619
42257883,touchmove,682,434,1645039352627
42257883,touchmove,683,433,1645039352644
42257883,touchmove,684,432,1645039352652
42257883,touchmove,685,432,1645039352660
42257883,touchmove,686,432,1645039352669
42257883,touchmove,687,431,1645039352677
42257883,touchend,0,0,1645039352681
42257884,touchdown,788,433,1645039353053
42257884,touchmove,788,437,1645039353072
42257884,touchmove,788,443,1645039353085
42257884,touchmove,788,447,1645039353094
42257884,touchmove,788,449,1645039353102
42257884,touchmove,788,451,1645039353110
42257884,touchmove,788,449,1645039353139
42257884,touchmove,788,448,1645039353152
42257884,touchmove,788,445,1645039353161
42257884,touchmove,788,443,1645039353169
42257884,touchmove,789,441,1645039353177
42257884,touchmove,790,439,1645039353186
42257884,touchmove,791,437,1645039353194
42257884,touchmove,793,434,1645039353202
42257884,touchmove,796,431,1645039353211
42257884,touchend,0,0,1645039353215
42257885,touchdown,904,432,1645039353570
42257885,touchmove,910,439,1645039353589
42257885,touchmove,910,444,1645039353602
42257885,touchmove,910,446,1645039353611
42257885,touchmove,910,448,1645039353619
42257885,touchmove,910,446,1645039353652
42257885,touchmove,910,445,1645039353661
42257885,touchmove,910,443,1645039353669
42257885,touchmove,911,441,1645039353677
42257885,touchmove,912,436,1645039353703
42257885,touchmove,912,435,1645039353711
42257885,touchmove,911,440,1645039353686
42257885,touchmove,911,438,1645039353694
42257885,touchmove,913,433,1645039353719
42257885,touchmove,913,431,1645039353728
42257885,touchmove,914,430,1645039353736
42257885,touchmove,914,429,1645039353744
42257885,touchend,0,0,1645039353747
42257886,touchdown,925,540,1645039354087
42257886,touchmove,926,549,1645039354103
42257886,touchmove,926,555,1645039354111
42257886,touchmove,926,559,1645039354119
42257886,touchmove,926,561,1645039354128
42257886,touchmove,926,560,1645039354161
42257886,touchmove,926,559,1645039354169
42257886,touchmove,926,558,1645039354178
42257886,touchmove,926,556,1645039354186
42257886,touchmove,926,554,1645039354194
42257886,touchmove,926,552,1645039354203
42257886,touchmove,926,551,1645039354211
42257886,touchmove,926,549,1645039354220
42257886,touchmove,926,547,1645039354228
42257886,touchmove,926,545,1645039354236
42257886,touchmove,926,543,1645039354244
42257886,touchmove,926,540,1645039354253
42257886,touchmove,926,538,1645039354261
42257886,touchmove,926,535,1645039354270
42257886,touchend,0,0,1645039354273
42257887,touchdown,784,559,1645039354578
42257887,touchmove,788,566,1645039354606
42257887,touchmove,788,569,1645039354620
42257887,touchmove,788,572,1645039354628
42257887,touchmove,788,573,1645039354636
42257887,touchmove,788,574,1645039354645
42257887,touchmove,788,573,1645039354681
42257887,touchmove,788,572,1645039354695
42257887,touchmove,788,571,1645039354703
42257887,touchmove,788,569,1645039354711
42257887,touchmove,788,567,1645039354720
42257887,touchmove,788,565,1645039354728
42257887,touchmove,788,563,1645039354736
42257887,touchmove,788,560,1645039354745
42257887,touchmove,788,557,1645039354753
42257887,touchmove,788,554,1645039354762
42257887,touchmove,786,550,1645039354770
42257887,touchend,0,0,1645039354774
42257888,touchdown,659,555,1645039355020
42257888,touchmove,665,558,1645039355040
42257888,touchmove,665,564,1645039355053
42257888,touchmove,665,568,1645039355061
42257888,touchmove,665,571,1645039355070
42257888,touchmove,664,572,1645039355078
42257888,touchmove,663,572,1645039355087
42257888,touchmove,662,572,1645039355112
42257888,touchmove,662,571,1645039355128
42257888,touchmove,662,569,1645039355145
42257888,touchmove,662,568,1645039355154
42257888,touchmove,662,567,1645039355162
42257888,touchmove,662,566,1645039355170
42257888,touchmove,662,564,1645039355178
42257888,touchmove,662,562,1645039355187
42257888,touchmove,662,559,1645039355195
42257888,touchmove,662,556,1645039355204
42257888,touchmove,662,553,1645039355212
42257888,touchmove,663,550,1645039355220
42257888,touchmove,663,549,1645039355228
42257888,touchend,0,0,1645039355240
42257889,touchdown,517,566,1645039355638
42257889,touchmove,519,573,1645039355657
42257889,touchmove,519,578,1645039355670
42257889,touchmove,519,582,1645039355679
42257889,touchmove,519,584,1645039355687
42257889,touchmove,519,585,1645039355695
42257889,touchmove,519,586,1645039355704
42257889,touchmove,519,585,1645039355724
42257889,touchmove,519,584,1645039355737
42257889,touchmove,519,582,1645039355745
42257889,touchmove,519,580,1645039355754
42257889,touchmove,519,577,1645039355762
42257889,touchmove,519,575,1645039355770
42257889,touchmove,519,572,1645039355779
42257889,touchmove,519,567,1645039355795
42257889,touchmove,519,569,1645039355787
42257889,touchmove,519,564,1645039355804
42257889,touchmove,519,562,1645039355812
42257889,touchmove,517,560,1645039355820
42257889,touchend,0,0,1645039355824
42257890,touchdown,391,555,1645039356112
42257890,touchmove,394,559,1645039356129
42257890,touchmove,394,566,1645039356137
42257890,touchmove,394,571,1645039356145
42257890,touchmove,394,575,1645039356154
42257890,touchmove,394,576,1645039356162
42257890,touchmove,394,575,1645039356199
42257890,touchmove,394,573,1645039356221
42257890,touchmove,394,571,1645039356229
42257890,touchmove,394,569,1645039356237
42257890,touchmove,394,568,1645039356246
42257890,touchmove,394,566,1645039356254
42257890,touchmove,394,564,1645039356262
42257890,touchmove,394,562,1645039356271
42257890,touchmove,394,560,1645039356279
42257890,touchmove,394,558,1645039356287
42257890,touchmove,394,556,1645039356296
42257890,touchmove,394,553,1645039356304
42257890,touchmove,394,550,1645039356312
42257890,touchmove,394,547,1645039356321
42257890,touchmove,393,545,1645039356329
42257890,touchend,0,0,1645039356332
42257891,touchdown,256,561,1645039356631
42257891,touchmove,261,568,1645039356649
42257891,touchmove,261,574,1645039356662
42257891,touchmove,261,578,1645039356671
42257891,touchmove,261,577,1645039356729
42257891,touchmove,260,576,1645039356738
42257891,touchmove,260,574,1645039356746
42257891,touchmove,260,572,1645039356754
42257891,touchmove,260,569,1645039356763
42257891,touchmove,260,567,1645039356771
42257891,touchmove,260,564,1645039356779
42257891,touchmove,259,561,1645039356788
42257891,touchmove,259,557,1645039356796
42257891,touchmove,259,554,1645039356804
42257891,touchmove,259,549,1645039356813
42257891,touchmove,259,544,1645039356821
42257891,touchend,0,0,1645039356825
42257892,touchdown,271,409,1645039357105
42257892,touchmove,273,415,1645039357121
42257892,touchmove,274,421,1645039357129
42257892,touchmove,274,425,1645039357138
42257892,touchmove,274,428,1645039357146
42257892,touchmove,274,429,1645039357154
42257892,touchmove,274,428,1645039357199
42257892,touchmove,274,427,1645039357213
42257892,touchmove,274,425,1645039357221
42257892,touchmove,274,423,1645039357230
42257892,touchmove,274,421,1645039357238
42257892,touchmove,274,420,1645039357246
42257892,touchmove,274,417,1645039357255
42257892,touchmove,274,413,1645039357263
42257892,touchmove,274,411,1645039357271
42257892,touchmove,275,407,1645039357280
42257892,touchmove,277,404,1645039357288
42257892,touchend,0,0,1645039357291
42257893,touchdown,395,412,1645039357622
42257893,touchmove,399,421,1645039357638
42257893,touchmove,399,427,1645039357646
42257893,touchmove,399,431,1645039357655
42257893,touchmove,399,432,1645039357663
42257893,touchmove,399,433,1645039357671
42257893,touchmove,399,432,1645039357708
42257893,touchmove,399,430,1645039357730
42257893,touchmove,399,428,1645039357738
42257893,touchmove,399,426,1645039357747
42257893,touchmove,399,423,1645039357755
42257893,touchmove,399,421,1645039357763
42257893,touchmove,399,417,1645039357772
42257893,touchmove,399,414,1645039357780
42257893,touchmove,399,411,1645039357788
42257893,touchmove,401,408,1645039357797
42257893,touchend,0,0,1645039357800
42257894,touchdown,530,421,1645039358147
42257894,touchmove,532,425,1645039358157
42257894,touchmove,533,432,1645039358163
42257894,touchmove,533,439,1645039358172
42257894,touchmove,533,442,1645039358180
42257894,touchmove,533,444,1645039358188
42257894,touchmove,533,445,1645039358197
42257894,touchmove,532,445,1645039358222
42257894,touchmove,532,444,1645039358247
42257894,touchmove,532,443,1645039358255
42257894,touchmove,532,441,1645039358263
42257894,touchmove,532,438,1645039358272
42257894,touchmove,532,435,1645039358280
42257894,touchmove,532,431,1645039358289
42257894,touchmove,534,423,1645039358305
42257894,touchmove,536,420,1645039358313
42257894,touchmove,533,427,1645039358297
42257894,touchend,0,0,1645039358317
42257895,touchdown,678,430,1645039358665
42257895,touchmove,677,434,1645039358684
42257895,touchmove,677,441,1645039358697
42257895,touchmove,677,446,1645039358705
42257895,touchmove,677,450,1645039358714
42257895,touchmove,677,451,1645039358722
42257895,touchmove,677,449,1645039358764
42257895,touchmove,677,448,1645039358772
42257895,touchmove,677,446,1645039358780
42257895,touchmove,677,444,1645039358789
42257895,touchmove,677,441,1645039358797
42257895,touchmove,677,439,1645039358806
42257895,touchmove,677,436,1645039358814
42257895,touchmove,678,434,1645039358822
42257895,touchmove,678,431,1645039358830
42257895,touchmove,679,428,1645039358839
42257895,touchend,0,0,1645039358842
42257896,touchdown,797,423,1645039359140
42257896,touchmove,796,430,1645039359155
42257896,touchmove,795,437,1645039359164
42257896,touchmove,795,443,1645039359172
42257896,touchmove,795,447,1645039359180
42257896,touchmove,795,449,1645039359189
42257896,touchmove,795,448,1645039359239
42257896,touchmove,795,446,1645039359247
42257896,touchmove,795,444,1645039359256
42257896,touchmove,795,442,1645039359264
42257896,touchmove,796,440,1645039359272
42257896,touchmove,797,438,1645039359281
42257896,touchmove,798,436,1645039359289
42257896,touchmove,800,434,1645039359297
42257896,touchmove,802,432,1645039359306
42257896,touchend,0,0,1645039359310
42257897,touchdown,921,430,1645039359624
42257897,touchmove,923,440,1645039359639
42257897,touchmove,923,446,1645039359647
42257897,touchmove,923,449,1645039359656
42257897,touchmove,923,450,1645039359664
42257897,touchmove,923,449,1645039359698
42257897,touchmove,923,447,1645039359706
42257897,touchmove,923,445,1645039359714
42257897,touchmove,923,444,1645039359723
42257897,touchmove,923,441,1645039359731
42257897,touchmove,923,439,1645039359739
42257897,touchmove,923,437,1645039359748
42257897,touchmove,923,435,1645039359756
42257897,touchmove,923,432,1645039359764
42257897,touchmove,923,430,1645039359773
42257897,touchmove,923,426,1645039359781
42257897,touchmove,922,423,1645039359789
42257897,touchend,0,0,1645039359793
42257898,touchdown,927,267,1645039360107
42257898,touchmove,927,278,1645039360126
42257898,touchmove,927,284,1645039360139
42257898,touchmove,927,288,1645039360148
42257898,touchmove,927,289,1645039360156
42257898,touchmove,927,288,1645039360185
42257898,touchmove,927,287,1645039360198
42257898,touchmove,927,286,1645039360206
42257898,touchmove,927,285,1645039360215
42257898,touchmove,927,284,1645039360223
42257898,touchmove,927,283,1645039360231
42257898,touchmove,927,281,1645039360243
42257898,touchmove,927,280,1645039360248
42257898,touchmove,927,278,1645039360256
42257898,touchmove,927,275,1645039360264
42257898,touchmove,928,273,1645039360273
42257898,touchmove,928,270,1645039360282
42257898,touchmove,927,267,1645039360290
42257898,touchmove,922,265,1645039360298
42257898,touchend,0,0,1645039360301
42257899,touchdown,784,293,1645039360565
42257899,touchmove,788,299,1645039360581
42257899,touchmove,788,306,1645039360590
42257899,touchmove,788,310,1645039360598
42257899,touchmove,788,313,1645039360606
42257899,touchmove,788,312,1645039360665
42257899,touchmove,788,311,1645039360673
42257899,touchmove,788,309,1645039360681
42257899,touchmove,788,307,1645039360690
42257899,touchmove,788,305,1645039360698
42257899,touchmove,788,304,1645039360707
42257899,touchmove,788,301,1645039360715
42257899,touchmove,788,299,1645039360723
42257899,touchmove,788,297,1645039360731
42257899,touchmove,788,294,1645039360740
42257899,touchmove,788,291,1645039360748
42257899,touchmove,786,288,1645039360757
42257899,touchend,0,0,1645039360760
42257900,touchdown,647,281,1645039361049
42257900,touchmove,651,289,1645039361065
42257900,touchmove,651,295,1645039361073
42257900,touchmove,651,299,1645039361082
42257900,touchmove,651,300,1645039361090
42257900,touchmove,651,299,1645039361151
42257900,touchmove,651,298,1645039361174
42257900,touchmove,651,296,1645039361182
42257900,touchmove,651,295,1645039361190
42257900,touchmove,651,294,1645039361198
42257900,touchmove,651,292,1645039361207
42257900,touchmove,651,290,1645039361215
42257900,touchmove,651,287,1645039361224
42257900,touchmove,651,285,1645039361232
42257900,touchmove,651,283,1645039361240
42257900,touchmove,651,280,1645039361249
42257900,touchmove,648,278,1645039361257
42257900,touchend,0,0,1645039361261
42257901,touchdown,528,286,1645039361551
42257901,touchmove,528,290,1645039361561
42257901,touchmove,529,296,1645039361567
42257901,touchmove,529,302,1645039361573
42257901,touchmove,529,304,1645039361582
42257901,touchmove,529,306,1645039361590
42257901,touchmove,529,304,1645039361649
42257901,touchmove,529,303,1645039361657
42257901,touchmove,529,301,1645039361665
42257901,touchmove,529,299,1645039361674
42257901,touchmove,529,297,1645039361682
42257901,touchmove,529,295,1645039361690
42257901,touchmove,529,293,1645039361699
42257901,touchmove,529,291,1645039361707
42257901,touchmove,529,289,1645039361715
42257901,touchmove,529,287,1645039361724
42257901,touchmove,528,285,1645039361732
42257901,touchend,0,0,1645039361736
42257902,touchdown,393,283,1645039362017
42257902,touchmove,395,291,1645039362035
42257902,touchmove,395,298,1645039362049
42257902,touchmove,395,302,1645039362057
42257902,touchmove,396,304,1645039362065
42257902,touchmove,396,305,1645039362074
42257902,touchmove,396,304,1645039362110
42257902,touchmove,396,303,1645039362124
42257902,touchmove,396,302,1645039362132
42257902,touchmove,396,300,1645039362141
42257902,touchmove,396,299,1645039362149
42257902,touchmove,396,298,1645039362157
42257902,touchmove,396,296,1645039362166
42257902,touchmove,396,294,1645039362174
42257902,touchmove,396,292,1645039362182
42257902,touchmove,396,289,1645039362191
42257902,touchmove,396,287,1645039362199
42257902,touchmove,394,284,1645039362207
42257902,touchmove,392,280,1645039362216
42257902,touchmove,386,276,1645039362224
42257902,touchend,0,0,1645039362228
42257903,touchdown,240,297,1645039362575
42257903,touchmove,242,304,1645039362591
42257903,touchmove,242,310,1645039362599
42257903,touchmove,243,314,1645039362607
42257903,touchmove,243,317,1645039362616
42257903,touchmove,244,317,1645039362625
42257903,touchmove,244,316,1645039362666
42257903,touchmove,244,315,1645039362674
42257903,touchmove,244,312,1645039362691
42257903,touchmove,244,313,1645039362683
42257903,touchmove,244,310,1645039362699
42257903,touchmove,244,308,1645039362708
42257903,touchmove,244,306,1645039362716
42257903,touchmove,244,302,1645039362733
42257903,touchmove,244,304,1645039362724
42257903,touchmove,244,299,1645039362741
42257903,touchmove,244,296,1645039362749
42257903,touchmove,244,293,1645039362758
42257903,touchend,0,0,1645039362761
42257904,touchdown,267,152,1645039363084
42257904,touchmove,269,158,1645039363094
42257904,touchmove,271,165,1645039363100
42257904,touchmove,271,170,1645039363108
42257904,touchmove,271,172,1645039363116
42257904,touchmove,272,172,1645039363124
42257904,touchmove,272,171,1645039363152
42257904,touchmove,272,170,1645039363166
42257904,touchmove,272,169,1645039363175
42257904,touchmove,272,167,1645039363183
42257904,touchmove,272,165,1645039363191
42257904,touchmove,272,163,1645039363200
42257904,touchmove,272,161,1645039363208
42257904,touchmove,272,158,1645039363216
42257904,touchmove,272,156,1645039363225
42257904,touchmove,272,153,1645039363233
42257904,touchmove,273,151,1645039363241
42257904,touchend,0,0,1645039363245
42257905,touchdown,405,161,1645039363575
42257905,touchmove,407,165,1645039363585
42257905,touchmove,409,172,1645039363591
42257905,touchmove,410,178,1645039363600
42257905,touchmove,410,180,1645039363608
42257905,touchmove,411,180,1645039363625
42257905,touchmove,411,179,1645039363644
42257905,touchmove,411,177,1645039363658
42257905,touchmove,411,176,1645039363667
42257905,touchmove,411,174,1645039363675
42257905,touchmove,411,172,1645039363683
42257905,touchmove,411,170,1645039363692
42257905,touchmove,411,168,1645039363700
42257905,touchmove,411,166,1645039363708
42257905,touchmove,411,164,1645039363717
42257905,touchmove,411,162,1645039363725
42257905,touchmove,411,161,1645039363733
42257905,touchend,0,0,1645039363737
42257906,touchdown,537,162,1645039364101
42257906,touchmove,543,165,1645039364117
42257906,touchmove,545,168,1645039364125
42257906,touchmove,545,172,1645039364133
42257906,touchmove,545,175,1645039364142
42257906,touchmove,545,176,1645039364150
42257906,touchmove,545,175,1645039364200
42257906,touchmove,545,173,1645039364209
42257906,touchmove,545,172,1645039364217
42257906,touchmove,545,170,1645039364225
42257906,touchmove,545,169,1645039364234
42257906,touchmove,545,167,1645039364242
42257906,touchmove,545,165,1645039364250
42257906,touchmove,545,164,1645039364258
42257906,touchmove,545,162,1645039364267
42257906,touchmove,547,161,1645039364275
42257906,touchmove,548,161,1645039364284
42257906,touchend,0,0,1645039364287
42257907,touchdown,664,155,1645039364633
42257907,touchmove,666,159,1645039364643
42257907,touchmove,667,166,1645039364652
42257907,touchmove,667,172,1645039364659
42257907,touchmove,668,174,1645039364667
42257907,touchmove,668,175,1645039364675
42257907,touchmove,668,174,1645039364717
42257907,touchmove,668,172,1645039364725
42257907,touchmove,668,170,1645039364734
42257907,touchmove,668,168,1645039364742
42257907,touchmove,668,167,1645039364751
42257907,touchmove,668,164,1645039364759
42257907,touchmove,669,162,1645039364767
42257907,touchmove,670,160,1645039364775
42257907,touchmove,672,157,1645039364784
42257907,touchmove,674,154,1645039364792
42257907,touchend,0,0,1645039364796
42257908,touchdown,799,160,1645039365135
42257908,touchmove,801,163,1645039365145
42257908,touchmove,802,170,1645039365152
42257908,touchmove,802,175,1645039365159
42257908,touchmove,802,177,1645039365167
42257908,touchmove,802,176,1645039365226
42257908,touchmove,802,174,1645039365234
42257908,touchmove,802,171,1645039365251
42257908,touchmove,802,169,1645039365259
42257908,touchmove,802,167,1645039365267
42257908,touchmove,802,172,1645039365242
42257908,touchmove,802,165,1645039365276
42257908,touchmove,803,163,1645039365284
42257908,touchmove,803,162,1645039365292
42257908,touchend,0,0,1645039365296
42257909,touchdown,919,167,1645039365618
42257909,touchmove,920,173,1645039365634
42257909,touchmove,921,179,1645039365642
42257909,touchmove,921,184,1645039365651
42257909,touchmove,921,185,1645039365659
42257909,touchmove,921,184,1645039365679
42257909,touchmove,921,182,1645039365693
42257909,touchmove,921,181,1645039365701
42257909,touchmove,921,179,1645039365709
42257909,touchmove,921,177,1645039365718
42257909,touchmove,921,175,1645039365726
42257909,touchmove,921,173,1645039365734
42257909,touchmove,921,171,1645039365743
42257909,touchmove,921,169,1645039365751
42257909,touchmove,921,167,1645039365759
42257909,touchmove,921,165,1645039365768
42257909,touchmove,921,162,1645039365776
42257909,touchmove,920,160,1645039365785
42257909,touchend,0,0,1645039365788
42257910,touchdown,937,29,1645039366086
42257910,touchmove,938,34,1645039366096
42257910,touchmove,938,41,1645039366103
42257910,touchmove,938,46,1645039366109
42257910,touchmove,938,48,1645039366118
42257910,touchmove,938,47,1645039366168
42257910,touchmove,938,45,1645039366176
42257910,touchmove,938,44,1645039366185
42257910,touchmove,938,43,1645039366193
42257910,touchmove,938,41,1645039366201
42257910,touchmove,938,39,1645039366210
42257910,touchmove,938,37,1645039366218
42257910,touchmove,938,35,1645039366226
42257910,touchmove,938,32,1645039366235
42257910,touchmove,938,30,1645039366243
42257910,touchmove,938,27,1645039366251
42257910,touchmove,933,24,1645039366260
42257910,touchend,0,0,1645039366263
42257911,touchdown,774,27,1645039366561
42257911,touchmove,775,33,1645039366580
42257911,touchmove,775,38,1645039366593
42257911,touchmove,775,41,1645039366601
42257911,touchmove,775,42,1645039366610
42257911,touchmove,776,42,1645039366635
42257911,touchmove,776,41,1645039366643
42257911,touchmove,776,39,1645039366652
42257911,touchmove,776,38,1645039366660
42257911,touchmove,776,36,1645039366668
42257911,touchmove,776,34,1645039366676
42257911,touchmove,776,33,1645039366685
42257911,touchmove,776,31,1645039366693
42257911,touchmove,776,29,1645039366702
42257911,touchmove,776,27,1645039366710
42257911,touchmove,774,27,1645039366718
42257911,touchmove,769,26,1645039366727
42257911,touchend,0,0,1645039366730
42257912,touchdown,660,29,1645039367094
42257912,touchmove,660,33,1645039367104
42257912,touchmove,660,39,1645039367110
42257912,touchmove,660,43,1645039367118
42257912,touchmove,660,45,1645039367127
42257912,touchmove,660,46,1645039367135
42257912,touchmove,660,45,1645039367185
42257912,touchmove,661,43,1645039367194
42257912,touchmove,661,41,1645039367202
42257912,touchmove,661,40,1645039367210
42257912,touchmove,661,38,1645039367219
42257912,touchmove,661,36,1645039367227
42257912,touchmove,661,34,1645039367235
42257912,touchmove,661,33,1645039367244
42257912,touchmove,661,30,1645039367252
42257912,touchmove,661,28,1645039367260
42257912,touchmove,660,27,1645039367269
42257912,touchend,0,0,1645039367272
42257913,touchdown,518,28,1645039367570
42257913,touchmove,520,31,1645039367579
42257913,touchmove,521,38,1645039367588
42257913,touchmove,521,43,1645039367594
42257913,touchmove,521,45,1645039367602
42257913,touchmove,521,43,1645039367644
42257913,touchmove,521,42,1645039367652
42257913,touchmove,521,40,1645039367660
42257913,touchmove,521,39,1645039367669
42257913,touchmove,521,37,1645039367677
42257913,touchmove,521,35,1645039367685
42257913,touchmove,521,33,1645039367694
42257913,touchmove,521,31,1645039367702
42257913,touchmove,521,29,1645039367711
42257913,touchmove,521,27,1645039367719
42257913,touchmove,520,25,1645039367727
42257913,touchmove,515,24,1645039367736
42257913,touchend,0,0,1645039367740
42257914,touchdown,390,18,1645039368053
42257914,touchmove,392,27,1645039368069
42257914,touchmove,392,32,1645039368077
42257914,touchmove,393,35,1645039368085
42257914,touchmove,394,36,1645039368094
42257914,touchmove,395,36,1645039368111
42257914,touchmove,395,35,1645039368119
42257914,touchmove,395,34,1645039368127
42257914,touchmove,395,33,1645039368136
42257914,touchmove,395,31,1645039368144
42257914,touchmove,395,30,1645039368152
42257914,touchmove,395,28,1645039368161
42257914,touchmove,395,27,1645039368169
42257914,touchmove,395,26,1645039368178
42257914,touchmove,395,24,1645039368186
42257914,touchmove,395,22,1645039368194
42257914,touchmove,393,21,1645039368203
42257914,touchmove,390,20,1645039368211
42257914,touchmove,383,20,1645039368219
42257914,touchend,0,0,1645039368223
42257915,touchdown,279,22,1645039368488
42257915,touchmove,281,28,1645039368498
42257915,touchmove,283,35,1645039368504
42257915,touchmove,284,38,1645039368511
42257915,touchmove,285,38,1645039368527
42257915,touchmove,285,36,1645039368578
42257915,touchmove,285,35,1645039368586
42257915,touchmove,285,34,1645039368594
42257915,touchmove,284,32,1645039368603
42257915,touchmove,284,31,1645039368611
42257915,touchmove,283,29,1645039368619
42257915,touchmove,283,27,1645039368628
42257915,touchmove,282,26,1645039368636
42257915,touchmove,281,24,1645039368644
42257915,touchmove,281,22,1645039368653
42257915,touchmove,279,21,1645039368661
42257915,touchend,0,0,1645039368664
42257916,touchdown,247,158,1645039369037
42257916,touchmove,251,165,1645039369056
42257916,touchmove,252,170,1645039369069
42257916,touchmove,253,173,1645039369078
42257916,touchmove,254,174,1645039369086
42257916,touchmove,254,173,1645039369115
42257916,touchmove,254,172,1645039369128
42257916,touchmove,254,170,1645039369136
42257916,touchmove,254,168,1645039369145
42257916,touchmove,253,166,1645039369153
42257916,touchmove,253,163,1645039369161
42257916,touchmove,253,161,1645039369170
42257916,touchmove,252,158,1645039369178
42257916,touchend,0,0,1645039369183
42257917,touchdown,407,151,1645039369571
42257917,touchmove,408,158,1645039369581
42257917,touchmove,409,164,1645039369587
42257917,touchmove,409,167,1645039369595
42257917,touchmove,409,166,1645039369645
42257917,touchmove,410,165,1645039369653
42257917,touchmove,410,162,1645039369662
42257917,touchmove,410,160,1645039369670
42257917,touchmove,411,157,1645039369678
42257917,touchmove,411,154,1645039369687
42257917,touchmove,413,151,1645039369695
42257917,touchmove,416,147,1645039369703
42257917,touchend,0,0,1645039369707
42257918,touchdown,544,166,1645039370046
42257918,touchmove,548,174,1645039370062
42257918,touchmove,549,180,1645039370070
42257918,touchmove,550,184,1645039370078
42257918,touchmove,551,184,1645039370087
42257918,touchmove,551,183,1645039370120
42257918,touchmove,551,182,1645039370128
42257918,touchmove,551,180,1645039370137
42257918,touchmove,551,177,1645039370145
42257918,touchmove,551,176,1645039370154
42257918,touchmove,551,173,1645039370162
42257918,touchmove,551,171,1645039370170
42257918,touchmove,551,170,1645039370179
42257918,touchmove,551,167,1645039370187
42257918,touchmove,551,165,1645039370195
42257918,touchmove,551,163,1645039370204
42257918,touchend,0,0,1645039370208
42257919,touchdown,662,170,1645039370554
42257919,touchmove,664,174,1645039370564
42257919,touchmove,665,181,1645039370572
42257919,touchmove,665,185,1645039370579
42257919,touchmove,666,187,1645039370587
42257919,touchmove,666,186,1645039370629
42257919,touchmove,667,184,1645039370645
42257919,touchmove,667,182,1645039370654
42257919,touchmove,667,180,1645039370662
42257919,touchmove,667,177,1645039370671
42257919,touchmove,667,175,1645039370679
42257919,touchmove,668,172,1645039370687
42257919,touchmove,668,170,1645039370696
42257919,touchmove,669,167,1645039370704
42257919,touchend,0,0,1645039370708
42257920,touchdown,794,159,1645039371038
42257920,touchmove,795,169,1645039371048
42257920,touchmove,796,175,1645039371054
42257920,touchmove,796,177,1645039371062
42257920,touchmove,796,176,1645039371104
42257920,touchmove,800,166,1645039371154
42257920,touchmove,797,172,1645039371121
42257920,touchmove,798,171,1645039371129
42257920,touchmove,801,163,1645039371163
42257920,touchmove,801,161,1645039371171
42257920,touchmove,798,169,1645039371137
42257920,touchmove,802,159,1645039371179
42257920,touchmove,799,167,1645039371146
42257920,touchmove,797,174,1645039371112
42257920,touchend,0,0,1645039371183
42257921,touchdown,920,163,1645039371497
42257921,touchmove,920,169,1645039371507
42257921,touchmove,921,177,1645039371513
42257921,touchmove,921,182,1645039371521
42257921,touchmove,921,184,1645039371529
42257921,touchmove,922,183,1645039371579
42257921,touchmove,922,182,1645039371588
42257921,touchmove,922,180,1645039371596
42257921,touchmove,922,178,1645039371604
42257921,touchmove,922,176,1645039371613
42257921,touchmove,922,174,1645039371621
42257921,touchmove,922,172,1645039371629
42257921,touchmove,922,170,1645039371638
42257921,touchmove,922,168,1645039371646
42257921,touchmove,922,167,1645039371654
42257921,touchend,0,0,1645039371658
42257922,touchdown,921,292,1645039372080
42257922,touchmove,926,299,1645039372100
42257922,touchmove,926,304,1645039372113
42257922,touchmove,926,306,1645039372121
42257922,touchmove,926,305,1645039372155
42257922,touchmove,926,303,1645039372163
42257922,touchmove,926,302,1645039372171
42257922,touchmove,926,299,1645039372180
42257922,touchmove,926,297,1645039372188
42257922,touchmove,926,295,1645039372196
42257922,touchmove,926,293,1645039372205
42257922,touchmove,926,290,1645039372213
42257922,touchmove,926,288,1645039372221
42257922,touchmove,926,285,1645039372230
42257922,touchmove,923,284,1645039372238
42257922,touchend,0,0,1645039372242
42257923,touchdown,784,304,1645039372589
42257923,touchmove,788,313,1645039372616
42257923,touchmove,788,315,1645039372630
42257923,touchmove,788,317,1645039372638
42257923,touchmove,788,316,1645039372697
42257923,touchmove,788,314,1645039372705
42257923,touchmove,788,313,1645039372713
42257923,touchmove,788,311,1645039372722
42257923,touchmove,788,309,1645039372730
42257923,touchmove,788,308,1645039372738
42257923,touchmove,788,306,1645039372747
42257923,touchmove,788,304,1645039372755
42257923,touchmove,787,302,1645039372763
42257923,touchmove,786,299,1645039372772
42257923,touchmove,783,297,1645039372781
42257923,touchend,0,0,1645039372783
42257924,touchdown,654,301,1645039373106
42257924,touchmove,656,308,1645039373142
42257924,touchmove,656,311,1645039373155
42257924,touchmove,656,312,1645039373164
42257924,touchmove,656,313,1645039373172
42257924,touchmove,656,314,1645039373180
42257924,touchmove,656,313,1645039373217
42257924,touchmove,656,312,1645039373230
42257924,touchmove,656,311,1645039373239
42257924,touchmove,656,309,1645039373247
42257924,touchmove,656,307,1645039373255
42257924,touchmove,656,305,1645039373264
42257924,touchmove,655,303,1645039373272
42257924,touchmove,652,301,1645039373280
42257924,touchmove,646,300,1645039373289
42257924,touchend,0,0,1645039373293
42257925,touchdown,526,288,1645039373623
42257925,touchmove,529,297,1645039373642
42257925,touchmove,529,300,1645039373655
42257925,touchmove,529,302,1645039373664
42257925,touchmove,530,303,1645039373672
42257925,touchmove,530,301,1645039373714
42257925,touchmove,530,300,1645039373722
42257925,touchmove,530,298,1645039373731
42257925,touchmove,530,297,1645039373739
42257925,touchmove,530,295,1645039373747
42257925,touchmove,530,293,1645039373756
42257925,touchmove,529,292,1645039373764
42257925,touchmove,529,290,1645039373772
42257925,touchmove,528,289,1645039373781
42257925,touchmove,528,287,1645039373789
42257925,touchmove,526,286,1645039373797
42257925,touchmove,523,285,1645039373806
42257925,touchend,0,0,1645039373809
42257926,touchdown,390,290,1645039374149
42257926,touchmove,392,296,1645039374164
42257926,touchmove,392,300,1645039374172
42257926,touchmove,393,304,1645039374181
42257926,touchmove,393,305,1645039374189
42257926,touchmove,394,305,1645039374197
42257926,touchmove,394,303,1645039374239
42257926,touchmove,394,302,1645039374248
42257926,touchmove,394,299,1645039374256
42257926,touchmove,394,298,1645039374264
42257926,touchmove,394,296,1645039374273
42257926,touchmove,394,294,1645039374281
42257926,touchmove,394,292,1645039374289
42257926,touchmove,394,290,1645039374298
42257926,touchmove,393,289,1645039374306
42257926,touchmove,393,288,1645039374314
42257926,touchmove,392,286,1645039374323
42257926,touchmove,390,286,1645039374331
42257926,touchmove,385,286,1645039374339
42257926,touchend,0,0,1645039374343
42257927,touchdown,250,285,1645039374590
42257927,touchmove,254,295,1645039374618
42257927,touchmove,254,299,1645039374631
42257927,touchmove,255,301,1645039374639
42257927,touchmove,255,302,1645039374648
42257927,touchmove,255,303,1645039374656
42257927,touchmove,255,302,1645039374710
42257927,touchmove,255,301,1645039374723
42257927,touchmove,255,299,1645039374731
42257927,touchmove,255,298,1645039374740
42257927,touchmove,255,297,1645039374748
42257927,touchmove,255,295,1645039374756
42257927,touchmove,255,293,1645039374765
42257927,touchmove,255,291,1645039374773
42257927,touchmove,256,290,1645039374781
42257927,touchmove,257,289,1645039374790
42257927,touchmove,257,288,1645039374798
42257927,touchend,0,0,1645039374801
42257928,touchdown,272,426,1645039375107
42257928,touchmove,272,427,1645039375134
42257928,touchmove,272,432,1645039375148
42257928,touchmove,272,437,1645039375156
42257928,touchmove,272,441,1645039375165
42257928,touchmove,272,444,1645039375173
42257928,touchmove,273,445,1645039375181
42257928,touchmove,274,445,1645039375198
42257928,touchmove,274,444,1645039375206
42257928,touchmove,274,443,1645039375215
42257928,touchmove,274,441,1645039375223
42257928,touchmove,274,439,1645039375231
42257928,touchmove,274,436,1645039375240
42257928,touchmove,274,434,1645039375248
42257928,touchmove,274,432,1645039375256
42257928,touchmove,274,429,1645039375265
42257928,touchmove,274,426,1645039375273
42257928,touchmove,273,423,1645039375281
42257928,touchmove,272,420,1645039375290
42257928,touchmove,272,417,1645039375298
42257928,touchmove,271,415,1645039375306
42257928,touchmove,269,413,1645039375315
42257928,touchend,0,0,1645039375318
42257929,touchdown,396,419,1645039375682
42257929,touchmove,399,429,1645039375702
42257929,touchmove,399,432,1645039375715
42257929,touchmove,399,434,1645039375723
42257929,touchmove,399,435,1645039375732
42257929,touchmove,399,434,1645039375799
42257929,touchmove,399,432,1645039375807
42257929,touchmove,399,431,1645039375815
42257929,touchmove,399,429,1645039375824
42257929,touchmove,399,427,1645039375832
42257929,touchmove,399,425,1645039375840
42257929,touchmove,400,423,1645039375849
42257929,touchmove,400,421,1645039375857
42257929,touchmove,401,418,1645039375865
42257929,touchmove,404,415,1645039375873
42257929,touchend,0,0,1645039375877
42257930,touchdown,521,424,1645039376192
42257930,touchmove,524,432,1645039376207
42257930,touchmove,524,437,1645039376215
42257930,touchmove,524,440,1645039376223
42257930,touchmove,525,441,1645039376232
42257930,touchmove,525,439,1645039376260
42257930,touchmove,525,437,1645039376274
42257930,touchmove,525,435,1645039376282
42257930,touchmove,525,434,1645039376290
42257930,touchend,0,0,1645039376294
