42258068,touchdown,927,565,1645039654333
42258068,touchmove,928,568,1645039654343
42258068,touchmove,929,573,1645039654350
42258068,touchmove,929,578,1645039654357
42258068,touchmove,929,582,1645039654365
42258068,touchmove,929,583,1645039654374
42258068,touchmove,929,582,1645039654416
42258068,touchmove,928,580,1645039654424
42258068,touchmove,927,577,1645039654433
42258068,touchmove,927,575,1645039654441
42258068,touchmove,927,572,1645039654449
42258068,touchmove,926,567,1645039654458
42258068,touchmove,922,562,1645039654466
42258068,touchend,0,0,1645039654470
42258069,touchdown,769,581,1645039654975
42258069,touchmove,770,589,1645039654991
42258069,touchmove,770,595,1645039654999
42258069,touchmove,770,599,1645039655008
42258069,touchmove,770,601,1645039655016
42258069,touchmove,770,602,1645039655025
42258069,touchmove,771,602,1645039655033
42258069,touchmove,771,601,1645039655053
42258069,touchmove,771,600,1645039655075
42258069,touchmove,771,598,1645039655083
42258069,touchmove,771,597,1645039655091
42258069,touchmove,771,596,1645039655100
42258069,touchmove,771,594,1645039655108
42258069,touchmove,771,592,1645039655116
42258069,touchmove,771,590,1645039655125
42258069,touchmove,771,589,1645039655133
42258069,touchmove,771,588,1645039655141
42258069,touchend,0,0,1645039655145
42258070,touchdown,641,560,1645039655725
42258070,touchmove,642,568,1645039655741
42258070,touchmove,643,575,1645039655750
42258070,touchmove,643,580,1645039655758
42258070,touchmove,643,582,1645039655767
42258070,touchmove,643,581,1645039655817
42258070,touchmove,643,579,1645039655825
42258070,touchmove,643,577,1645039655833
42258070,touchmove,643,575,1645039655842
42258070,touchmove,643,572,1645039655850
42258070,touchmove,643,569,1645039655858
42258070,touchmove,643,565,1645039655867
42258070,touchmove,643,561,1645039655875
42258070,touchend,0,0,1645039655879
42258071,touchdown,529,547,1645039656509
42258071,touchmove,531,552,1645039656525
42258071,touchmove,531,558,1645039656534
42258071,touchmove,531,563,1645039656542
42258071,touchmove,531,566,1645039656551
42258071,touchmove,531,567,1645039656567
42258071,touchmove,531,566,1645039656604
42258071,touchmove,531,564,1645039656625
42258071,touchmove,531,563,1645039656634
42258071,touchmove,531,561,1645039656642
42258071,touchmove,531,559,1645039656651
42258071,touchmove,530,557,1645039656659
42258071,touchmove,530,555,1645039656667
42258071,touchmove,530,553,1645039656676
42258071,touchmove,530,550,1645039656684
42258071,touchmove,530,546,1645039656692
42258071,touchmove,530,543,1645039656701
42258071,touchend,0,0,1645039656704
42258072,touchdown,404,534,1645039657268
42258072,touchmove,406,542,1645039657287
42258072,touchmove,406,547,1645039657301
42258072,touchmove,407,552,1645039657309
42258072,touchmove,407,556,1645039657318
42258072,touchmove,407,559,1645039657326
42258072,touchmove,408,561,1645039657334
42258072,touchmove,408,562,1645039657351
42258072,touchmove,408,561,1645039657379
42258072,touchmove,408,559,1645039657401
42258072,touchmove,408,558,1645039657409
42258072,touchmove,408,556,1645039657418
42258072,touchmove,408,554,1645039657426
42258072,touchmove,408,552,1645039657434
42258072,touchmove,408,550,1645039657443
42258072,touchmove,408,548,1645039657451
42258072,touchmove,408,546,1645039657459
42258072,touchmove,408,544,1645039657468
42258072,touchmove,407,542,1645039657476
42258072,touchmove,407,539,1645039657484
42258072,touchmove,406,536,1645039657493
42258072,touchmove,405,533,1645039657501
42258072,touchend,0,0,1645039657504
42258073,touchdown,257,538,1645039658043
42258073,touchmove,259,544,1645039658071
42258073,touchmove,260,549,1645039658085
42258073,touchmove,261,554,1645039658093
42258073,touchmove,262,557,1645039658101
42258073,touchmove,262,558,1645039658110
42258073,touchmove,262,559,1645039658118
42258073,touchmove,262,558,1645039658176
42258073,touchmove,262,557,1645039658185
42258073,touchmove,262,556,1645039658193
42258073,touchmove,262,554,1645039658202
42258073,touchmove,261,552,1645039658210
42258073,touchmove,261,549,1645039658218
42258073,touchmove,260,547,1645039658226
42258073,touchmove,259,543,1645039658235
42258073,touchmove,259,540,1645039658243
42258073,touchmove,259,538,1645039658251
42258073,touchend,0,0,1645039658255
42258074,touchdown,262,395,1645039658794
42258074,touchmove,265,404,1645039658831
42258074,touchmove,265,408,1645039658844
42258074,touchmove,265,411,1645039658852
42258074,touchmove,266,413,1645039658860
42258074,touchmove,266,414,1645039658868
42258074,touchmove,266,413,1645039658918
42258074,touchmove,266,412,1645039658927
42258074,touchmove,266,410,1645039658935
42258074,touchmove,265,408,1645039658944
42258074,touchmove,265,405,1645039658952
42258074,touchmove,264,402,1645039658960
42258074,touchmove,264,400,1645039658968
42258074,touchmove,264,397,1645039658977
42258074,touchend,0,0,1645039658981
42258075,touchdown,385,412,1645039659578
42258075,touchmove,388,420,1645039659594
42258075,touchmove,389,425,1645039659602
42258075,touchmove,390,428,1645039659610
42258075,touchmove,391,430,1645039659619
42258075,touchmove,392,431,1645039659627
42258075,touchmove,391,431,1645039659673
42258075,touchmove,390,431,1645039659686
42258075,touchmove,390,430,1645039659694
42258075,touchmove,390,428,1645039659702
42258075,touchmove,389,427,1645039659711
42258075,touchmove,389,424,1645039659719
42258075,touchmove,388,421,1645039659727
42258075,touchmove,388,419,1645039659736
42258075,touchmove,388,416,1645039659744
42258075,touchmove,388,415,1645039659752
42258075,touchend,0,0,1645039659756
42258076,touchdown,530,415,1645039660320
42258076,touchmove,531,425,1645039660348
42258076,touchmove,531,429,1645039660361
42258076,touchmove,531,431,1645039660369
42258076,touchmove,531,432,1645039660378
42258076,touchmove,531,431,1645039660406
42258076,touchmove,531,430,1645039660419
42258076,touchmove,531,429,1645039660428
42258076,touchmove,531,428,1645039660436
42258076,touchmove,531,427,1645039660444
42258076,touchmove,531,426,1645039660453
42258076,touchmove,531,425,1645039660461
42258076,touchmove,531,423,1645039660469
42258076,touchmove,531,422,1645039660478
42258076,touchmove,531,420,1645039660486
42258076,touchmove,530,417,1645039660494
42258076,touchend,0,0,1645039660498
42258077,touchdown,669,421,1645039661103
42258077,touchmove,671,425,1645039661123
42258077,touchmove,671,430,1645039661136
42258077,touchmove,671,435,1645039661145
42258077,touchmove,671,438,1645039661153
42258077,touchmove,672,439,1645039661161
42258077,touchmove,672,440,1645039661170
42258077,touchmove,672,439,1645039661203
42258077,touchmove,672,437,1645039661211
42258077,touchmove,672,434,1645039661220
42258077,touchmove,671,431,1645039661228
42258077,touchmove,671,427,1645039661236
42258077,touchmove,671,424,1645039661245
42258077,touchend,0,0,1645039661248
42258078,touchdown,787,430,1645039661854
42258078,touchmove,788,435,1645039661881
42258078,touchmove,788,439,1645039661895
42258078,touchmove,788,442,1645039661904
42258078,touchmove,788,444,1645039661912
42258078,touchmove,789,445,1645039661920
42258078,touchmove,789,443,1645039661940
42258078,touchmove,789,441,1645039661954
42258078,touchmove,789,439,1645039661962
42258078,touchmove,789,436,1645039661970
42258078,touchmove,789,435,1645039661979
42258078,touchmove,789,433,1645039661987
42258078,touchend,0,0,1645039661990
42258079,touchdown,915,435,1645039662630
42258079,touchmove,915,449,1645039662666
42258079,touchmove,915,451,1645039662679
42258079,touchmove,915,452,1645039662687
42258079,touchmove,915,451,1645039662721
42258079,touchmove,916,449,1645039662729
42258079,touchmove,917,448,1645039662737
42258079,touchmove,917,446,1645039662746
42258079,touchmove,919,444,1645039662754
42258079,touchmove,920,442,1645039662762
42258079,touchmove,920,441,1645039662771
42258079,touchend,0,0,1645039662774
42258080,touchdown,920,287,1645039663364
42258080,touchmove,922,295,1645039663408
42258080,touchmove,922,298,1645039663421
42258080,touchmove,922,299,1645039663429
42258080,touchmove,922,300,1645039663438
42258080,touchmove,922,299,1645039663466
42258080,touchmove,922,297,1645039663479
42258080,touchmove,922,294,1645039663488
42258080,touchmove,922,291,1645039663496
42258080,touchmove,922,288,1645039663504
42258080,touchend,0,0,1645039663508
42258081,touchdown,793,288,1645039664089
42258081,touchmove,798,294,1645039664125
42258081,touchmove,798,296,1645039664138
42258081,touchmove,798,297,1645039664147
42258081,touchmove,798,298,1645039664155
42258081,touchmove,798,297,1645039664183
42258081,touchmove,797,296,1645039664197
42258081,touchmove,797,294,1645039664205
42258081,touchmove,796,292,1645039664213
42258081,touchmove,796,290,1645039664221
42258081,touchmove,796,287,1645039664230
42258081,touchmove,795,285,1645039664238
42258081,touchmove,794,283,1645039664247
42258081,touchend,0,0,1645039664250
42258082,touchdown,657,310,1645039664847
42258082,touchmove,660,320,1645039664875
42258082,touchmove,660,322,1645039664888
42258082,touchmove,660,320,1645039664930
42258082,touchmove,660,318,1645039664939
42258082,touchmove,660,317,1645039664947
42258082,touchmove,660,315,1645039664955
42258082,touchmove,659,313,1645039664964
42258082,touchmove,658,311,1645039664972
42258082,touchmove,656,310,1645039664980
42258082,touchend,0,0,1645039664984
42258083,touchdown,529,271,1645039665598
42258083,touchmove,531,282,1645039665614
42258083,touchmove,531,286,1645039665622
42258083,touchmove,531,288,1645039665630
42258083,touchmove,531,289,1645039665639
42258083,touchmove,531,288,1645039665676
42258083,touchmove,531,286,1645039665689
42258083,touchmove,531,284,1645039665697
42258083,touchmove,531,282,1645039665706
42258083,touchmove,530,279,1645039665714
42258083,touchmove,529,276,1645039665722
42258083,touchmove,527,273,1645039665731
42258083,touchend,0,0,1645039665735
42258084,touchdown,404,282,1645039666306
42258084,touchmove,408,288,1645039666326
42258084,touchmove,408,293,1645039666339
42258084,touchmove,408,296,1645039666348
42258084,touchmove,408,297,1645039666356
42258084,touchmove,408,295,1645039666398
42258084,touchmove,408,294,1645039666406
42258084,touchmove,408,292,1645039666414
42258084,touchmove,407,290,1645039666423
42258084,touchmove,407,288,1645039666431
42258084,touchmove,407,285,1645039666439
42258084,touchmove,406,284,1645039666448
42258084,touchmove,405,282,1645039666456
42258084,touchmove,403,281,1645039666464
42258084,touchend,0,0,1645039666468
42258085,touchdown,270,278,1645039667032
42258085,touchmove,272,281,1645039667048
42258085,touchmove,273,287,1645039667056
42258085,touchmove,274,292,1645039667065
42258085,touchmove,274,294,1645039667073
42258085,touchmove,274,293,1645039667123
42258085,touchmove,274,291,1645039667131
42258085,touchmove,273,289,1645039667140
42258085,touchmove,273,288,1645039667148
42258085,touchmove,272,286,1645039667157
42258085,touchmove,272,284,1645039667165
42258085,touchmove,271,282,1645039667173
42258085,touchmove,271,279,1645039667182
42258085,touchend,0,0,1645039667185
42258086,touchdown,271,158,1645039667766
42258086,touchmove,274,162,1645039667782
42258086,touchmove,274,167,1645039667790
42258086,touchmove,275,171,1645039667798
42258086,touchmove,276,173,1645039667807
42258086,touchmove,276,174,1645039667815
42258086,touchmove,276,173,1645039667835
42258086,touchmove,276,172,1645039667849
42258086,touchmove,276,170,1645039667857
42258086,touchmove,276,168,1645039667865
42258086,touchmove,274,167,1645039667874
42258086,touchmove,272,165,1645039667882
42258086,touchmove,269,165,1645039667890
42258086,touchmove,265,164,1645039667899
42258086,touchmove,260,164,1645039667907
42258086,touchend,0,0,1645039667911
42258087,touchdown,400,158,1645039668490
42258087,touchmove,405,167,1645039668510
42258087,touchmove,405,172,1645039668524
42258087,touchmove,405,174,1645039668532
42258087,touchmove,405,175,1645039668540
42258087,touchmove,404,175,1645039668566
42258087,touchmove,404,174,1645039668574
42258087,touchmove,404,173,1645039668582
42258087,touchmove,404,172,1645039668591
42258087,touchmove,404,170,1645039668599
42258087,touchmove,403,168,1645039668607
42258087,touchmove,403,165,1645039668616
42258087,touchmove,403,163,1645039668624
42258087,touchmove,403,159,1645039668632
42258087,touchmove,403,156,1645039668641
42258087,touchend,0,0,1645039668644
42258088,touchdown,518,165,1645039669217
42258088,touchmove,526,174,1645039669236
42258088,touchmove,526,178,1645039669249
42258088,touchmove,526,179,1645039669257
42258088,touchmove,526,178,1645039669308
42258088,touchmove,526,176,1645039669316
42258088,touchmove,526,175,1645039669324
42258088,touchmove,525,173,1645039669333
42258088,touchmove,525,171,1645039669341
42258088,touchmove,524,169,1645039669349
42258088,touchmove,523,167,1645039669358
42258088,touchmove,521,165,1645039669366
42258088,touchmove,519,164,1645039669374
42258088,touchend,0,0,1645039669378
42258089,touchdown,674,158,1645039669933
42258089,touchmove,676,163,1645039669943
42258089,touchmove,677,170,1645039669950
42258089,touchmove,677,174,1645039669958
42258089,touchmove,677,175,1645039669966
42258089,touchmove,677,174,1645039669995
42258089,touchmove,677,173,1645039670008
42258089,touchmove,676,172,1645039670017
42258089,touchmove,675,170,1645039670025
42258089,touchmove,673,168,1645039670033
42258089,touchmove,670,167,1645039670041
42258089,touchmove,667,165,1645039670050
42258089,touchmove,663,163,1645039670058
42258089,touchmove,660,162,1645039670067
42258089,touchmove,658,162,1645039670075
42258089,touchend,0,0,1645039670078
42258090,touchdown,800,158,1645039670626
42258090,touchmove,803,163,1645039670642
42258090,touchmove,803,168,1645039670650
42258090,touchmove,803,173,1645039670658
42258090,touchmove,803,175,1645039670667
42258090,touchmove,804,176,1645039670675
42258090,touchmove,804,175,1645039670703
42258090,touchmove,804,174,1645039670717
42258090,touchmove,804,173,1645039670725
42258090,touchmove,804,171,1645039670734
42258090,touchmove,804,170,1645039670742
42258090,touchmove,804,168,1645039670750
42258090,touchmove,804,166,1645039670759
42258090,touchmove,804,164,1645039670767
42258090,touchmove,804,162,1645039670775
42258090,touchmove,804,159,1645039670784
42258090,touchmove,803,156,1645039670792
42258090,touchend,0,0,1645039670795
42258091,touchdown,933,155,1645039671410
42258091,touchmove,938,163,1645039671429
42258091,touchmove,938,167,1645039671442
42258091,touchmove,938,170,1645039671450
42258091,touchmove,938,172,1645039671459
42258091,touchmove,938,171,1645039671504
42258091,touchmove,938,170,1645039671517
42258091,touchmove,938,168,1645039671526
42258091,touchmove,937,166,1645039671534
42258091,touchmove,937,163,1645039671542
42258091,touchmove,936,161,1645039671551
42258091,touchmove,935,158,1645039671559
42258091,touchmove,933,155,1645039671567
42258091,touchend,0,0,1645039671571
42258092,touchdown,929,15,1645039672143
42258092,touchmove,931,24,1645039672171
42258092,touchmove,931,29,1645039672184
42258092,touchmove,931,33,1645039672193
42258092,touchmove,931,35,1645039672201
42258092,touchmove,931,37,1645039672209
42258092,touchmove,931,38,1645039672218
42258092,touchmove,931,36,1645039672268
42258092,touchmove,931,34,1645039672276
42258092,touchmove,931,32,1645039672284
42258092,touchmove,931,29,1645039672293
42258092,touchmove,931,26,1645039672301
42258092,touchmove,931,24,1645039672310
42258092,touchmove,931,20,1645039672318
42258092,touchmove,929,17,1645039672326
42258092,touchend,0,0,1645039672330
42258093,touchdown,786,13,1645039672902
42258093,touchmove,788,16,1645039672912
42258093,touchmove,788,23,1645039672918
42258093,touchmove,788,28,1645039672926
42258093,touchmove,788,31,1645039672935
42258093,touchmove,789,32,1645039672943
42258093,touchmove,789,33,1645039672951
42258093,touchmove,789,32,1645039672996
42258093,touchmove,789,31,1645039673010
42258093,touchmove,789,30,1645039673018
42258093,touchmove,789,29,1645039673026
42258093,touchmove,789,27,1645039673035
42258093,touchmove,789,26,1645039673043
42258093,touchmove,789,25,1645039673052
42258093,touchmove,789,23,1645039673060
42258093,touchmove,789,21,1645039673068
42258093,touchmove,789,20,1645039673077
42258093,touchmove,789,18,1645039673085
42258093,touchmove,789,17,1645039673093
42258093,touchmove,789,16,1645039673102
42258093,touchmove,789,15,1645039673110
42258093,touchend,0,0,1645039673113
42258094,touchdown,665,22,1645039673620
42258094,touchmove,666,28,1645039673630
42258094,touchmove,667,39,1645039673643
42258094,touchmove,667,44,1645039673660
42258094,touchmove,667,43,1645039673694
42258094,touchmove,667,42,1645039673702
42258094,touchmove,668,41,1645039673710
42258094,touchmove,668,40,1645039673719
42258094,touchmove,668,39,1645039673727
42258094,touchmove,668,37,1645039673735
42258094,touchmove,668,36,1645039673744
42258094,touchmove,668,34,1645039673752
42258094,touchmove,668,32,1645039673761
42258094,touchmove,668,29,1645039673769
42258094,touchmove,668,26,1645039673777
42258094,touchmove,668,23,1645039673785
42258094,touchmove,667,19,1645039673794
42258094,touchend,0,0,1645039673797
42258095,touchdown,539,27,1645039674378
42258095,touchmove,543,35,1645039674397
42258095,touchmove,543,41,1645039674410
42258095,touchmove,543,44,1645039674419
42258095,touchmove,544,45,1645039674427
42258095,touchmove,544,43,1645039674469
42258095,touchmove,544,42,1645039674477
42258095,touchmove,544,40,1645039674486
42258095,touchmove,544,39,1645039674494
42258095,touchmove,544,38,1645039674502
42258095,touchmove,544,36,1645039674511
42258095,touchmove,544,34,1645039674519
42258095,touchmove,543,32,1645039674527
42258095,touchmove,543,30,1645039674536
42258095,touchmove,543,27,1645039674544
42258095,touchmove,542,25,1645039674552
42258095,touchmove,542,21,1645039674561
42258095,touchmove,541,18,1645039674569
42258095,touchend,0,0,1645039674573
42258096,touchdown,385,11,1645039675162
42258096,touchmove,388,21,1645039675189
42258096,touchmove,389,27,1645039675203
42258096,touchmove,389,30,1645039675211
42258096,touchmove,390,31,1645039675219
42258096,touchmove,391,31,1645039675236
42258096,touchmove,391,29,1645039675261
42258096,touchmove,391,28,1645039675269
42258096,touchmove,391,26,1645039675278
42258096,touchmove,391,24,1645039675286
42258096,touchmove,391,22,1645039675295
42258096,touchmove,390,19,1645039675303
42258096,touchmove,390,17,1645039675311
42258096,touchmove,388,13,1645039675320
42258096,touchend,0,0,1645039675324
42258097,touchdown,271,17,1645039675971
42258097,touchmove,276,24,1645039675986
42258097,touchmove,276,29,1645039675995
42258097,touchmove,277,31,1645039676003
42258097,touchmove,277,32,1645039676048
42258097,touchmove,277,33,1645039676011
42258097,touchmove,277,31,1645039676061
42258097,touchmove,277,29,1645039676070
42258097,touchmove,276,27,1645039676078
42258097,touchmove,276,24,1645039676087
42258097,touchmove,275,21,1645039676095
42258097,touchmove,274,17,1645039676103
42258097,touchmove,272,13,1645039676112
42258097,touchend,0,0,1645039676116
42258098,touchdown,257,144,1645039676730
42258098,touchmove,262,151,1645039676757
42258098,touchmove,263,156,1645039676770
42258098,touchmove,264,158,1645039676778
42258098,touchmove,264,159,1645039676787
42258098,touchmove,264,157,1645039676820
42258098,touchmove,264,155,1645039676829
42258098,touchmove,263,152,1645039676837
42258098,touchmove,262,148,1645039676845
42258098,touchmove,261,144,1645039676854
42258098,touchend,0,0,1645039676858
42258099,touchdown,394,176,1645039677471
42258099,touchmove,405,180,1645039677508
42258099,touchmove,405,183,1645039677521
42258099,touchmove,405,185,1645039677529
42258099,touchmove,405,184,1645039677565
42258099,touchmove,404,182,1645039677579
42258099,touchmove,403,180,1645039677587
42258099,touchmove,402,177,1645039677596
42258099,touchmove,401,174,1645039677604
42258099,touchmove,398,171,1645039677613
42258099,touchmove,393,169,1645039677621
42258099,touchend,0,0,1645039677625
42258100,touchdown,526,153,1645039678272
42258100,touchmove,532,162,1645039678300
42258100,touchmove,532,165,1645039678313
42258100,touchmove,532,167,1645039678321
42258100,touchmove,532,166,1645039678346
42258100,touchmove,532,163,1645039678355
42258100,touchmove,531,161,1645039678363
42258100,touchmove,531,159,1645039678371
42258100,touchmove,529,156,1645039678380
42258100,touchmove,528,154,1645039678388
42258100,touchend,0,0,1645039678391
42258101,touchdown,670,173,1645039679006
42258101,touchmove,671,182,1645039679042
42258101,touchmove,671,186,1645039679055
42258101,touchmove,671,188,1645039679063
42258101,touchmove,671,189,1645039679072
42258101,touchmove,672,189,1645039679080
42258101,touchmove,672,187,1645039679105
42258101,touchmove,672,184,1645039679113
42258101,touchmove,672,181,1645039679122
42258101,touchmove,672,177,1645039679130
42258101,touchmove,671,174,1645039679138
42258101,touchend,0,0,1645039679143
42258102,touchdown,778,170,1645039679715
42258102,touchmove,780,177,1645039679730
42258102,touchmove,780,182,1645039679738
42258102,touchmove,781,185,1645039679747
42258102,touchmove,781,186,1645039679755
42258102,touchmove,782,186,1645039679764
42258102,touchmove,783,186,1645039679772
42258102,touchmove,784,185,1645039679780
42258102,touchmove,784,184,1645039679789
42258102,touchmove,784,182,1645039679797
42258102,touchmove,784,179,1645039679805
42258102,touchmove,784,177,1645039679814
42258102,touchmove,784,174,1645039679822
42258102,touchmove,782,172,1645039679830
42258102,touchmove,777,171,1645039679839
42258102,touchend,0,0,1645039679843
42258103,touchdown,942,148,1645039680457
42258103,touchmove,942,158,1645039680501
42258103,touchmove,942,162,1645039680514
42258103,touchmove,942,163,1645039680522
42258103,touchmove,942,165,1645039680531
42258103,touchmove,942,162,1645039680564
42258103,touchmove,942,158,1645039680572
42258103,touchmove,940,154,1645039680581
42258103,touchmove,936,152,1645039680589
42258103,touchend,0,0,1645039680593
42258104,touchdown,924,287,1645039681207
42258104,touchmove,928,291,1645039681226
42258104,touchmove,928,296,1645039681239
42258104,touchmove,928,299,1645039681248
42258104,touchmove,929,300,1645039681256
42258104,touchmove,929,298,1645039681276
42258104,touchmove,929,296,1645039681290
42258104,touchmove,929,293,1645039681298
42258104,touchmove,929,289,1645039681306
42258104,touchmove,930,285,1645039681315
42258104,touchmove,930,282,1645039681323
42258104,touchend,0,0,1645039681326
42258105,touchdown,786,308,1645039681949
42258105,touchmove,789,315,1645039681968
42258105,touchmove,789,319,1645039681981
42258105,touchmove,789,321,1645039681990
42258105,touchmove,789,320,1645039682018
42258105,touchmove,789,318,1645039682032
42258105,touchmove,789,315,1645039682040
42258105,touchmove,789,312,1645039682048
42258105,touchmove,788,309,1645039682057
42258105,touchmove,787,307,1645039682065
42258105,touchend,0,0,1645039682069
42258106,touchdown,657,287,1645039682659
42258106,touchmove,662,296,1645039682685
42258106,touchmove,662,298,1645039682699
42258106,touchmove,662,299,1645039682707
42258106,touchmove,662,298,1645039682749
42258106,touchmove,662,296,1645039682757
42258106,touchmove,662,294,1645039682765
42258106,touchmove,661,293,1645039682774
42258106,touchmove,661,291,1645039682782
42258106,touchmove,660,289,1645039682791
42258106,touchmove,660,287,1645039682799
42258106,touchmove,660,285,1645039682807
42258106,touchmove,658,283,1645039682815
42258106,touchend,0,0,1645039682819
42258107,touchdown,528,292,1645039683442
42258107,touchmove,533,296,1645039683457
42258107,touchmove,534,302,1645039683466
42258107,touchmove,535,305,1645039683474
42258107,touchmove,535,307,1645039683482
42258107,touchmove,535,308,1645039683491
42258107,touchmove,534,306,1645039683541
42258107,touchmove,534,304,1645039683549
42258107,touchmove,534,302,1645039683557
42258107,touchmove,533,299,1645039683566
42258107,touchmove,533,295,1645039683574
42258107,touchmove,532,290,1645039683583
42258107,touchmove,532,285,1645039683591
42258107,touchend,0,0,1645039683595
42258108,touchdown,403,288,1645039684184
42258108,touchmove,407,294,1645039684203
42258108,touchmove,407,298,1645039684216
42258108,touchmove,407,302,1645039684224
42258108,touchmove,408,303,1645039684233
42258108,touchmove,408,301,1645039684266
42258108,touchmove,407,299,1645039684275
42258108,touchmove,407,296,1645039684283
42258108,touchmove,406,294,1645039684291
42258108,touchmove,405,291,1645039684300
42258108,touchmove,404,289,1645039684308
42258108,touchmove,403,287,1645039684316
42258108,touchend,0,0,1645039684320
42258109,touchdown,265,276,1645039684943
42258109,touchmove,270,278,1645039684961
42258109,touchmove,270,282,1645039684975
42258109,touchmove,271,285,1645039684983
42258109,touchmove,271,286,1645039684992
42258109,touchmove,271,285,1645039685025
42258109,touchmove,271,282,1645039685033
42258109,touchmove,270,279,1645039685042
42258109,touchmove,269,276,1645039685050
42258109,touchmove,267,274,1645039685058
42258109,touchend,0,0,1645039685062
42258110,touchdown,284,456,1645039685726
42258110,touchend,0,0,1645039685837
42258111,touchdown,397,422,1645039686452
42258111,touchmove,405,428,1645039686471
42258111,touchmove,407,433,1645039686484
42258111,touchmove,408,435,1645039686492
42258111,touchmove,408,436,1645039686501
42258111,touchmove,408,435,1645039686529
42258111,touchmove,408,434,1645039686543
42258111,touchmove,407,432,1645039686551
42258111,touchmove,406,430,1645039686559
42258111,touchmove,405,428,1645039686567
42258111,touchmove,404,425,1645039686576
42258111,touchmove,403,423,1645039686584
42258111,touchmove,403,419,1645039686593
42258111,touchmove,402,416,1645039686601
42258111,touchmove,400,412,1645039686609
42258111,touchend,0,0,1645039686613
42258112,touchdown,520,414,1645039687186
42258112,touchmove,525,418,1645039687201
42258112,touchmove,527,423,1645039687209
42258112,touchmove,528,427,1645039687218
42258112,touchmove,529,428,1645039687226
42258112,touchmove,529,429,1645039687234
42258112,touchmove,529,428,1645039687263
42258112,touchmove,529,426,1645039687276
42258112,touchmove,529,424,1645039687285
42258112,touchmove,528,422,1645039687293
42258112,touchmove,528,419,1645039687301
42258112,touchmove,527,416,1645039687310
42258112,touchmove,526,413,1645039687318
42258112,touchmove,526,409,1645039687326
42258112,touchmove,525,405,1645039687335
42258112,touchend,0,0,1645039687338
42258113,touchdown,652,426,1645039687943
42258113,touchmove,655,434,1645039687960
42258113,touchmove,655,439,1645039687968
42258113,touchmove,656,441,1645039687976
42258113,touchmove,657,442,1645039687985
42258113,touchmove,657,441,1645039688018
42258113,touchmove,657,440,1645039688027
42258113,touchmove,657,439,1645039688035
42258113,touchmove,657,437,1645039688043
42258113,touchmove,657,435,1645039688052
42258113,touchmove,657,432,1645039688060
42258113,touchmove,657,430,1645039688068
42258113,touchmove,657,427,1645039688077
42258113,touchmove,656,425,1645039688085
42258113,touchmove,656,422,1645039688093
42258113,touchend,0,0,1645039688097
42258114,touchdown,796,444,1645039688720
42258114,touchmove,800,450,1645039688735
42258114,touchmove,800,456,1645039688744
42258114,touchmove,800,459,1645039688752
42258114,touchmove,800,460,1645039688760
42258114,touchmove,800,458,1645039688786
42258114,touchmove,800,456,1645039688794
42258114,touchmove,800,454,1645039688802
42258114,touchmove,800,451,1645039688810
42258114,touchmove,800,449,1645039688819
42258114,touchmove,800,446,1645039688827
42258114,touchmove,800,443,1645039688835
42258114,touchmove,800,440,1645039688844
42258114,touchend,0,0,1645039688848
42258115,touchdown,904,432,1645039689486
42258115,touchmove,907,439,1645039689502
42258115,touchmove,908,444,1645039689511
42258115,touchmove,908,448,1645039689519
42258115,touchmove,909,449,1645039689527
42258115,touchmove,910,449,1645039689536
42258115,touchmove,910,448,1645039689553
42258115,touchmove,910,446,1645039689561
42258115,touchmove,910,444,1645039689569
42258115,touchmove,910,442,1645039689578
42258115,touchmove,910,439,1645039689586
42258115,touchmove,910,435,1645039689594
42258115,touchmove,909,432,1645039689603
42258115,touchmove,908,429,1645039689611
42258115,touchmove,907,427,1645039689619
42258115,touchend,0,0,1645039689623
42258116,touchdown,939,550,1645039690217
42258116,touchmove,936,554,1645039690239
42258116,touchmove,936,560,1645039690253
42258116,touchmove,936,564,1645039690261
42258116,touchmove,936,567,1645039690269
42258116,touchmove,936,568,1645039690278
42258116,touchmove,936,566,1645039690311
42258116,touchmove,936,564,1645039690320
42258116,touchmove,936,562,1645039690328
42258116,touchmove,936,559,1645039690336
42258116,touchmove,936,557,1645039690345
42258116,touchmove,936,554,1645039690353
42258116,touchmove,936,552,1645039690361
42258116,touchmove,936,549,1645039690370
42258116,touchmove,936,547,1645039690378
42258116,touchend,0,0,1645039690382
42258117,touchdown,782,579,1645039690954
42258117,touchmove,786,580,1645039690973
42258117,touchmove,786,585,1645039690987
42258117,touchmove,787,588,1645039690995
42258117,touchmove,788,589,1645039691004
42258117,touchmove,788,587,1645039691037
42258117,touchmove,788,585,1645039691045
42258117,touchmove,788,583,1645039691053
42258117,touchmove,788,582,1645039691062
42258117,touchmove,788,580,1645039691070
42258117,touchmove,787,579,1645039691079
42258117,touchend,0,0,1645039691083
42258118,touchdown,650,555,1645039691656
42258118,touchmove,653,560,1645039691670
42258118,touchmove,653,564,1645039691679
42258118,touchmove,654,569,1645039691695
42258118,touchmove,654,570,1645039691712
42258118,touchmove,654,568,1645039691732
42258118,touchmove,653,566,1645039691746
42258118,touchmove,653,563,1645039691754
42258118,touchmove,653,561,1645039691762
42258118,touchmove,653,558,1645039691770
42258118,touchmove,653,556,1645039691779
42258118,touchmove,653,552,1645039691787
42258118,touchmove,653,549,1645039691796
42258118,touchmove,653,545,1645039691804
42258118,touchend,0,0,1645039691807
42258119,touchdown,528,550,1645039692436
42258119,touchmove,529,554,1645039692466
42258119,touchmove,529,558,1645039692479
42258119,touchmove,529,561,1645039692488
42258119,touchmove,529,563,1645039692496
42258119,touchmove,529,564,1645039692504
42258119,touchmove,529,563,1645039692532
42258119,touchmove,529,561,1645039692546
42258119,touchmove,529,559,1645039692554
42258119,touchmove,529,557,1645039692563
42258119,touchmove,528,554,1645039692571
42258119,touchmove,528,550,1645039692579
42258119,touchmove,527,547,1645039692588
42258119,touchmove,526,542,1645039692596
42258119,touchend,0,0,1645039692600
42258120,touchdown,400,547,1645039693212
42258120,touchmove,401,552,1645039693241
42258120,touchmove,401,556,1645039693255
42258120,touchmove,401,559,1645039693263
42258120,touchmove,402,561,1645039693271
42258120,touchmove,402,562,1645039693280
42258120,touchmove,402,563,1645039693288
42258120,touchmove,402,562,1645039693308
42258120,touchmove,402,560,1645039693321
42258120,touchmove,402,558,1645039693330
42258120,touchmove,402,556,1645039693338
42258120,touchmove,401,553,1645039693347
42258120,touchmove,401,550,1645039693355
42258120,touchmove,400,547,1645039693363
42258120,touchmove,399,544,1645039693371
42258120,touchmove,399,542,1645039693380
42258120,touchend,0,0,1645039693383
42258121,touchdown,263,545,1645039693989
42258121,touchmove,260,548,1645039694017
42258121,touchmove,261,553,1645039694030
42258121,touchmove,261,557,1645039694039
42258121,touchmove,262,560,1645039694047
42258121,touchmove,263,562,1645039694055
42258121,touchmove,264,562,1645039694072
42258121,touchmove,264,561,1645039694088
42258121,touchmove,264,559,1645039694097
42258121,touchmove,263,557,1645039694105
42258121,touchmove,262,554,1645039694114
42258121,touchmove,261,550,1645039694122
42258121,touchmove,261,547,1645039694130
42258121,touchmove,259,543,1645039694139
42258121,touchmove,257,540,1645039694147
42258121,touchend,0,0,1645039694151
42258122,touchdown,276,423,1645039694765
42258122,touchmove,279,423,1645039694801
42258122,touchmove,279,426,1645039694814
42258122,touchmove,279,427,1645039694822
42258122,touchmove,279,429,1645039694831
42258122,touchmove,277,431,1645039694839
42258122,touchmove,275,432,1645039694847
42258122,touchmove,272,432,1645039694856
42258122,touchmove,271,432,1645039694864
42258122,touchmove,270,432,1645039694872
42258122,touchmove,268,430,1645039694881
42258122,touchmove,267,429,1645039694889
42258122,touchend,0,0,1645039694892
42258123,touchdown,396,414,1645039695474
42258123,touchmove,398,421,1645039695510
42258123,touchmove,398,425,1645039695523
42258123,touchmove,398,427,1645039695531
42258123,touchmove,398,428,1645039695539
42258123,touchmove,399,429,1645039695548
42258123,touchmove,399,427,1645039695567
42258123,touchmove,399,425,1645039695581
42258123,touchmove,399,422,1645039695589
42258123,touchmove,398,420,1645039695598
42258123,touchmove,398,417,1645039695606
42258123,touchmove,398,415,1645039695614
42258123,touchmove,398,413,1645039695623
42258123,touchend,0,0,1645039695626
42258124,touchdown,515,419,1645039696232
42258124,touchmove,519,426,1645039696260
42258124,touchmove,519,430,1645039696273
42258124,touchmove,519,434,1645039696282
42258124,touchmove,519,435,1645039696290
42258124,touchmove,519,433,1645039696340
42258124,touchmove,519,430,1645039696348
42258124,touchmove,519,428,1645039696357
42258124,touchmove,518,425,1645039696365
42258124,touchmove,517,422,1645039696373
42258124,touchmove,516,419,1645039696382
42258124,touchend,0,0,1645039696385
42258125,touchdown,669,421,1645039696999
42258125,touchmove,671,425,1645039697018
42258125,touchmove,671,430,1645039697032
42258125,touchmove,671,434,1645039697040
42258125,touchmove,672,437,1645039697048
42258125,touchmove,672,439,1645039697057
42258125,touchmove,672,438,1645039697082
42258125,touchmove,672,435,1645039697090
42258125,touchmove,672,432,1645039697098
42258125,touchmove,671,430,1645039697107
42258125,touchmove,670,427,1645039697115
42258125,touchmove,667,425,1645039697124
42258125,touchend,0,0,1645039697127
42258126,touchdown,795,435,1645039697725
42258126,touchmove,796,444,1645039697740
42258126,touchmove,796,447,1645039697749
42258126,touchmove,796,449,1645039697757
42258126,touchmove,796,450,1645039697765
42258126,touchmove,796,449,1645039697794
42258126,touchmove,796,447,1645039697807
42258126,touchmove,796,444,1645039697816
42258126,touchmove,796,441,1645039697824
42258126,touchmove,796,436,1645039697832
42258126,touchend,0,0,1645039697836
42258127,touchdown,915,454,1645039698475
42258127,touchmove,919,462,1645039698494
42258127,touchmove,919,465,1645039698507
42258127,touchmove,919,466,1645039698516
42258127,touchmove,919,464,1645039698549
42258127,touchmove,919,462,1645039698558
42258127,touchmove,919,459,1645039698566
42258127,touchmove,919,456,1645039698574
42258127,touchend,0,0,1645039698578
42258128,touchdown,915,292,1645039699284
42258128,touchmove,920,295,1645039699303
42258128,touchmove,920,299,1645039699316
42258128,touchmove,920,302,1645039699325
42258128,touchmove,920,303,1645039699333
42258128,touchmove,920,301,1645039699353
42258128,touchmove,920,298,1645039699367
42258128,touchmove,920,295,1645039699375
42258128,touchmove,919,292,1645039699383
42258128,touchmove,917,289,1645039699391
42258128,touchend,0,0,1645039699395
42258129,touchdown,783,300,1645039700085
42258129,touchmove,782,301,1645039700121
42258129,touchmove,782,303,1645039700134
42258129,touchmove,782,304,1645039700142
42258129,touchmove,783,304,1645039700150
42258129,touchmove,784,304,1645039700159
42258129,touchmove,787,304,1645039700167
42258129,touchmove,790,304,1645039700175
42258129,touchend,0,0,1645039700179
42258130,touchdown,658,291,1645039700835
42258130,touchmove,663,301,1645039700862
42258130,touchmove,663,303,1645039700876
42258130,touchmove,663,304,1645039700884
42258130,touchmove,663,303,1645039700904
42258130,touchmove,663,300,1645039700917
42258130,touchmove,662,297,1645039700926
42258130,touchmove,662,292,1645039700934
42258130,touchmove,662,288,1645039700942
42258130,touchend,0,0,1645039700946
42258131,touchdown,520,305,1645039701594
42258131,touchmove,526,314,1645039701621
42258131,touchmove,526,315,1645039701634
42258131,touchmove,526,313,1645039701668
42258131,touchmove,525,310,1645039701676
42258131,touchmove,525,307,1645039701684
42258131,touchmove,524,303,1645039701693
42258131,touchmove,523,301,1645039701701
42258131,touchend,0,0,1645039701704
42258132,touchdown,386,289,1645039702293
42258132,touchmove,390,296,1645039702310
42258132,touchmove,391,301,1645039702318
42258132,touchmove,392,305,1645039702327
42258132,touchmove,392,304,1645039702355
42258132,touchmove,392,301,1645039702368
42258132,touchmove,392,298,1645039702377
42258132,touchmove,390,293,1645039702385
42258132,touchmove,390,289,1645039702393
42258132,touchmove,388,285,1645039702402
42258132,touchend,0,0,1645039702405
42258133,touchdown,267,308,1645039703036
42258133,touchmove,270,314,1645039703072
42258133,touchmove,270,316,1645039703085
42258133,touchmove,270,317,1645039703094
42258133,touchmove,270,315,1645039703110
42258133,touchmove,269,312,1645039703119
42258133,touchmove,269,308,1645039703127
42258133,touchmove,267,304,1645039703135
42258133,touchend,0,0,1645039703139
42258134,touchdown,256,170,1645039703754
42258134,touchmove,263,176,1645039703798
42258134,touchmove,263,175,1645039703831
42258134,touchmove,262,173,1645039703844
42258134,touchmove,261,171,1645039703852
42258134,touchmove,260,169,1645039703861
42258134,touchend,0,0,1645039703865
42258135,touchdown,368,165,1645039704478
42258135,touchmove,377,171,1645039704506
42258135,touchmove,377,172,1645039704519
42258135,touchmove,376,170,1645039704539
42258135,touchmove,374,168,1645039704553
42258135,touchmove,369,168,1645039704561
42258135,touchend,0,0,1645039704565
42258136,touchdown,519,177,1645039705212
42258136,touchend,0,0,1645039705282
42258137,touchdown,647,166,1645039705905
42258137,touchmove,651,168,1645039705941
42258137,touchmove,651,170,1645039705954
42258137,touchmove,651,172,1645039705962
42258137,touchmove,651,170,1645039705990
42258137,touchmove,651,168,1645039706004
42258137,touchmove,650,165,1645039706012
42258137,touchend,0,0,1645039706015
42258138,touchdown,764,156,1645039706663
42258138,touchmove,774,154,1645039706699
42258138,touchmove,776,154,1645039706712
42258138,touchmove,778,154,1645039706721
42258138,touchmove,780,154,1645039706729
42258138,touchmove,782,154,1645039706737
42258138,touchmove,783,151,1645039706746
42258138,touchmove,784,148,1645039706754
42258138,touchmove,784,145,1645039706762
42258138,touchend,0,0,1645039706766
42258139,touchdown,927,152,1645039707397
42258139,touchmove,933,158,1645039707433
42258139,touchmove,933,160,1645039707446
42258139,touchmove,933,161,1645039707454
42258139,touchmove,932,159,1645039707475
42258139,touchmove,931,156,1645039707488
42258139,touchmove,930,152,1645039707496
42258139,touchmove,926,148,1645039707505
42258139,touchend,0,0,1645039707508
42258140,touchdown,936,39,1645039708131
42258140,touchmove,941,43,1645039708146
42258140,touchmove,941,48,1645039708155
42258140,touchmove,941,52,1645039708163
42258140,touchmove,941,53,1645039708171
42258140,touchmove,941,50,1645039708205
42258140,touchmove,941,47,1645039708213
42258140,touchmove,941,44,1645039708222
42258140,touchmove,941,39,1645039708230
42258140,touchmove,938,35,1645039708238
42258140,touchmove,931,33,1645039708247
42258140,touchend,0,0,1645039708251
42258141,touchdown,788,22,1645039708914
42258141,touchmove,795,32,1645039708942
42258141,touchmove,795,34,1645039708955
42258141,touchmove,795,35,1645039708964
42258141,touchmove,795,33,1645039708997
42258141,touchmove,794,29,1645039709005
42258141,touchmove,793,24,1645039709014
42258141,touchmove,791,19,1645039709022
42258141,touchend,0,0,1645039709026
42258142,touchdown,660,28,1645039709740
42258142,touchmove,666,36,1645039709777
42258142,touchmove,666,38,1645039709798
42258142,touchmove,666,35,1645039709818
42258142,touchmove,665,31,1645039709831
42258142,touchmove,663,26,1645039709839
42258142,touchmove,660,22,1645039709848
42258142,touchend,0,0,1645039709852
42258143,touchdown,541,30,1645039710448
42258143,touchmove,549,38,1645039710468
42258143,touchmove,549,42,1645039710481
42258143,touchmove,549,45,1645039710489
42258143,touchmove,549,44,1645039710527
42258143,touchmove,548,42,1645039710540
42258143,touchmove,548,39,1645039710548
42258143,touchmove,547,35,1645039710556
42258143,touchmove,544,30,1645039710565
42258143,touchmove,539,25,1645039710573
42258143,touchend,0,0,1645039710577
42258144,touchdown,389,20,1645039711198
42258144,touchmove,393,24,1645039711218
42258144,touchmove,393,27,1645039711231
42258144,touchmove,393,30,1645039711240
42258144,touchmove,394,32,1645039711248
42258144,touchmove,394,30,1645039711277
42258144,touchmove,394,27,1645039711290
42258144,touchmove,394,23,1645039711298
42258144,touchmove,393,18,1645039711307
42258144,touchmove,392,13,1645039711315
42258144,touchend,0,0,1645039711319
42258145,touchdown,262,13,1645039711941
42258145,touchmove,267,15,1645039711957
42258145,touchmove,271,21,1645039711965
42258145,touchmove,272,24,1645039711974
42258145,touchmove,272,26,1645039711982
42258145,touchmove,272,27,1645039711990
42258145,touchmove,272,25,1645039712010
42258145,touchmove,271,22,1645039712024
42258145,touchmove,267,17,1645039712032
42258145,touchmove,261,12,1645039712040
42258145,touchmove,252,8,1645039712049
42258145,touchend,0,0,1645039712052
42258146,touchdown,239,156,1645039712692
42258146,touchmove,243,162,1645039712719
42258146,touchmove,243,165,1645039712732
42258146,touchmove,244,166,1645039712741
42258146,touchmove,244,165,1645039712766
42258146,touchmove,244,162,1645039712774
42258146,touchmove,244,159,1645039712783
42258146,touchmove,243,155,1645039712791
42258146,touchend,0,0,1645039712794
42258147,touchdown,386,156,1645039713442
42258147,touchend,0,0,1645039713520
42258148,touchdown,506,168,1645039714151
42258148,touchmove,511,177,1645039714178
42258148,touchmove,511,179,1645039714191
42258148,touchmove,511,180,1645039714200
42258148,touchmove,511,178,1645039714220
42258148,touchmove,511,176,1645039714233
42258148,touchmove,511,174,1645039714242
42258148,touchmove,509,172,1645039714250
42258148,touchmove,505,171,1645039714258
42258148,touchend,0,0,1645039714263
42258149,touchdown,658,156,1645039714893
42258149,touchmove,661,160,1645039714920
42258149,touchmove,661,162,1645039714934
42258149,touchmove,661,163,1645039714942
42258149,touchmove,660,163,1645039714959
42258149,touchmove,660,161,1645039714975
42258149,touchmove,658,159,1645039714984
42258149,touchmove,657,157,1645039714992
42258149,touchend,0,0,1645039714996
42258150,touchdown,780,151,1645039715635
42258150,touchmove,788,151,1645039715671
42258150,touchmove,790,151,1645039715684
42258150,touchmove,793,151,1645039715693
42258150,touchmove,796,149,1645039715701
42258150,touchmove,798,147,1645039715709
42258150,touchmove,799,146,1645039715717
42258150,touchend,0,0,1645039715721
42258151,touchdown,922,168,1645039716344
42258151,touchmove,927,172,1645039716380
42258151,touchmove,926,171,1645039716404
42258151,touchmove,924,170,1645039716418
42258151,touchmove,920,168,1645039716426
42258151,touchmove,916,168,1645039716435
42258151,touchend,0,0,1645039716438
42258152,touchdown,939,301,1645039717111
42258152,touchmove,940,311,1645039717138
42258152,touchmove,940,312,1645039717152
42258152,touchmove,940,310,1645039717171
42258152,touchmove,940,307,1645039717185
42258152,touchmove,939,303,1645039717193
42258152,touchmove,939,299,1645039717202
42258152,touchend,0,0,1645039717205
42258153,touchdown,800,295,1645039717812
42258153,touchmove,801,306,1645039717827
42258153,touchmove,801,311,1645039717835
42258153,touchmove,801,312,1645039717844
42258153,touchmove,801,313,1645039717852
42258153,touchmove,801,311,1645039717902
42258153,touchmove,801,308,1645039717911
42258153,touchmove,801,305,1645039717919
42258153,touchmove,801,303,1645039717927
42258153,touchmove,801,300,1645039717936
42258153,touchmove,800,298,1645039717944
42258153,touchmove,799,295,1645039717952
42258153,touchend,0,0,1645039717956
42258154,touchdown,671,312,1645039718495
42258154,touchmove,674,317,1645039718522
42258154,touchmove,674,321,1645039718536
42258154,touchmove,675,324,1645039718544
42258154,touchmove,675,326,1645039718553
42258154,touchmove,675,327,1645039718561
42258154,touchmove,675,325,1645039718581
42258154,touchmove,675,322,1645039718594
42258154,touchmove,675,320,1645039718602
42258154,touchmove,675,318,1645039718611
42258154,touchmove,674,316,1645039718619
42258154,touchmove,674,314,1645039718628
42258154,touchmove,673,313,1645039718636
42258154,touchend,0,0,1645039718639
42258155,touchdown,514,300,1645039719204
42258155,touchmove,515,304,1645039719231
42258155,touchmove,515,308,1645039719245
42258155,touchmove,516,311,1645039719253
42258155,touchmove,516,312,1645039719261
42258155,touchmove,517,313,1645039719270
42258155,touchmove,517,312,1645039719295
42258155,touchmove,517,310,1645039719303
42258155,touchmove,517,308,1645039719311
42258155,touchmove,517,306,1645039719320
42258155,touchmove,517,304,1645039719328
42258155,touchmove,517,303,1645039719336
42258155,touchmove,516,303,1645039719345
42258155,touchmove,515,303,1645039719353
42258155,touchend,0,0,1645039719357
42258156,touchdown,399,271,1645039719963
42258156,touchmove,404,275,1645039720007
42258156,touchmove,404,278,1645039720020
42258156,touchmove,404,280,1645039720028
42258156,touchmove,404,281,1645039720037
42258156,touchmove,404,282,1645039720045
42258156,touchmove,404,281,1645039720065
42258156,touchmove,404,280,1645039720078
42258156,touchmove,404,278,1645039720087
42258156,touchmove,403,275,1645039720095
42258156,touchmove,403,273,1645039720103
42258156,touchmove,403,271,1645039720112
42258156,touchmove,403,269,1645039720120
42258156,touchend,0,0,1645039720124
42258157,touchdown,267,308,1645039720713
42258157,touchmove,269,314,1645039720740
42258157,touchmove,269,318,1645039720754
42258157,touchmove,269,322,1645039720762
42258157,touchmove,270,324,1645039720770
42258157,touchmove,270,325,1645039720779
42258157,touchmove,270,324,1645039720807
42258157,touchmove,270,322,1645039720820
42258157,touchmove,270,319,1645039720829
42258157,touchmove,270,317,1645039720837
42258157,touchmove,270,315,1645039720846
42258157,touchmove,269,313,1645039720854
42258157,touchmove,267,312,1645039720862
42258157,touchmove,266,312,1645039720870
42258157,touchend,0,0,1645039720874
42258158,touchdown,233,430,1645039721513
42258158,touchmove,240,432,1645039721532
42258158,touchmove,240,436,1645039721546
42258158,touchmove,241,439,1645039721554
42258158,touchmove,242,441,1645039721562
42258158,touchmove,242,442,1645039721571
42258158,touchmove,242,441,1645039721608
42258158,touchmove,241,440,1645039721621
42258158,touchmove,240,437,1645039721629
42258158,touchmove,240,435,1645039721638
42258158,touchmove,239,433,1645039721646
42258158,touchmove,239,430,1645039721654
42258158,touchmove,238,427,1645039721663
42258158,touchmove,238,425,1645039721671
42258158,touchend,0,0,1645039721675
42258159,touchdown,392,415,1645039722272
42258159,touchmove,401,415,1645039722308
42258159,touchmove,401,419,1645039722321
42258159,touchmove,401,421,1645039722330
42258159,touchmove,402,423,1645039722338
42258159,touchmove,401,422,1645039722388
42258159,touchmove,401,420,1645039722396
42258159,touchmove,400,418,1645039722405
42258159,touchmove,400,415,1645039722413
42258159,touchmove,399,412,1645039722422
42258159,touchmove,398,408,1645039722430
42258159,touchmove,398,404,1645039722438
42258159,touchmove,398,400,1645039722446
42258159,touchmove,398,396,1645039722455
42258159,touchend,0,0,1645039722458
42258160,touchdown,529,421,1645039723031
42258160,touchmove,535,430,1645039723050
42258160,touchmove,536,435,1645039723063
42258160,touchmove,536,438,1645039723072
42258160,touchmove,537,439,1645039723080
42258160,touchmove,537,440,1645039723088
42258160,touchmove,537,439,1645039723117
42258160,touchmove,536,437,1645039723130
42258160,touchmove,536,435,1645039723138
42258160,touchmove,535,434,1645039723147
42258160,touchmove,535,432,1645039723155
42258160,touchmove,534,430,1645039723164
42258160,touchmove,534,427,1645039723172
42258160,touchmove,533,426,1645039723180
42258160,touchmove,533,425,1645039723189
42258160,touchmove,532,424,1645039723197
42258160,touchend,0,0,1645039723200
42258161,touchdown,658,420,1645039723773
42258161,touchmove,661,426,1645039723801
42258161,touchmove,661,432,1645039723822
42258161,touchmove,661,437,1645039723839
42258161,touchmove,661,438,1645039723847
42258161,touchmove,661,437,1645039723889
42258161,touchmove,661,435,1645039723897
42258161,touchmove,661,432,1645039723906
42258161,touchmove,661,431,1645039723914
42258161,touchmove,661,429,1645039723922
42258161,touchmove,662,427,1645039723931
42258161,touchmove,662,426,1645039723939
42258161,touchend,0,0,1645039723943
42258162,touchdown,786,409,1645039724548
42258162,touchmove,793,413,1645039724584
42258162,touchmove,793,416,1645039724598
42258162,touchmove,793,419,1645039724606
42258162,touchmove,793,421,1645039724614
42258162,touchmove,793,423,1645039724623
42258162,touchmove,793,421,1645039724673
42258162,touchmove,793,420,1645039724681
42258162,touchmove,793,418,1645039724689
42258162,touchmove,793,416,1645039724698
42258162,touchmove,793,414,1645039724706
42258162,touchmove,793,412,1645039724714
42258162,touchmove,793,411,1645039724723
42258162,touchmove,793,409,1645039724731
42258162,touchend,0,0,1645039724735
42258163,touchdown,926,428,1645039725340
42258163,touchmove,929,436,1645039725376
42258163,touchmove,929,440,1645039725390
42258163,touchmove,929,443,1645039725398
42258163,touchmove,929,445,1645039725406
42258163,touchmove,929,446,1645039725415
42258163,touchmove,929,447,1645039725423
42258163,touchmove,929,446,1645039725473
42258163,touchmove,929,444,1645039725482
42258163,touchmove,929,442,1645039725490
42258163,touchmove,929,440,1645039725498
42258163,touchmove,929,437,1645039725507
42258163,touchmove,929,434,1645039725515
42258163,touchmove,928,431,1645039725523
42258163,touchmove,926,429,1645039725531
42258163,touchend,0,0,1645039725535
42258164,touchdown,933,559,1645039726149
42258164,touchmove,933,563,1645039726177
42258164,touchmove,933,568,1645039726190
42258164,touchmove,933,572,1645039726199
42258164,touchmove,933,575,1645039726207
42258164,touchmove,933,577,1645039726215
42258164,touchmove,933,576,1645039726252
42258164,touchmove,933,574,1645039726265
42258164,touchmove,933,572,1645039726274
42258164,touchmove,933,570,1645039726282
42258164,touchmove,933,568,1645039726290
42258164,touchmove,933,565,1645039726299
42258164,touchmove,933,563,1645039726307
42258164,touchmove,933,561,1645039726315
42258164,touchend,0,0,1645039726319
42258165,touchdown,791,542,1645039726900
42258165,touchmove,793,547,1645039726944
42258165,touchmove,793,549,1645039726957
42258165,touchmove,793,552,1645039726966
42258165,touchmove,793,554,1645039726974
42258165,touchmove,793,555,1645039726982
42258165,touchmove,793,556,1645039726991
42258165,touchmove,792,557,1645039726999
42258165,touchmove,792,556,1645039727024
42258165,touchmove,792,554,1645039727032
42258165,touchmove,792,552,1645039727041
42258165,touchmove,792,548,1645039727049
42258165,touchmove,791,543,1645039727057
42258165,touchend,0,0,1645039727061
42258166,touchdown,655,552,1645039727693
42258166,touchmove,658,560,1645039727736
42258166,touchmove,658,562,1645039727749
42258166,touchmove,658,564,1645039727758
42258166,touchmove,658,566,1645039727766
42258166,touchmove,658,565,1645039727803
42258166,touchmove,658,563,1645039727816
42258166,touchmove,658,561,1645039727825
42258166,touchmove,657,559,1645039727833
42258166,touchmove,657,556,1645039727841
42258166,touchmove,656,552,1645039727850
42258166,touchmove,656,547,1645039727858
42258166,touchend,0,0,1645039727862
42258167,touchdown,530,550,1645039728551
42258167,touchmove,538,552,1645039728587
42258167,touchmove,538,554,1645039728600
42258167,touchmove,538,555,1645039728608
42258167,touchmove,537,555,1645039728633
42258167,touchmove,536,553,1645039728642
42258167,touchmove,536,550,1645039728650
42258167,touchmove,535,547,1645039728658
42258167,touchmove,534,543,1645039728667
42258167,touchend,0,0,1645039728670
42258168,touchdown,416,543,1645039729301
42258168,touchmove,419,542,1645039729337
42258168,touchmove,419,543,1645039729350
42258168,touchmove,418,543,1645039729375
42258168,touchmove,417,543,1645039729384
42258168,touchmove,415,543,1645039729392
42258168,touchmove,412,543,1645039729400
42258168,touchend,0,0,1645039729404
42258169,touchdown,269,578,1645039730018
42258169,touchmove,274,583,1645039730054
42258169,touchmove,274,585,1645039730067
42258169,touchmove,275,586,1645039730076
42258169,touchmove,275,587,1645039730084
42258169,touchmove,275,586,1645039730104
42258169,touchmove,274,584,1645039730117
42258169,touchmove,273,581,1645039730126
42258169,touchmove,272,579,1645039730134
42258169,touchmove,271,577,1645039730142
42258169,touchmove,270,576,1645039730151
42258169,touchend,0,0,1645039730155
42258170,touchdown,266,446,1645039730769
42258170,touchmove,274,450,1645039730796
42258170,touchmove,274,451,1645039730809
42258170,touchmove,274,453,1645039730818
42258170,touchmove,273,450,1645039730838
42258170,touchmove,272,447,1645039730851
42258170,touchmove,271,444,1645039730860
42258170,touchmove,270,441,1645039730868
42258170,touchmove,267,440,1645039730876
42258170,touchend,0,0,1645039730880
42258171,touchdown,381,409,1645039731519
42258171,touchmove,383,416,1645039731555
42258171,touchmove,383,418,1645039731568
42258171,touchmove,383,417,1645039731597
42258171,touchmove,383,415,1645039731610
42258171,touchmove,383,413,1645039731618
42258171,touchmove,383,411,1645039731627
42258171,touchend,0,0,1645039731630
42258172,touchdown,517,383,1645039732260
42258172,touchmove,524,392,1645039732289
42258172,touchmove,524,395,1645039732302
42258172,touchmove,524,396,1645039732310
42258172,touchmove,524,395,1645039732330
42258172,touchmove,524,392,1645039732344
42258172,touchmove,524,389,1645039732352
42258172,touchmove,524,385,1645039732360
42258172,touchmove,524,381,1645039732369
42258172,touchend,0,0,1645039732372
42258173,touchdown,652,414,1645039732978
42258173,touchmove,655,423,1645039733015
42258173,touchmove,655,426,1645039733027
42258173,touchmove,655,427,1645039733036
42258173,touchmove,655,426,1645039733061
42258173,touchmove,655,423,1645039733069
42258173,touchmove,655,420,1645039733078
42258173,touchmove,655,416,1645039733086
42258173,touchmove,654,412,1645039733094
42258173,touchmove,652,410,1645039733102
42258173,touchend,0,0,1645039733106
42258174,touchdown,774,420,1645039733729
42258174,touchmove,779,422,1645039733765
42258174,touchmove,779,424,1645039733778
42258174,touchmove,779,426,1645039733786
42258174,touchmove,779,427,1645039733795
42258174,touchmove,777,425,1645039733836
42258174,touchmove,774,425,1645039733845
42258174,touchend,0,0,1645039733849
42258175,touchdown,908,442,1645039734439
42258175,touchmove,913,450,1645039734465
42258175,touchmove,913,454,1645039734478
42258175,touchmove,913,455,1645039734487
42258175,touchmove,913,456,1645039734495
42258175,touchmove,913,453,1645039734528
42258175,touchmove,913,451,1645039734537
42258175,touchmove,913,448,1645039734545
42258175,touchmove,913,444,1645039734553
42258175,touchmove,913,441,1645039734562
42258175,touchend,0,0,1645039734565
42258176,touchdown,923,292,1645039735163
42258176,touchend,0,0,1645039735265
42258177,touchdown,811,291,1645039735905
42258177,touchmove,815,297,1645039735942
42258177,touchmove,815,300,1645039735962
42258177,touchmove,814,300,1645039735971
42258177,touchmove,813,300,1645039735979
42258177,touchmove,812,299,1645039735996
42258177,touchmove,811,296,1645039736004
42258177,touchmove,808,294,1645039736012
42258177,touchmove,806,291,1645039736021
42258177,touchmove,802,289,1645039736029
42258177,touchend,0,0,1645039736033
42258178,touchdown,638,298,1645039736613
42258178,touchmove,642,306,1645039736629
42258178,touchmove,643,310,1645039736638
42258178,touchmove,644,313,1645039736646
42258178,touchmove,644,314,1645039736654
42258178,touchmove,645,314,1645039736663
42258178,touchmove,645,313,1645039736688
42258178,touchmove,645,312,1645039736696
42258178,touchmove,645,310,1645039736705
42258178,touchmove,645,307,1645039736713
42258178,touchmove,644,304,1645039736721
42258178,touchmove,643,299,1645039736730
42258178,touchmove,638,296,1645039736738
42258178,touchmove,631,293,1645039736746
42258178,touchend,0,0,1645039736750
42258179,touchdown,530,293,1645039737372
42258179,touchmove,538,303,1645039737400
42258179,touchmove,538,306,1645039737413
42258179,touchmove,538,307,1645039737422
42258179,touchmove,538,308,1645039737430
42258179,touchmove,538,307,1645039737450
42258179,touchmove,536,305,1645039737463
42258179,touchmove,536,303,1645039737472
42258179,touchmove,535,300,1645039737480
42258179,touchmove,534,296,1645039737488
42258179,touchmove,531,292,1645039737497
42258179,touchmove,527,287,1645039737505
42258179,touchend,0,0,1645039737510
42258180,touchdown,416,296,1645039738148
42258180,touchmove,419,303,1645039738184
42258180,touchmove,419,306,1645039738197
42258180,touchmove,419,307,1645039738205
42258180,touchmove,419,306,1645039738226
42258180,touchmove,419,304,1645039738239
42258180,touchmove,418,300,1645039738247
42258180,touchmove,418,297,1645039738255
42258180,touchmove,417,293,1645039738264
42258180,touchmove,416,290,1645039738272
42258180,touchend,0,0,1645039738276
42258181,touchdown,259,285,1645039738923
42258181,touchmove,264,293,1645039738951
42258181,touchmove,264,296,1645039738964
42258181,touchmove,264,298,1645039738972
42258181,touchmove,264,299,1645039738981
42258181,touchmove,264,298,1645039739001
42258181,touchmove,264,297,1645039739014
42258181,touchmove,264,294,1645039739022
42258181,touchmove,264,291,1645039739031
42258181,touchmove,264,288,1645039739039
42258181,touchmove,264,286,1645039739048
42258181,touchmove,264,284,1645039739056
42258181,touchend,0,0,1645039739059
42258182,touchdown,261,145,1645039739682
42258182,touchmove,264,149,1645039739718
42258182,touchmove,264,151,1645039739731
42258182,touchmove,264,153,1645039739740
42258182,touchmove,264,154,1645039739748
42258182,touchmove,264,153,1645039739776
42258182,touchmove,264,151,1645039739790
42258182,touchmove,264,149,1645039739798
42258182,touchmove,264,148,1645039739806
42258182,touchend,0,0,1645039739810
42258183,touchdown,406,149,1645039740449
42258183,touchmove,410,154,1645039740477
42258183,touchmove,410,157,1645039740490
42258183,touchmove,410,158,1645039740498
42258183,touchmove,410,159,1645039740507
42258183,touchmove,410,158,1645039740527
42258183,touchmove,410,156,1645039740540
42258183,touchmove,409,154,1645039740548
42258183,touchmove,407,153,1645039740557
42258183,touchmove,403,152,1645039740565
42258183,touchend,0,0,1645039740568
42258184,touchdown,538,165,1645039741224
42258184,touchmove,545,168,1645039741252
42258184,touchmove,545,170,1645039741266
42258184,touchmove,544,168,1645039741294
42258184,touchmove,543,167,1645039741307
42258184,touchend,0,0,1645039741311
42258185,touchdown,658,162,1645039741991
42258185,touchend,0,0,1645039742078
42258186,touchdown,790,170,1645039742684
42258186,touchmove,792,176,1645039742728
42258186,touchmove,791,176,1645039742775
42258186,touchmove,789,176,1645039742783
42258186,touchend,0,0,1645039742787
42258187,touchdown,919,168,1645039743409
42258187,touchmove,921,172,1645039743445
42258187,touchmove,921,175,1645039743458
42258187,touchmove,921,177,1645039743467
42258187,touchmove,921,178,1645039743475
42258187,touchmove,921,179,1645039743483
42258187,touchmove,921,178,1645039743503
42258187,touchmove,921,176,1645039743517
42258187,touchmove,920,174,1645039743525
42258187,touchmove,920,171,1645039743533
42258187,touchend,0,0,1645039743537
42258188,touchdown,934,45,1645039744150
42258188,touchmove,938,46,1645039744195
42258188,touchmove,938,48,1645039744209
42258188,touchmove,938,46,1645039744237
42258188,touchmove,936,43,1645039744251
42258188,touchend,0,0,1645039744254
42258189,touchdown,796,31,1645039744826
42258189,touchmove,798,40,1645039744854
42258189,touchmove,798,42,1645039744867
42258189,touchmove,798,43,1645039744876
42258189,touchmove,798,41,1645039744909
42258189,touchmove,798,39,1645039744918
42258189,touchmove,798,37,1645039744926
42258189,touchmove,798,35,1645039744934
42258189,touchmove,797,34,1645039744943
42258189,touchmove,795,34,1645039744951
42258189,touchend,0,0,1645039744955
42258190,touchdown,639,36,1645039745519
42258190,touchmove,642,43,1645039745555
42258190,touchmove,642,40,1645039745593
42258190,touchmove,642,38,1645039745601
42258190,touchmove,642,35,1645039745609
42258190,touchmove,642,34,1645039745618
42258190,touchend,0,0,1645039745621
42258191,touchdown,524,17,1645039746227
42258191,touchmove,528,25,1645039746243
42258191,touchmove,528,29,1645039746252
42258191,touchmove,528,31,1645039746260
42258191,touchmove,528,30,1645039746288
42258191,touchmove,528,28,1645039746302
42258191,touchmove,528,26,1645039746310
42258191,touchmove,528,23,1645039746318
42258191,touchmove,528,20,1645039746327
42258191,touchmove,527,17,1645039746335
42258191,touchmove,526,15,1645039746343
42258191,touchmove,524,12,1645039746352
42258191,touchend,0,0,1645039746355
42258192,touchdown,396,19,1645039747028
42258192,touchmove,402,29,1645039747055
42258192,touchmove,402,30,1645039747069
42258192,touchmove,402,31,1645039747077
42258192,touchmove,402,29,1645039747097
42258192,touchmove,402,26,1645039747110
42258192,touchmove,400,23,1645039747119
42258192,touchmove,399,20,1645039747127
42258192,touchmove,398,17,1645039747135
42258192,touchmove,395,15,1645039747144
42258192,touchend,0,0,1645039747148
42258193,touchdown,267,22,1645039747770
42258193,touchend,0,0,1645039747864
42258194,touchdown,248,180,1645039748504
42258194,touchend,0,0,1645039748607
42258195,touchdown,385,167,1645039749254
42258195,touchmove,389,175,1645039749291
42258195,touchmove,389,177,1645039749303
42258195,touchmove,389,179,1645039749312
42258195,touchmove,389,176,1645039749345
42258195,touchmove,389,173,1645039749353
42258195,touchmove,388,169,1645039749362
42258195,touchmove,387,165,1645039749370
42258195,touchmove,385,163,1645039749379
42258195,touchend,0,0,1645039749382
42258196,touchdown,531,168,1645039749963
42258196,touchmove,534,178,1645039750004
42258196,touchmove,534,181,1645039750012
42258196,touchmove,534,179,1645039750045
42258196,touchmove,534,176,1645039750054
42258196,touchmove,533,172,1645039750062
42258196,touchmove,532,169,1645039750071
42258196,touchmove,530,167,1645039750079
42258196,touchmove,528,165,1645039750087
42258196,touchend,0,0,1645039750091
42258197,touchdown,674,155,1645039750713
42258197,touchmove,678,162,1645039750741
42258197,touchmove,678,163,1645039750754
42258197,touchmove,678,165,1645039750763
42258197,touchmove,678,163,1645039750796
42258197,touchmove,679,162,1645039750804
42258197,touchend,0,0,1645039750816
42258197,touchmove,679,159,1645039750813
42258198,touchdown,789,159,1645039751421
42258198,touchmove,793,167,1645039751450
42258198,touchmove,793,169,1645039751463
42258198,touchmove,793,170,1645039751471
42258198,touchmove,793,168,1645039751491
42258198,touchmove,793,166,1645039751505
42258198,touchmove,793,165,1645039751513
42258198,touchmove,793,163,1645039751521
42258198,touchmove,793,162,1645039751530
42258198,touchend,0,0,1645039751533
42258199,touchdown,913,158,1645039752148
42258199,touchmove,918,164,1645039752184
42258199,touchmove,918,166,1645039752197
42258199,touchmove,918,167,1645039752205
42258199,touchmove,918,166,1645039752233
42258199,touchmove,918,165,1645039752247
42258199,touchmove,918,163,1645039752255
42258199,touchmove,918,161,1645039752263
42258199,touchmove,917,159,1645039752272
42258199,touchend,0,0,1645039752276
42258200,touchdown,925,283,1645039752906
42258200,touchmove,933,290,1645039752942
42258200,touchmove,933,291,1645039752955
42258200,touchmove,933,292,1645039752964
42258200,touchmove,932,292,1645039752972
42258200,touchmove,931,291,1645039752989
42258200,touchmove,931,289,1645039752997
42258200,touchmove,931,286,1645039753005
42258200,touchmove,931,284,1645039753014
42258200,touchmove,931,281,1645039753022
42258200,touchmove,930,279,1645039753030
42258200,touchend,0,0,1645039753034
42258201,touchdown,793,306,1645039753683
42258201,touchmove,801,310,1645039753718
42258201,touchmove,801,311,1645039753731
42258201,touchmove,801,308,1645039753751
42258201,touchmove,801,304,1645039753764
42258201,touchmove,801,301,1645039753773
42258201,touchmove,801,299,1645039753781
42258201,touchmove,798,299,1645039753789
42258201,touchend,0,0,1645039753793
42258202,touchdown,668,300,1645039754424
42258202,touchmove,673,307,1645039754451
42258202,touchmove,673,309,1645039754465
42258202,touchmove,673,310,1645039754473
42258202,touchmove,672,310,1645039754490
42258202,touchmove,671,309,1645039754506
42258202,touchmove,671,307,1645039754515
42258202,touchmove,670,304,1645039754523
42258202,touchmove,669,303,1645039754531
42258202,touchmove,669,301,1645039754540
42258202,touchend,0,0,1645039754543
42258203,touchdown,529,294,1645039755174
42258203,touchmove,535,303,1645039755202
42258203,touchmove,535,304,1645039755215
42258203,touchmove,535,305,1645039755223
42258203,touchmove,535,304,1645039755240
42258203,touchmove,535,302,1645039755248
42258203,touchmove,534,299,1645039755257
42258203,touchmove,533,296,1645039755265
42258203,touchmove,532,294,1645039755273
42258203,touchmove,529,294,1645039755282
42258203,touchmove,527,294,1645039755290
42258203,touchend,0,0,1645039755294
42258204,touchdown,401,289,1645039755933
42258204,touchmove,408,298,1645039755978
42258204,touchmove,408,301,1645039755991
42258204,touchmove,408,303,1645039755999
42258204,touchmove,407,301,1645039756019
42258204,touchmove,407,298,1645039756032
42258204,touchmove,405,294,1645039756041
42258204,touchmove,403,290,1645039756049
42258204,touchend,0,0,1645039756052
42258205,touchdown,247,299,1645039756692
42258205,touchmove,256,303,1645039756728
42258205,touchmove,256,305,1645039756741
42258205,touchmove,257,306,1645039756749
42258205,touchmove,257,305,1645039756769
42258205,touchmove,256,303,1645039756783
42258205,touchmove,256,301,1645039756791
42258205,touchmove,255,299,1645039756799
42258205,touchmove,255,298,1645039756808
42258205,touchmove,255,296,1645039756816
42258205,touchmove,255,294,1645039756824
42258205,touchmove,255,292,1645039756833
42258205,touchmove,255,290,1645039756841
42258205,touchend,0,0,1645039756853
42258206,touchdown,255,401,1645039757492
42258206,touchmove,263,402,1645039757528
42258206,touchmove,263,404,1645039757541
42258206,touchmove,263,405,1645039757550
42258206,touchmove,263,404,1645039757583
42258206,touchmove,263,403,1645039757591
42258206,touchmove,262,402,1645039757600
42258206,touchmove,262,401,1645039757617
42258206,touchend,0,0,1645039757628
42258207,touchdown,388,410,1645039758268
42258207,touchmove,395,417,1645039758287
42258207,touchmove,395,421,1645039758300
42258207,touchmove,396,424,1645039758308
42258207,touchmove,396,426,1645039758317
42258207,touchmove,396,424,1645039758345
42258207,touchmove,396,422,1645039758359
42258207,touchmove,395,420,1645039758367
42258207,touchmove,394,417,1645039758375
42258207,touchmove,393,415,1645039758383
42258207,touchmove,392,411,1645039758392
42258207,touchmove,392,409,1645039758400
42258207,touchmove,392,406,1645039758409
42258207,touchend,0,0,1645039758412
42258208,touchdown,527,408,1645039759077
42258208,touchmove,528,413,1645039759113
42258208,touchmove,528,415,1645039759126
42258208,touchmove,528,416,1645039759134
42258208,touchmove,528,417,1645039759142
42258208,touchmove,529,417,1645039759167
42258208,touchmove,529,416,1645039759176
42258208,touchmove,530,413,1645039759184
42258208,touchmove,532,411,1645039759192
42258208,touchend,0,0,1645039759196
42258209,touchdown,667,402,1645039759852
42258209,touchmove,668,404,1645039759896
42258209,touchmove,668,406,1645039759909
42258209,touchmove,668,408,1645039759918
42258209,touchmove,668,409,1645039759926
42258209,touchend,0,0,1645039759971
42258210,touchdown,786,426,1645039760627
42258210,touchmove,787,428,1645039760672
42258210,touchmove,787,429,1645039760685
42258210,touchmove,787,430,1645039760693
42258210,touchmove,788,430,1645039760710
42258210,touchmove,789,430,1645039760718
42258210,touchmove,792,429,1645039760727
42258210,touchend,0,0,1645039760730
42258211,touchdown,932,423,1645039761386
42258211,touchmove,940,427,1645039761422
42258211,touchmove,940,428,1645039761435
42258211,touchmove,939,426,1645039761469
42258211,touchmove,939,424,1645039761477
42258211,touchmove,938,423,1645039761485
42258211,touchmove,936,421,1645039761494
42258211,touchmove,933,421,1645039761502
42258211,touchend,0,0,1645039761506
42258212,touchdown,929,554,1645039762195
42258212,touchend,0,0,1645039762281
42258213,touchdown,797,577,1645039762887
42258213,touchend,0,0,1645039762981
42258214,touchdown,665,568,1645039763570
42258214,touchmove,666,571,1645039763598
42258214,touchmove,666,573,1645039763611
42258214,touchmove,666,575,1645039763620
42258214,touchmove,665,575,1645039763648
42258214,touchmove,665,574,1645039763662
42258214,touchend,0,0,1645039763673
42258215,touchdown,509,567,1645039764330
42258215,touchend,0,0,1645039764407
42258216,touchdown,396,581,1645039765047
42258216,touchend,0,0,1645039765116
42258217,touchdown,248,555,1645039765797
42258217,touchend,0,0,1645039765875
42258218,touchdown,267,434,1645039766539
42258218,touchend,0,0,1645039766633
42258219,touchdown,392,417,1645039767290
42258219,touchend,0,0,1645039767359
42258220,touchdown,521,405,1645039768032
42258220,touchend,0,0,1645039768092
42258221,touchdown,659,434,1645039768749
42258221,touchend,0,0,1645039768818
42258222,touchdown,790,418,1645039769448
42258222,touchmove,793,424,1645039769485
42258222,touchmove,793,426,1645039769498
42258222,touchmove,793,427,1645039769507
42258222,touchmove,793,428,1645039769515
42258222,touchmove,793,427,1645039769532
42258222,touchmove,792,425,1645039769540
42258222,touchmove,790,422,1645039769548
42258222,touchmove,788,421,1645039769557
42258222,touchmove,784,419,1645039769565
42258222,touchend,0,0,1645039769570
42258223,touchdown,930,432,1645039770216
42258223,touchend,0,0,1645039770319
42258224,touchdown,912,278,1645039771008
42258224,touchmove,912,284,1645039771044
42258224,touchmove,912,286,1645039771057
42258224,touchmove,912,288,1645039771066
42258224,touchmove,912,289,1645039771074
42258224,touchmove,912,287,1645039771107
42258224,touchmove,912,285,1645039771116
42258224,touchmove,912,282,1645039771124
42258224,touchmove,912,281,1645039771133
42258224,touchend,0,0,1645039771136
42258225,touchdown,790,304,1645039771792
42258225,touchend,0,0,1645039771870
42258226,touchdown,658,334,1645039772542
42258226,touchmove,667,331,1645039772579
42258226,touchmove,664,331,1645039772617
42258226,touchmove,658,333,1645039772625
42258226,touchmove,650,337,1645039772633
42258226,touchend,0,0,1645039772637
