42258527,touchdown,915,584,1645040144054
42258527,touchmove,916,598,1645040144091
42258527,touchmove,916,601,1645040144104
42258527,touchmove,916,602,1645040144112
42258527,touchmove,916,599,1645040144145
42258527,touchmove,916,596,1645040144154
42258527,touchmove,915,591,1645040144162
42258527,touchmove,913,586,1645040144171
42258527,touchmove,907,582,1645040144179
42258527,touchend,0,0,1645040144183
42258528,touchdown,775,550,1645040144439
42258528,touchmove,776,556,1645040144457
42258528,touchmove,776,561,1645040144470
42258528,touchmove,776,566,1645040144479
42258528,touchmove,776,568,1645040144487
42258528,touchmove,776,569,1645040144496
42258528,touchmove,776,567,1645040144537
42258528,touchmove,776,566,1645040144546
42258528,touchmove,776,563,1645040144554
42258528,touchmove,776,561,1645040144562
42258528,touchmove,776,557,1645040144571
42258528,touchmove,776,554,1645040144579
42258528,touchmove,776,549,1645040144587
42258528,touchmove,774,546,1645040144596
42258528,touchmove,768,543,1645040144604
42258528,touchend,0,0,1645040144608
42258529,touchdown,654,556,1645040144888
42258529,touchmove,656,559,1645040144907
42258529,touchmove,656,565,1645040144921
42258529,touchmove,657,570,1645040144929
42258529,touchmove,657,573,1645040144938
42258529,touchmove,657,575,1645040144946
42258529,touchmove,658,575,1645040144954
42258529,touchmove,658,573,1645040144988
42258529,touchmove,658,572,1645040144996
42258529,touchmove,658,570,1645040145004
42258529,touchmove,658,568,1645040145013
42258529,touchmove,658,565,1645040145021
42258529,touchmove,658,563,1645040145029
42258529,touchmove,658,559,1645040145038
42258529,touchmove,657,555,1645040145046
42258529,touchmove,657,551,1645040145054
42258529,touchmove,655,549,1645040145063
42258529,touchend,0,0,1645040145066
42258530,touchdown,512,549,1645040145387
42258530,touchmove,514,556,1645040145408
42258530,touchmove,514,562,1645040145422
42258530,touchmove,514,566,1645040145430
42258530,touchmove,514,568,1645040145438
42258530,touchmove,515,569,1645040145447
42258530,touchmove,515,568,1645040145488
42258530,touchmove,515,566,1645040145496
42258530,touchmove,515,564,1645040145505
42258530,touchmove,515,562,1645040145513
42258530,touchmove,515,560,1645040145521
42258530,touchmove,515,558,1645040145530
42258530,touchmove,515,556,1645040145538
42258530,touchmove,515,554,1645040145546
42258530,touchmove,515,551,1645040145555
42258530,touchmove,514,548,1645040145563
42258530,touchmove,514,545,1645040145571
42258530,touchmove,514,542,1645040145580
42258530,touchend,0,0,1645040145583
42258531,touchdown,373,540,1645040145896
42258531,touchmove,374,549,1645040145916
42258531,touchmove,374,553,1645040145930
42258531,touchmove,375,557,1645040145938
42258531,touchmove,375,559,1645040145947
42258531,touchmove,376,559,1645040145955
42258531,touchmove,376,558,1645040146005
42258531,touchmove,376,557,1645040146013
42258531,touchmove,376,556,1645040146022
42258531,touchmove,376,554,1645040146030
42258531,touchmove,376,552,1645040146038
42258531,touchmove,376,550,1645040146047
42258531,touchmove,375,547,1645040146055
42258531,touchmove,375,545,1645040146063
42258531,touchmove,374,542,1645040146072
42258531,touchmove,373,538,1645040146080
42258531,touchend,0,0,1645040146083
42258532,touchdown,260,550,1645040146456
42258532,touchmove,262,556,1645040146484
42258532,touchmove,262,561,1645040146497
42258532,touchmove,263,564,1645040146505
42258532,touchmove,264,567,1645040146514
42258532,touchmove,264,568,1645040146522
42258532,touchmove,264,569,1645040146530
42258532,touchmove,264,568,1645040146550
42258532,touchmove,264,566,1645040146564
42258532,touchmove,264,563,1645040146572
42258532,touchmove,264,560,1645040146580
42258532,touchmove,264,557,1645040146589
42258532,touchmove,263,554,1645040146597
42258532,touchmove,262,550,1645040146605
42258532,touchmove,261,549,1645040146614
42258532,touchend,0,0,1645040146617
42258533,touchdown,260,410,1645040146931
42258533,touchmove,262,422,1645040146967
42258533,touchmove,262,427,1645040146981
42258533,touchmove,262,430,1645040146989
42258533,touchmove,263,432,1645040146997
42258533,touchmove,264,432,1645040147014
42258533,touchmove,264,431,1645040147047
42258533,touchmove,264,429,1645040147056
42258533,touchmove,264,427,1645040147064
42258533,touchmove,264,423,1645040147072
42258533,touchmove,264,420,1645040147081
42258533,touchmove,264,417,1645040147089
42258533,touchmove,264,413,1645040147097
42258533,touchmove,264,411,1645040147106
42258533,touchend,0,0,1645040147109
42258534,touchdown,408,420,1645040147389
42258534,touchmove,410,429,1645040147409
42258534,touchmove,410,433,1645040147422
42258534,touchmove,410,436,1645040147431
42258534,touchmove,411,439,1645040147439
42258534,touchmove,411,440,1645040147448
42258534,touchmove,411,441,1645040147456
42258534,touchmove,411,440,1645040147506
42258534,touchmove,411,439,1645040147514
42258534,touchmove,411,437,1645040147523
42258534,touchmove,411,435,1645040147531
42258534,touchmove,411,433,1645040147539
42258534,touchmove,411,430,1645040147548
42258534,touchmove,411,427,1645040147556
42258534,touchmove,411,423,1645040147564
42258534,touchend,0,0,1645040147568
42258535,touchdown,536,416,1645040147889
42258535,touchmove,538,425,1645040147909
42258535,touchmove,538,430,1645040147922
42258535,touchmove,538,434,1645040147931
42258535,touchmove,539,436,1645040147940
42258535,touchmove,539,437,1645040147948
42258535,touchmove,539,435,1645040147998
42258535,touchmove,539,433,1645040148006
42258535,touchmove,539,431,1645040148014
42258535,touchmove,539,428,1645040148023
42258535,touchmove,539,425,1645040148031
42258535,touchmove,539,421,1645040148040
42258535,touchmove,541,418,1645040148048
42258535,touchend,0,0,1645040148052
42258536,touchdown,662,422,1645040148382
42258536,touchmove,663,430,1645040148410
42258536,touchmove,663,435,1645040148423
42258536,touchmove,663,439,1645040148432
42258536,touchmove,663,442,1645040148440
42258536,touchmove,663,443,1645040148448
42258536,touchmove,663,441,1645040148490
42258536,touchmove,663,440,1645040148498
42258536,touchmove,663,438,1645040148506
42258536,touchmove,663,436,1645040148515
42258536,touchmove,663,434,1645040148523
42258536,touchmove,663,432,1645040148531
42258536,touchmove,663,430,1645040148540
42258536,touchmove,663,427,1645040148548
42258536,touchmove,663,425,1645040148556
42258536,touchmove,663,422,1645040148565
42258536,touchmove,663,420,1645040148573
42258536,touchmove,665,418,1645040148581
42258536,touchend,0,0,1645040148585
42258537,touchdown,785,407,1645040148916
42258537,touchmove,789,418,1645040148943
42258537,touchmove,789,422,1645040148957
42258537,touchmove,790,425,1645040148965
42258537,touchmove,790,427,1645040148973
42258537,touchmove,791,427,1645040148982
42258537,touchmove,791,425,1645040149015
42258537,touchmove,791,423,1645040149023
42258537,touchmove,791,422,1645040149032
42258537,touchmove,791,420,1645040149040
42258537,touchmove,791,418,1645040149048
42258537,touchmove,791,416,1645040149057
42258537,touchmove,791,414,1645040149065
42258537,touchmove,791,412,1645040149073
42258537,touchmove,791,410,1645040149082
42258537,touchmove,792,409,1645040149090
42258537,touchend,0,0,1645040149094
42258538,touchdown,920,430,1645040149415
42258538,touchmove,924,441,1645040149460
42258538,touchmove,924,444,1645040149474
42258538,touchmove,924,446,1645040149482
42258538,touchmove,925,446,1645040149490
42258538,touchmove,925,445,1645040149518
42258538,touchmove,925,444,1645040149532
42258538,touchmove,925,442,1645040149540
42258538,touchmove,925,441,1645040149549
42258538,touchmove,925,439,1645040149557
42258538,touchmove,925,437,1645040149565
42258538,touchmove,925,435,1645040149574
42258538,touchmove,925,434,1645040149582
42258538,touchmove,924,432,1645040149590
42258538,touchmove,924,430,1645040149599
42258538,touchend,0,0,1645040149602
42258539,touchdown,922,278,1645040149891
42258539,touchmove,925,275,1645040149919
42258539,touchmove,925,278,1645040149932
42258539,touchmove,925,282,1645040149940
42258539,touchmove,925,285,1645040149949
42258539,touchmove,926,289,1645040149957
42258539,touchmove,926,291,1645040149965
42258539,touchmove,926,292,1645040149974
42258539,touchmove,927,292,1645040149982
42258539,touchmove,927,291,1645040150016
42258539,touchmove,927,289,1645040150024
42258539,touchmove,927,288,1645040150032
42258539,touchmove,927,286,1645040150041
42258539,touchmove,927,284,1645040150049
42258539,touchmove,927,282,1645040150057
42258539,touchmove,927,280,1645040150066
42258539,touchmove,927,278,1645040150074
42258539,touchmove,926,276,1645040150082
42258539,touchmove,926,273,1645040150091
42258539,touchmove,922,271,1645040150099
42258539,touchend,0,0,1645040150102
42258540,touchdown,788,281,1645040150399
42258540,touchmove,792,298,1645040150444
42258540,touchmove,792,299,1645040150457
42258540,touchmove,792,300,1645040150466
42258540,touchmove,792,301,1645040150474
42258540,touchmove,792,300,1645040150494
42258540,touchmove,792,299,1645040150508
42258540,touchmove,792,297,1645040150516
42258540,touchmove,792,295,1645040150524
42258540,touchmove,792,293,1645040150532
42258540,touchmove,791,291,1645040150541
42258540,touchmove,791,289,1645040150549
42258540,touchmove,790,287,1645040150558
42258540,touchmove,789,285,1645040150566
42258540,touchmove,788,283,1645040150574
42258540,touchmove,783,283,1645040150583
42258540,touchend,0,0,1645040150586
42258541,touchdown,656,281,1645040150884
42258541,touchmove,658,286,1645040150936
42258541,touchmove,658,288,1645040150949
42258541,touchmove,658,290,1645040150958
42258541,touchmove,658,291,1645040150966
42258541,touchmove,658,292,1645040150974
42258541,touchmove,659,292,1645040150983
42258541,touchmove,659,290,1645040151033
42258541,touchmove,659,289,1645040151041
42258541,touchmove,659,288,1645040151049
42258541,touchmove,658,287,1645040151058
42258541,touchmove,658,285,1645040151066
42258541,touchmove,658,284,1645040151074
42258541,touchmove,657,282,1645040151083
42258541,touchmove,653,280,1645040151091
42258541,touchend,0,0,1645040151095
42258542,touchdown,531,278,1645040151384
42258542,touchmove,535,288,1645040151420
42258542,touchmove,536,291,1645040151433
42258542,touchmove,536,293,1645040151441
42258542,touchmove,537,294,1645040151450
42258542,touchmove,538,294,1645040151458
42258542,touchmove,538,293,1645040151491
42258542,touchmove,538,291,1645040151500
42258542,touchmove,538,290,1645040151508
42258542,touchmove,538,288,1645040151516
42258542,touchmove,538,287,1645040151525
42258542,touchmove,537,285,1645040151533
42258542,touchmove,536,284,1645040151541
42258542,touchmove,536,283,1645040151550
42258542,touchmove,535,281,1645040151558
42258542,touchmove,534,279,1645040151566
42258542,touchmove,534,278,1645040151575
42258542,touchmove,531,276,1645040151583
42258542,touchend,0,0,1645040151587
42258543,touchdown,382,281,1645040151876
42258543,touchmove,387,291,1645040151920
42258543,touchmove,388,293,1645040151933
42258543,touchmove,388,294,1645040151942
42258543,touchmove,389,294,1645040151958
42258543,touchmove,389,293,1645040151992
42258543,touchmove,389,292,1645040152000
42258543,touchmove,389,290,1645040152008
42258543,touchmove,388,289,1645040152017
42258543,touchmove,388,288,1645040152025
42258543,touchmove,387,287,1645040152033
42258543,touchmove,386,285,1645040152042
42258543,touchmove,385,284,1645040152050
42258543,touchmove,384,282,1645040152058
42258543,touchmove,383,278,1645040152067
42258543,touchend,0,0,1645040152071
42258544,touchdown,248,282,1645040152351
42258544,touchmove,252,291,1645040152395
42258544,touchmove,253,292,1645040152409
42258544,touchmove,253,293,1645040152417
42258544,touchmove,253,292,1645040152467
42258544,touchmove,253,291,1645040152475
42258544,touchmove,253,290,1645040152484
42258544,touchmove,253,289,1645040152492
42258544,touchmove,253,288,1645040152500
42258544,touchmove,252,287,1645040152509
42258544,touchmove,252,286,1645040152517
42258544,touchmove,251,285,1645040152525
42258544,touchmove,250,284,1645040152534
42258544,touchmove,249,282,1645040152542
42258544,touchend,0,0,1645040152546
42258545,touchdown,265,142,1645040152876
42258545,touchmove,272,154,1645040152929
42258545,touchmove,273,157,1645040152942
42258545,touchmove,274,158,1645040152951
42258545,touchmove,274,159,1645040152959
42258545,touchmove,275,159,1645040152967
42258545,touchmove,275,158,1645040153004
42258545,touchmove,275,157,1645040153017
42258545,touchmove,275,156,1645040153026
42258545,touchmove,275,154,1645040153034
42258545,touchmove,274,153,1645040153042
42258545,touchmove,273,151,1645040153051
42258545,touchmove,272,149,1645040153059
42258545,touchmove,272,148,1645040153067
42258545,touchmove,272,147,1645040153076
42258545,touchmove,271,145,1645040153084
42258545,touchend,0,0,1645040153087
42258546,touchdown,403,137,1645040153402
42258546,touchmove,408,148,1645040153454
42258546,touchmove,408,150,1645040153467
42258546,touchmove,408,151,1645040153476
42258546,touchmove,408,152,1645040153484
42258546,touchmove,409,153,1645040153493
42258546,touchmove,409,152,1645040153521
42258546,touchmove,409,151,1645040153543
42258546,touchmove,409,149,1645040153551
42258546,touchmove,409,148,1645040153559
42258546,touchmove,408,147,1645040153568
42258546,touchmove,408,146,1645040153576
42258546,touchmove,407,144,1645040153584
42258546,touchmove,407,143,1645040153593
42258546,touchmove,407,141,1645040153601
42258546,touchmove,406,140,1645040153609
42258546,touchend,0,0,1645040153613
42258547,touchdown,530,154,1645040154002
42258547,touchmove,536,169,1645040154046
42258547,touchmove,536,170,1645040154059
42258547,touchmove,537,171,1645040154068
42258547,touchmove,537,170,1645040154110
42258547,touchmove,537,168,1645040154118
42258547,touchmove,537,167,1645040154126
42258547,touchmove,536,165,1645040154135
42258547,touchmove,536,164,1645040154143
42258547,touchmove,535,162,1645040154151
42258547,touchmove,535,160,1645040154160
42258547,touchmove,534,158,1645040154168
42258547,touchmove,534,157,1645040154176
42258547,touchend,0,0,1645040154180
42258548,touchdown,672,154,1645040154486
42258548,touchmove,672,157,1645040154522
42258548,touchmove,672,160,1645040154535
42258548,touchmove,672,162,1645040154543
42258548,touchmove,672,164,1645040154551
42258548,touchmove,672,165,1645040154560
42258548,touchmove,673,166,1645040154568
42258548,touchmove,673,165,1645040154610
42258548,touchmove,673,164,1645040154618
42258548,touchmove,673,163,1645040154627
42258548,touchmove,673,165,1645040154655
42258548,touchend,0,0,1645040154664
42258549,touchdown,802,151,1645040154994
42258549,touchmove,806,163,1645040155047
42258549,touchmove,806,165,1645040155060
42258549,touchmove,806,166,1645040155068
42258549,touchmove,807,167,1645040155077
42258549,touchmove,807,166,1645040155105
42258549,touchmove,807,165,1645040155118
42258549,touchmove,807,163,1645040155127
42258549,touchmove,807,162,1645040155135
42258549,touchmove,807,161,1645040155152
42258549,touchmove,806,161,1645040155160
42258549,touchend,0,0,1645040155164
42258550,touchdown,929,154,1645040155477
42258550,touchmove,930,165,1645040155522
42258550,touchmove,930,168,1645040155535
42258550,touchmove,930,170,1645040155544
42258550,touchmove,930,172,1645040155552
42258550,touchmove,930,171,1645040155580
42258550,touchmove,930,169,1645040155594
42258550,touchmove,930,167,1645040155602
42258550,touchmove,930,165,1645040155611
42258550,touchmove,930,163,1645040155619
42258550,touchmove,930,161,1645040155627
42258550,touchmove,930,159,1645040155636
42258550,touchmove,930,156,1645040155644
42258550,touchmove,930,154,1645040155652
42258550,touchend,0,0,1645040155656
42258551,touchdown,923,23,1645040155987
42258551,touchmove,922,34,1645040156031
42258551,touchmove,922,36,1645040156044
42258551,touchmove,922,38,1645040156052
42258551,touchmove,922,39,1645040156061
42258551,touchmove,922,38,1645040156111
42258551,touchmove,922,37,1645040156119
42258551,touchmove,922,36,1645040156127
42258551,touchmove,922,34,1645040156136
42258551,touchmove,922,33,1645040156144
42258551,touchmove,922,32,1645040156152
42258551,touchmove,922,31,1645040156161
42258551,touchmove,922,30,1645040156169
42258551,touchmove,920,29,1645040156178
42258551,touchmove,916,29,1645040156186
42258551,touchend,0,0,1645040156190
42258552,touchdown,781,29,1645040156470
42258552,touchmove,780,36,1645040156506
42258552,touchmove,780,39,1645040156519
42258552,touchmove,780,41,1645040156528
42258552,touchmove,780,43,1645040156536
42258552,touchmove,781,44,1645040156544
42258552,touchmove,781,45,1645040156553
42258552,touchmove,781,44,1645040156589
42258552,touchmove,781,43,1645040156603
42258552,touchmove,781,42,1645040156611
42258552,touchmove,781,41,1645040156619
42258552,touchmove,781,39,1645040156628
42258552,touchmove,781,38,1645040156636
42258552,touchmove,781,36,1645040156644
42258552,touchmove,780,35,1645040156653
42258552,touchmove,780,33,1645040156661
42258552,touchmove,779,31,1645040156669
42258552,touchmove,779,29,1645040156678
42258552,touchmove,777,26,1645040156686
42258552,touchend,0,0,1645040156689
42258553,touchdown,645,14,1645040156998
42258553,touchmove,645,17,1645040157011
42258553,touchmove,645,19,1645040157020
42258553,touchmove,645,20,1645040157028
42258553,touchmove,646,21,1645040157036
42258553,touchmove,646,20,1645040157081
42258553,touchmove,646,19,1645040157095
42258553,touchmove,646,17,1645040157103
42258553,touchmove,646,16,1645040157111
42258553,touchmove,646,15,1645040157120
42258553,touchmove,646,13,1645040157128
42258553,touchmove,645,12,1645040157136
42258553,touchmove,644,11,1645040157145
42258553,touchmove,641,8,1645040157153
42258553,touchmove,637,8,1645040157161
42258553,touchend,0,0,1645040157165
42258554,touchdown,519,17,1645040157532
42258554,touchmove,519,19,1645040157545
42258554,touchmove,520,21,1645040157553
42258554,touchmove,521,22,1645040157561
42258554,touchmove,521,21,1645040157598
42258554,touchmove,521,20,1645040157612
42258554,touchmove,521,19,1645040157620
42258554,touchmove,521,17,1645040157628
42258554,touchmove,520,15,1645040157637
42258554,touchmove,520,13,1645040157645
42258554,touchmove,519,12,1645040157653
42258554,touchmove,519,10,1645040157662
42258554,touchmove,518,8,1645040157670
42258554,touchmove,517,7,1645040157678
42258554,touchmove,515,7,1645040157687
42258554,touchend,0,0,1645040157690
42258555,touchdown,402,15,1645040158004
42258555,touchmove,408,27,1645040158057
42258555,touchmove,408,29,1645040158070
42258555,touchmove,409,30,1645040158078
42258555,touchmove,409,29,1645040158115
42258555,touchmove,409,27,1645040158137
42258555,touchmove,409,26,1645040158145
42258555,touchmove,409,24,1645040158154
42258555,touchmove,408,23,1645040158162
42258555,touchmove,408,21,1645040158170
42258555,touchmove,407,20,1645040158179
42258555,touchmove,407,19,1645040158187
42258555,touchmove,406,17,1645040158195
42258555,touchmove,404,17,1645040158203
42258555,touchend,0,0,1645040158207
42258556,touchdown,254,27,1645040158538
42258556,touchmove,258,37,1645040158582
42258556,touchmove,259,38,1645040158595
42258556,touchmove,260,39,1645040158604
42258556,touchmove,261,39,1645040158620
42258556,touchmove,261,38,1645040158645
42258556,touchmove,261,36,1645040158654
42258556,touchmove,260,35,1645040158662
42258556,touchmove,260,34,1645040158671
42258556,touchend,0,0,1645040158699
42258557,touchdown,262,148,1645040159080
42258557,touchmove,269,156,1645040159124
42258557,touchmove,269,158,1645040159137
42258557,touchmove,270,158,1645040159146
42258557,touchmove,270,157,1645040159179
42258557,touchmove,270,155,1645040159188
42258557,touchmove,270,154,1645040159196
42258557,touchmove,270,152,1645040159204
42258557,touchmove,270,151,1645040159212
42258557,touchend,0,0,1645040159224
42258558,touchdown,388,140,1645040159597
42258558,touchmove,396,146,1645040159641
42258558,touchmove,396,149,1645040159654
42258558,touchmove,397,151,1645040159663
42258558,touchmove,397,150,1645040159699
42258558,touchmove,397,149,1645040159713
42258558,touchmove,397,148,1645040159721
42258558,touchmove,397,147,1645040159730
42258558,touchmove,396,146,1645040159738
42258558,touchend,0,0,1645040159742
42258559,touchdown,532,160,1645040160111
42258559,touchmove,532,162,1645040160150
42258559,touchmove,532,163,1645040160163
42258559,touchmove,533,165,1645040160171
42258559,touchmove,534,166,1645040160188
42258559,touchmove,535,166,1645040160213
42258559,touchmove,536,166,1645040160221
42258559,touchmove,536,167,1645040160230
42258559,touchend,0,0,1645040160233
42258560,touchdown,658,154,1645040160614
42258560,touchmove,660,156,1645040160658
42258560,touchmove,660,157,1645040160672
42258560,touchmove,660,158,1645040160680
42258560,touchmove,661,158,1645040160688
42258560,touchmove,662,158,1645040160705
42258560,touchmove,663,158,1645040160713
42258560,touchmove,664,159,1645040160722
42258560,touchmove,665,159,1645040160730
42258560,touchend,0,0,1645040160734
42258561,touchdown,795,159,1645040161115
42258561,touchmove,796,160,1645040161151
42258561,touchmove,796,162,1645040161164
42258561,touchmove,796,163,1645040161172
42258561,touchmove,796,165,1645040161180
42258561,touchmove,797,166,1645040161188
42258561,touchmove,798,166,1645040161214
42258561,touchmove,798,165,1645040161230
42258561,touchmove,798,164,1645040161239
42258561,touchmove,799,163,1645040161247
42258561,touchend,0,0,1645040161250
42258562,touchdown,919,159,1645040161581
42258562,touchmove,924,171,1645040161625
42258562,touchmove,924,173,1645040161639
42258562,touchmove,924,172,1645040161681
42258562,touchmove,924,170,1645040161689
42258562,touchmove,924,168,1645040161697
42258562,touchmove,924,167,1645040161714
42258562,touchmove,922,166,1645040161722
42258562,touchend,0,0,1645040161726
42258563,touchdown,944,272,1645040162047
42258563,touchmove,946,281,1645040162101
42258563,touchmove,946,284,1645040162114
42258563,touchmove,946,285,1645040162122
42258563,touchmove,946,287,1645040162131
42258563,touchmove,946,285,1645040162172
42258563,touchmove,946,284,1645040162181
42258563,touchmove,946,282,1645040162189
42258563,touchmove,946,280,1645040162198
42258563,touchmove,946,278,1645040162206
42258563,touchmove,946,276,1645040162214
42258563,touchend,0,0,1645040162226
42258564,touchdown,784,281,1645040162548
42258564,touchmove,785,285,1645040162593
42258564,touchmove,785,289,1645040162606
42258564,touchmove,785,290,1645040162614
42258564,touchmove,786,292,1645040162623
42258564,touchmove,786,293,1645040162631
42258564,touchmove,786,292,1645040162651
42258564,touchmove,786,291,1645040162664
42258564,touchmove,786,289,1645040162673
42258564,touchmove,786,287,1645040162681
42258564,touchmove,785,285,1645040162689
42258564,touchmove,784,284,1645040162698
42258564,touchmove,783,283,1645040162706
42258564,touchmove,779,282,1645040162714
42258564,touchend,0,0,1645040162718
42258565,touchdown,653,274,1645040163023
42258565,touchmove,657,280,1645040163068
42258565,touchmove,657,282,1645040163081
42258565,touchmove,658,284,1645040163090
42258565,touchmove,658,283,1645040163118
42258565,touchmove,658,282,1645040163131
42258565,touchmove,658,280,1645040163140
42258565,touchmove,657,278,1645040163148
42258565,touchmove,656,276,1645040163156
42258565,touchmove,655,275,1645040163165
42258565,touchmove,654,272,1645040163173
42258565,touchmove,653,270,1645040163181
42258565,touchmove,650,268,1645040163190
42258565,touchend,0,0,1645040163194
42258566,touchdown,515,280,1645040163524
42258566,touchmove,517,283,1645040163560
42258566,touchmove,517,285,1645040163573
42258566,touchmove,518,287,1645040163582
42258566,touchmove,519,289,1645040163590
42258566,touchmove,520,289,1645040163607
42258566,touchmove,519,287,1645040163640
42258566,touchmove,518,285,1645040163648
42258566,touchmove,517,283,1645040163657
42258566,touchmove,515,280,1645040163665
42258566,touchmove,511,280,1645040163673
42258566,touchend,0,0,1645040163677
42258567,touchdown,385,291,1645040164025
42258567,touchmove,388,301,1645040164061
42258567,touchmove,389,303,1645040164074
42258567,touchmove,389,305,1645040164082
42258567,touchmove,390,305,1645040164090
42258567,touchmove,390,304,1645040164124
42258567,touchmove,389,302,1645040164132
42258567,touchmove,388,300,1645040164140
42258567,touchmove,387,298,1645040164149
42258567,touchmove,386,296,1645040164157
42258567,touchmove,385,294,1645040164165
42258567,touchmove,384,293,1645040164174
42258567,touchmove,383,291,1645040164182
42258567,touchend,0,0,1645040164186
42258568,touchdown,248,280,1645040164541
42258568,touchmove,250,281,1645040164578
42258568,touchmove,251,282,1645040164591
42258568,touchmove,252,284,1645040164599
42258568,touchmove,253,284,1645040164624
42258568,touchmove,253,283,1645040164644
42258568,touchmove,253,282,1645040164657
42258568,touchend,0,0,1645040164669
42258569,touchdown,240,397,1645040165033
42258569,touchmove,246,402,1645040165077
42258569,touchmove,247,403,1645040165091
42258569,touchmove,248,403,1645040165099
42258569,touchmove,248,404,1645040165107
42258569,touchmove,249,404,1645040165116
42258569,touchmove,250,404,1645040165124
42258569,touchmove,251,403,1645040165133
42258569,touchmove,252,402,1645040165141
42258569,touchmove,253,401,1645040165149
42258569,touchmove,255,400,1645040165158
42258569,touchend,0,0,1645040165161
42258570,touchdown,400,407,1645040165533
42258570,touchmove,406,412,1645040165586
42258570,touchmove,407,413,1645040165599
42258570,touchmove,408,413,1645040165616
42258570,touchmove,408,412,1645040165636
42258570,touchmove,408,410,1645040165649
42258570,touchmove,408,408,1645040165658
42258570,touchmove,409,407,1645040165666
42258570,touchend,0,0,1645040165670
42258571,touchdown,535,431,1645040166084
42258571,touchend,0,0,1645040166178
42258572,touchdown,647,426,1645040166567
42258572,touchmove,648,427,1645040166604
42258572,touchmove,648,429,1645040166617
42258572,touchmove,649,430,1645040166625
42258572,touchmove,650,431,1645040166633
42258572,touchmove,651,431,1645040166650
42258572,touchmove,651,430,1645040166667
42258572,touchmove,651,428,1645040166675
42258572,touchmove,651,426,1645040166683
42258572,touchmove,652,425,1645040166692
42258572,touchend,0,0,1645040166695
42258573,touchdown,806,426,1645040167076
42258573,touchmove,808,426,1645040167112
42258573,touchmove,808,427,1645040167125
42258573,touchmove,808,428,1645040167134
42258573,touchmove,808,429,1645040167142
42258573,touchmove,810,428,1645040167175
42258573,touchmove,811,428,1645040167184
42258573,touchend,0,0,1645040167187
42258574,touchdown,921,424,1645040167568
42258574,touchmove,922,421,1645040167604
42258574,touchmove,922,422,1645040167617
42258574,touchmove,922,423,1645040167626
42258574,touchmove,922,424,1645040167634
42258574,touchmove,922,423,1645040167662
42258574,touchmove,922,422,1645040167676
42258574,touchmove,922,421,1645040167684
42258574,touchend,0,0,1645040167696
42258575,touchdown,916,535,1645040168043
42258575,touchmove,915,538,1645040168079
42258575,touchmove,915,541,1645040168093
42258575,touchmove,915,544,1645040168101
42258575,touchmove,916,545,1645040168109
42258575,touchmove,917,547,1645040168117
42258575,touchmove,917,548,1645040168126
42258575,touchmove,917,547,1645040168159
42258575,touchmove,917,545,1645040168168
42258575,touchmove,917,543,1645040168176
42258575,touchmove,917,542,1645040168184
42258575,touchmove,917,539,1645040168193
42258575,touchmove,917,537,1645040168201
42258575,touchmove,917,535,1645040168209
42258575,touchmove,915,533,1645040168218
42258575,touchend,0,0,1645040168221
42258576,touchdown,788,560,1645040168543
42258576,touchmove,789,562,1645040168580
42258576,touchmove,789,564,1645040168593
42258576,touchmove,789,566,1645040168601
42258576,touchmove,789,568,1645040168609
42258576,touchmove,789,569,1645040168618
42258576,touchmove,789,568,1645040168646
42258576,touchmove,789,566,1645040168660
42258576,touchmove,789,564,1645040168668
42258576,touchmove,789,562,1645040168676
42258576,touchmove,789,561,1645040168685
42258576,touchmove,789,559,1645040168693
42258576,touchmove,788,557,1645040168701
42258576,touchmove,787,555,1645040168710
42258576,touchmove,786,553,1645040168718
42258576,touchend,0,0,1645040168721
42258577,touchdown,657,554,1645040169044
42258577,touchmove,659,557,1645040169088
42258577,touchmove,659,559,1645040169101
42258577,touchmove,660,561,1645040169110
42258577,touchmove,660,562,1645040169118
42258577,touchmove,660,563,1645040169135
42258577,touchmove,660,562,1645040169154
42258577,touchmove,660,560,1645040169168
42258577,touchmove,660,558,1645040169177
42258577,touchmove,659,557,1645040169185
42258577,touchmove,658,555,1645040169193
42258577,touchmove,658,554,1645040169202
42258577,touchmove,656,552,1645040169210
42258577,touchmove,654,552,1645040169218
42258577,touchmove,652,552,1645040169227
42258577,touchend,0,0,1645040169230
42258578,touchdown,521,554,1645040169561
42258578,touchmove,524,561,1645040169605
42258578,touchmove,524,563,1645040169618
42258578,touchmove,524,564,1645040169627
42258578,touchmove,525,566,1645040169635
42258578,touchmove,525,565,1645040169668
42258578,touchmove,525,563,1645040169677
42258578,touchmove,525,562,1645040169685
42258578,touchmove,524,560,1645040169693
42258578,touchmove,524,558,1645040169702
42258578,touchmove,523,556,1645040169710
42258578,touchmove,521,554,1645040169719
42258578,touchmove,520,552,1645040169727
42258578,touchmove,517,552,1645040169735
42258578,touchend,0,0,1645040169739
42258579,touchdown,384,558,1645040170061
42258579,touchmove,387,560,1645040170105
42258579,touchmove,388,562,1645040170119
42258579,touchmove,388,563,1645040170127
42258579,touchmove,389,564,1645040170135
42258579,touchmove,389,563,1645040170169
42258579,touchmove,388,562,1645040170185
42258579,touchmove,388,561,1645040170194
42258579,touchmove,387,559,1645040170202
42258579,touchmove,386,558,1645040170210
42258579,touchmove,385,557,1645040170219
42258579,touchmove,384,556,1645040170227
42258579,touchmove,383,554,1645040170235
42258579,touchmove,381,552,1645040170244
42258579,touchmove,378,550,1645040170252
42258579,touchmove,373,549,1645040170260
42258579,touchend,0,0,1645040170265
42258580,touchdown,248,554,1645040170528
42258580,touchmove,251,562,1645040170572
42258580,touchmove,252,564,1645040170586
42258580,touchmove,252,566,1645040170594
42258580,touchmove,252,565,1645040170644
42258580,touchmove,252,564,1645040170652
42258580,touchmove,252,563,1645040170661
42258580,touchmove,252,561,1645040170669
42258580,touchmove,252,560,1645040170678
42258580,touchmove,251,558,1645040170686
42258580,touchmove,250,556,1645040170694
42258580,touchmove,249,554,1645040170702
42258580,touchmove,248,552,1645040170711
42258580,touchmove,247,550,1645040170719
42258580,touchmove,246,547,1645040170727
42258580,touchmove,245,544,1645040170736
42258580,touchend,0,0,1645040170739
42258581,touchdown,255,411,1645040171012
42258581,touchmove,262,421,1645040171064
42258581,touchmove,262,423,1645040171078
42258581,touchmove,263,424,1645040171086
42258581,touchmove,263,425,1645040171094
42258581,touchmove,263,424,1645040171114
42258581,touchmove,263,423,1645040171128
42258581,touchmove,263,421,1645040171136
42258581,touchmove,262,419,1645040171144
42258581,touchmove,262,418,1645040171153
42258581,touchmove,262,417,1645040171161
42258581,touchend,0,0,1645040171190
42258581,touchmove,262,416,1645040171169
42258582,touchdown,390,392,1645040171545
42258582,touchmove,393,391,1645040171582
42258582,touchmove,393,393,1645040171595
42258582,touchmove,394,395,1645040171603
42258582,touchmove,395,397,1645040171611
42258582,touchmove,396,398,1645040171620
42258582,touchmove,396,399,1645040171628
42258582,touchmove,397,399,1645040171636
42258582,touchmove,397,397,1645040171678
42258582,touchmove,398,395,1645040171695
42258582,touchmove,399,394,1645040171703
42258582,touchmove,400,393,1645040171711
42258582,touchmove,402,393,1645040171720
42258582,touchend,0,0,1645040171723
42258583,touchdown,527,423,1645040172070
42258583,touchmove,524,419,1645040172081
42258583,touchmove,524,417,1645040172087
42258583,touchmove,525,418,1645040172095
42258583,touchmove,527,421,1645040172103
42258583,touchmove,529,425,1645040172111
42258583,touchmove,530,427,1645040172120
42258583,touchmove,531,429,1645040172128
42258583,touchmove,531,430,1645040172136
42258583,touchmove,532,430,1645040172145
42258583,touchmove,532,429,1645040172165
42258583,touchmove,532,428,1645040172178
42258583,touchmove,532,426,1645040172187
42258583,touchmove,531,424,1645040172195
42258583,touchmove,531,422,1645040172203
42258583,touchmove,531,421,1645040172212
42258583,touchmove,531,418,1645040172220
42258583,touchmove,533,416,1645040172228
42258583,touchmove,534,415,1645040172237
42258583,touchend,0,0,1645040172240
42258584,touchdown,663,419,1645040172587
42258584,touchmove,668,426,1645040172632
42258584,touchmove,668,428,1645040172645
42258584,touchmove,669,429,1645040172654
42258584,touchmove,669,430,1645040172662
42258584,touchmove,670,430,1645040172670
42258584,touchmove,670,429,1645040172687
42258584,touchmove,670,428,1645040172695
42258584,touchmove,670,427,1645040172704
42258584,touchmove,670,425,1645040172712
42258584,touchmove,669,423,1645040172720
42258584,touchmove,669,422,1645040172729
42258584,touchmove,669,420,1645040172737
42258584,touchmove,669,418,1645040172745
42258584,touchmove,669,417,1645040172754
42258584,touchend,0,0,1645040172757
42258585,touchdown,799,422,1645040173113
42258585,touchmove,806,428,1645040173149
42258585,touchmove,806,430,1645040173162
42258585,touchmove,806,432,1645040173170
42258585,touchmove,806,430,1645040173220
42258585,touchmove,806,429,1645040173229
42258585,touchmove,806,427,1645040173237
42258585,touchmove,806,426,1645040173254
42258585,touchmove,806,425,1645040173262
42258585,touchend,0,0,1645040173274
42258586,touchdown,922,428,1645040173646
42258586,touchmove,925,435,1645040173683
42258586,touchmove,925,437,1645040173696
42258586,touchmove,925,439,1645040173704
42258586,touchmove,925,437,1645040173737
42258586,touchmove,925,434,1645040173746
42258586,touchmove,925,432,1645040173754
42258586,touchmove,924,430,1645040173762
42258586,touchmove,924,428,1645040173771
42258586,touchend,0,0,1645040173774
42258587,touchdown,930,297,1645040174113
42258587,touchmove,933,305,1645040174158
42258587,touchmove,933,308,1645040174171
42258587,touchmove,933,309,1645040174188
42258587,touchmove,933,307,1645040174207
42258587,touchmove,933,305,1645040174221
42258587,touchmove,933,303,1645040174229
42258587,touchmove,933,301,1645040174238
42258587,touchmove,932,300,1645040174246
42258587,touchmove,930,299,1645040174254
42258587,touchmove,928,299,1645040174263
42258587,touchend,0,0,1645040174266
42258588,touchdown,783,289,1645040174614
42258588,touchmove,785,294,1645040174658
42258588,touchmove,785,297,1645040174671
42258588,touchmove,785,298,1645040174680
42258588,touchmove,785,296,1645040174721
42258588,touchmove,785,294,1645040174730
42258588,touchmove,784,292,1645040174738
42258588,touchmove,784,290,1645040174746
42258588,touchmove,783,288,1645040174755
42258588,touchmove,779,286,1645040174763
42258588,touchmove,774,286,1645040174771
42258588,touchend,0,0,1645040174776
42258589,touchdown,648,285,1645040175139
42258589,touchmove,652,290,1645040175175
42258589,touchmove,652,293,1645040175188
42258589,touchmove,652,294,1645040175197
42258589,touchmove,652,295,1645040175205
42258589,touchmove,652,294,1645040175233
42258589,touchmove,652,293,1645040175247
42258589,touchmove,652,291,1645040175255
42258589,touchmove,651,289,1645040175263
42258589,touchmove,650,288,1645040175272
42258589,touchmove,649,286,1645040175280
42258589,touchmove,647,285,1645040175288
42258589,touchend,0,0,1645040175292
42258590,touchdown,526,270,1645040175640
42258590,touchmove,530,280,1645040175684
42258590,touchmove,530,283,1645040175697
42258590,touchmove,531,284,1645040175705
42258590,touchmove,531,282,1645040175747
42258590,touchmove,531,281,1645040175755
42258590,touchmove,531,279,1645040175764
42258590,touchmove,530,278,1645040175772
42258590,touchmove,530,276,1645040175780
42258590,touchmove,529,274,1645040175789
42258590,touchmove,528,272,1645040175797
42258590,touchmove,526,271,1645040175805
42258590,touchmove,523,271,1645040175814
42258590,touchend,0,0,1645040175817
42258591,touchdown,388,288,1645040176141
42258591,touchmove,393,294,1645040176176
42258591,touchmove,393,296,1645040176189
42258591,touchmove,393,297,1645040176197
42258591,touchmove,393,298,1645040176206
42258591,touchmove,393,296,1645040176256
42258591,touchmove,392,295,1645040176264
42258591,touchmove,392,293,1645040176272
42258591,touchmove,391,291,1645040176281
42258591,touchmove,390,290,1645040176289
42258591,touchmove,388,288,1645040176297
42258591,touchmove,383,285,1645040176306
42258591,touchend,0,0,1645040176309
42258592,touchdown,260,281,1645040176616
42258592,touchmove,264,287,1645040176659
42258592,touchmove,264,289,1645040176672
42258592,touchmove,265,289,1645040176681
42258592,touchmove,265,288,1645040176722
42258592,touchmove,265,286,1645040176731
42258592,touchmove,264,285,1645040176739
42258592,touchmove,264,283,1645040176748
42258592,touchmove,262,281,1645040176756
42258592,touchmove,261,278,1645040176764
42258592,touchmove,259,275,1645040176773
42258592,touchend,0,0,1645040176777
42258593,touchdown,266,149,1645040177082
42258593,touchmove,274,162,1645040177126
42258593,touchmove,274,164,1645040177139
42258593,touchmove,274,165,1645040177148
42258593,touchmove,274,166,1645040177156
42258593,touchmove,274,165,1645040177176
42258593,touchmove,274,163,1645040177189
42258593,touchmove,274,162,1645040177198
42258593,touchmove,273,159,1645040177206
42258593,touchmove,273,158,1645040177214
42258593,touchmove,272,156,1645040177223
42258593,touchmove,272,155,1645040177239
42258593,touchend,0,0,1645040177243
42258594,touchdown,400,157,1645040177607
42258594,touchmove,400,160,1645040177643
42258594,touchmove,400,162,1645040177656
42258594,touchmove,401,164,1645040177665
42258594,touchmove,402,165,1645040177673
42258594,touchmove,402,166,1645040177681
42258594,touchmove,402,167,1645040177690
42258594,touchmove,403,167,1645040177698
42258594,touchmove,403,166,1645040177715
42258594,touchmove,403,164,1645040177723
42258594,touchmove,403,162,1645040177731
42258594,touchmove,404,161,1645040177740
42258594,touchmove,405,160,1645040177748
42258594,touchend,0,0,1645040177752
42258595,touchdown,551,154,1645040178167
42258595,touchmove,550,157,1645040178202
42258595,touchmove,550,159,1645040178215
42258595,touchmove,550,161,1645040178232
42258595,touchmove,550,160,1645040178223
42258595,touchmove,550,159,1645040178265
42258595,touchmove,551,158,1645040178273
42258595,touchend,0,0,1645040178277
42258596,touchdown,667,157,1645040178616
42258596,touchmove,672,167,1645040178660
42258596,touchmove,672,169,1645040178674
42258596,touchmove,672,170,1645040178682
42258596,touchmove,672,168,1645040178702
42258596,touchmove,672,167,1645040178715
42258596,touchmove,672,165,1645040178724
42258596,touchmove,672,162,1645040178732
42258596,touchmove,672,161,1645040178740
42258596,touchmove,672,160,1645040178749
42258596,touchend,0,0,1645040178752
42258597,touchmove,807,158,1645040179127
42258597,touchdown,808,156,1645040179100
42258597,touchmove,807,160,1645040179141
42258597,touchmove,807,162,1645040179149
42258597,touchmove,807,164,1645040179157
42258597,touchmove,807,165,1645040179166
42258597,touchmove,807,166,1645040179174
42258597,touchmove,807,165,1645040179219
42258597,touchmove,808,165,1645040179232
42258597,touchend,0,0,1645040179236
42258598,touchdown,927,160,1645040179593
42258598,touchmove,930,171,1645040179628
42258598,touchmove,930,173,1645040179641
42258598,touchmove,930,174,1645040179649
42258598,touchmove,930,173,1645040179669
42258598,touchmove,930,171,1645040179682
42258598,touchmove,930,169,1645040179691
42258598,touchmove,930,167,1645040179699
42258598,touchmove,930,162,1645040179716
42258598,touchmove,930,165,1645040179707
42258598,touchmove,930,160,1645040179724
42258598,touchmove,929,157,1645040179732
42258598,touchend,0,0,1645040179736
42258599,touchdown,925,26,1645040180059
42258599,touchmove,926,35,1645040180078
42258599,touchmove,926,39,1645040180091
42258599,touchmove,926,43,1645040180108
42258599,touchmove,926,41,1645040180099
42258599,touchmove,926,41,1645040180158
42258599,touchmove,926,40,1645040180166
42258599,touchmove,926,39,1645040180174
42258599,touchmove,926,38,1645040180183
42258599,touchmove,926,36,1645040180191
42258599,touchmove,926,31,1645040180208
42258599,touchmove,926,34,1645040180200
42258599,touchmove,926,30,1645040180216
42258599,touchmove,925,28,1645040180224
42258599,touchmove,921,27,1645040180233
42258599,touchend,0,0,1645040180236
42258600,touchdown,808,24,1645040180523
42258600,touchmove,810,32,1645040180562
42258600,touchmove,810,36,1645040180575
42258600,touchmove,810,38,1645040180583
42258600,touchmove,810,39,1645040180591
42258600,touchmove,810,38,1645040180619
42258600,touchmove,810,36,1645040180633
42258600,touchmove,810,34,1645040180641
42258600,touchmove,810,33,1645040180650
42258600,touchmove,809,30,1645040180658
42258600,touchmove,809,29,1645040180666
42258600,touchmove,809,27,1645040180675
42258600,touchmove,808,26,1645040180683
42258600,touchmove,806,25,1645040180692
42258600,touchend,0,0,1645040180695
42258601,touchdown,651,22,1645040181014
42258601,touchmove,654,33,1645040181054
42258601,touchmove,654,35,1645040181067
42258601,touchmove,654,36,1645040181075
42258601,touchmove,654,38,1645040181083
42258601,touchmove,654,37,1645040181111
42258601,touchmove,654,36,1645040181125
42258601,touchmove,654,34,1645040181133
42258601,touchmove,654,32,1645040181142
42258601,touchmove,654,30,1645040181150
42258601,touchmove,653,28,1645040181158
42258601,touchmove,653,25,1645040181167
42258601,touchmove,652,22,1645040181175
42258601,touchmove,651,20,1645040181183
42258601,touchend,0,0,1645040181187
42258602,touchdown,522,19,1645040181507
42258602,touchmove,523,29,1645040181554
42258602,touchmove,523,33,1645040181567
42258602,touchmove,523,34,1645040181575
42258602,touchmove,523,35,1645040181584
42258602,touchmove,524,36,1645040181592
42258602,touchmove,524,34,1645040181625
42258602,touchmove,524,32,1645040181634
42258602,touchmove,524,30,1645040181642
42258602,touchmove,524,27,1645040181650
42258602,touchmove,524,26,1645040181659
42258602,touchmove,524,24,1645040181667
42258602,touchmove,524,23,1645040181675
42258602,touchmove,521,22,1645040181684
42258602,touchend,0,0,1645040181687
42258603,touchdown,390,31,1645040181982
42258603,touchmove,395,39,1645040182021
42258603,touchmove,395,43,1645040182034
42258603,touchmove,396,44,1645040182042
42258603,touchmove,396,45,1645040182050
42258603,touchmove,396,44,1645040182092
42258603,touchmove,396,42,1645040182100
42258603,touchmove,396,41,1645040182109
42258603,touchmove,395,39,1645040182117
42258603,touchmove,394,37,1645040182126
42258603,touchmove,394,35,1645040182134
42258603,touchmove,393,33,1645040182142
42258603,touchmove,392,30,1645040182151
42258603,touchmove,390,26,1645040182159
42258603,touchend,0,0,1645040182163
42258604,touchdown,248,18,1645040182493
42258604,touchmove,255,30,1645040182537
42258604,touchmove,255,32,1645040182551
42258604,touchmove,255,33,1645040182559
42258604,touchmove,255,34,1645040182567
42258604,touchmove,255,31,1645040182618
42258604,touchmove,255,28,1645040182626
42258604,touchmove,255,33,1645040182609
42258604,touchmove,255,26,1645040182634
42258604,touchmove,254,23,1645040182643
42258604,touchmove,253,21,1645040182651
42258604,touchend,0,0,1645040182655
42258605,touchdown,272,151,1645040183018
42258605,touchmove,278,161,1645040183071
42258605,touchmove,278,163,1645040183084
42258605,touchmove,278,162,1645040183121
42258605,touchmove,278,161,1645040183134
42258605,touchmove,278,159,1645040183143
42258605,touchmove,278,158,1645040183151
42258605,touchmove,277,156,1645040183160
42258605,touchmove,276,153,1645040183168
42258605,touchmove,276,151,1645040183176
42258605,touchmove,276,149,1645040183185
42258605,touchend,0,0,1645040183189
42258606,touchdown,409,154,1645040183544
42258606,touchmove,414,163,1645040183588
42258606,touchmove,414,165,1645040183602
42258606,touchmove,415,167,1645040183610
42258606,touchmove,415,166,1645040183646
42258606,touchmove,415,164,1645040183660
42258606,touchmove,416,163,1645040183668
42258606,touchmove,417,161,1645040183676
42258606,touchmove,418,159,1645040183685
42258606,touchmove,420,158,1645040183693
42258606,touchend,0,0,1645040183697
42258607,touchdown,532,147,1645040184094
42258607,touchmove,531,151,1645040184138
42258607,touchmove,531,153,1645040184152
42258607,touchmove,531,154,1645040184160
42258607,touchmove,531,155,1645040184168
42258607,touchmove,532,155,1645040184177
42258607,touchmove,532,153,1645040184202
42258607,touchmove,532,150,1645040184210
42258607,touchmove,532,148,1645040184219
42258607,touchmove,532,147,1645040184227
42258607,touchend,0,0,1645040184230
42258608,touchdown,658,156,1645040184587
42258608,touchmove,662,157,1645040184630
42258608,touchmove,662,159,1645040184644
42258608,touchmove,662,161,1645040184652
42258608,touchmove,662,162,1645040184660
42258608,touchmove,662,160,1645040184688
42258608,touchmove,662,158,1645040184702
42258608,touchmove,662,156,1645040184710
42258608,touchmove,662,155,1645040184719
42258608,touchend,0,0,1645040184731
42258609,touchdown,789,159,1645040185094
42258609,touchmove,791,167,1645040185147
42258609,touchmove,791,168,1645040185161
42258609,touchmove,791,169,1645040185169
42258609,touchmove,792,169,1645040185186
42258609,touchmove,792,168,1645040185194
42258609,touchmove,794,167,1645040185202
42258609,touchmove,796,165,1645040185211
42258609,touchmove,797,163,1645040185219
42258609,touchmove,798,162,1645040185227
42258609,touchend,0,0,1645040185231
42258610,touchdown,908,157,1645040185562
42258610,touchmove,912,167,1645040185606
42258610,touchmove,912,169,1645040185619
42258610,touchmove,912,171,1645040185627
42258610,touchmove,912,172,1645040185636
42258610,touchmove,912,171,1645040185664
42258610,touchmove,912,170,1645040185678
42258610,touchmove,912,168,1645040185686
42258610,touchmove,912,166,1645040185694
42258610,touchmove,912,165,1645040185703
42258610,touchmove,912,163,1645040185711
42258610,touchmove,913,163,1645040185719
42258610,touchend,0,0,1645040185723
42258611,touchdown,954,281,1645040186053
42258611,touchmove,956,285,1645040186098
42258611,touchmove,956,287,1645040186111
42258611,touchmove,956,288,1645040186119
42258611,touchmove,956,289,1645040186128
42258611,touchmove,956,290,1645040186136
42258611,touchmove,955,290,1645040186144
42258611,touchmove,955,289,1645040186161
42258611,touchmove,955,288,1645040186170
42258611,touchmove,954,286,1645040186178
42258611,touchmove,953,285,1645040186186
42258611,touchmove,952,284,1645040186195
42258611,touchmove,950,282,1645040186203
42258611,touchmove,949,280,1645040186211
42258611,touchmove,946,279,1645040186220
42258611,touchmove,944,278,1645040186228
42258611,touchend,0,0,1645040186231
42258612,touchdown,781,304,1645040186554
42258612,touchmove,781,301,1645040186564
42258612,touchmove,781,298,1645040186571
42258612,touchmove,782,299,1645040186586
42258612,touchmove,783,303,1645040186595
42258612,touchmove,783,306,1645040186603
42258612,touchmove,784,309,1645040186611
42258612,touchmove,784,311,1645040186620
42258612,touchmove,784,313,1645040186628
42258612,touchmove,785,313,1645040186637
42258612,touchmove,785,311,1645040186670
42258612,touchmove,785,309,1645040186678
42258612,touchmove,784,306,1645040186686
42258612,touchmove,784,304,1645040186695
42258612,touchmove,783,301,1645040186703
42258612,touchmove,783,299,1645040186712
42258612,touchmove,781,297,1645040186720
42258612,touchmove,778,295,1645040186728
42258612,touchmove,773,294,1645040186737
42258612,touchend,0,0,1645040186741
42258613,touchdown,651,296,1645040186996
42258613,touchmove,650,292,1645040187006
42258613,touchmove,650,289,1645040187013
42258613,touchmove,650,290,1645040187020
42258613,touchmove,650,291,1645040187028
42258613,touchmove,651,294,1645040187037
42258613,touchmove,651,298,1645040187045
42258613,touchmove,651,300,1645040187053
42258613,touchmove,652,303,1645040187061
42258613,touchmove,652,304,1645040187070
42258613,touchmove,652,303,1645040187120
42258613,touchmove,652,301,1645040187128
42258613,touchmove,652,299,1645040187137
42258613,touchmove,652,297,1645040187145
42258613,touchmove,652,295,1645040187153
42258613,touchmove,651,293,1645040187162
42258613,touchmove,651,291,1645040187170
42258613,touchmove,650,289,1645040187178
42258613,touchmove,647,286,1645040187187
42258613,touchmove,644,284,1645040187195
42258613,touchend,0,0,1645040187199
42258614,touchdown,521,283,1645040187496
42258614,touchmove,524,287,1645040187540
42258614,touchmove,524,289,1645040187554
42258614,touchmove,524,291,1645040187562
42258614,touchmove,524,292,1645040187570
42258614,touchmove,524,293,1645040187579
42258614,touchmove,524,292,1645040187629
42258614,touchmove,524,290,1645040187637
42258614,touchmove,524,289,1645040187645
42258614,touchmove,523,286,1645040187654
42258614,touchmove,523,284,1645040187662
42258614,touchmove,523,281,1645040187670
42258614,touchmove,521,278,1645040187679
42258614,touchmove,519,274,1645040187687
42258614,touchmove,516,270,1645040187695
42258614,touchend,0,0,1645040187700
42258615,touchdown,375,281,1645040188038
42258615,touchmove,379,290,1645040188082
42258615,touchmove,379,292,1645040188096
42258615,touchmove,379,293,1645040188104
42258615,touchmove,379,292,1645040188132
42258615,touchmove,379,290,1645040188146
42258615,touchmove,378,289,1645040188154
42258615,touchmove,378,287,1645040188162
42258615,touchmove,377,285,1645040188171
42258615,touchmove,377,284,1645040188179
42258615,touchmove,376,282,1645040188187
42258615,touchmove,374,279,1645040188196
42258615,touchmove,372,277,1645040188204
42258615,touchmove,368,274,1645040188212
42258615,touchend,0,0,1645040188216
42258616,touchdown,269,282,1645040188555
42258616,touchmove,273,288,1645040188591
42258616,touchmove,273,290,1645040188604
42258616,touchmove,273,291,1645040188613
42258616,touchmove,273,290,1645040188654
42258616,touchmove,273,289,1645040188663
42258616,touchmove,272,288,1645040188671
42258616,touchmove,272,286,1645040188679
42258616,touchmove,272,285,1645040188688
42258616,touchmove,272,283,1645040188696
42258616,touchmove,271,282,1645040188704
42258616,touchmove,269,281,1645040188713
42258616,touchmove,267,281,1645040188721
42258616,touchmove,265,283,1645040188729
42258616,touchend,0,0,1645040188734
42258617,touchdown,262,405,1645040189056
42258617,touchmove,269,414,1645040189099
42258617,touchmove,269,416,1645040189113
42258617,touchmove,270,417,1645040189121
42258617,touchmove,270,416,1645040189149
42258617,touchmove,270,415,1645040189163
42258617,touchmove,270,413,1645040189171
42258617,touchmove,269,411,1645040189180
42258617,touchmove,268,409,1645040189188
42258617,touchmove,267,407,1645040189196
42258617,touchmove,267,404,1645040189205
42258617,touchmove,267,401,1645040189213
42258617,touchend,0,0,1645040189217
42258618,touchdown,394,411,1645040189589
42258618,touchmove,397,417,1645040189625
42258618,touchmove,398,418,1645040189638
42258618,touchmove,399,420,1645040189647
42258618,touchmove,399,419,1645040189683
42258618,touchmove,399,417,1645040189697
42258618,touchmove,399,415,1645040189705
42258618,touchmove,399,413,1645040189713
42258618,touchmove,399,411,1645040189722
42258618,touchmove,400,409,1645040189730
42258618,touchend,0,0,1645040189734
42258619,touchdown,529,416,1645040190106
42258619,touchmove,526,413,1645040190116
42258619,touchmove,525,411,1645040190122
42258619,touchmove,526,413,1645040190138
42258619,touchmove,526,415,1645040190147
42258619,touchmove,528,416,1645040190155
42258619,touchmove,528,417,1645040190163
42258619,touchmove,529,418,1645040190172
42258619,touchmove,529,417,1645040190200
42258619,touchmove,529,416,1645040190213
42258619,touchmove,529,415,1645040190222
42258619,touchend,0,0,1645040190226
42258620,touchdown,671,421,1645040190607
42258620,touchmove,670,423,1645040190650
42258620,touchmove,671,425,1645040190664
42258620,touchmove,672,426,1645040190672
42258620,touchmove,672,427,1645040190680
42258620,touchmove,673,425,1645040190714
42258620,touchmove,674,423,1645040190722
42258620,touchmove,675,422,1645040190730
42258620,touchmove,676,420,1645040190739
42258620,touchmove,677,420,1645040190747
42258620,touchend,0,0,1645040190751
42258621,touchdown,788,421,1645040191124
42258621,touchmove,792,428,1645040191167
42258621,touchmove,793,431,1645040191181
42258621,touchmove,793,432,1645040191189
42258621,touchmove,794,433,1645040191197
42258621,touchmove,794,432,1645040191222
42258621,touchmove,794,431,1645040191231
42258621,touchmove,795,430,1645040191239
42258621,touchmove,796,429,1645040191247
42258621,touchmove,798,428,1645040191256
42258621,touchmove,799,427,1645040191264
42258621,touchmove,800,426,1645040191273
42258621,touchend,0,0,1645040191276
42258622,touchdown,920,421,1645040191615
42258622,touchmove,924,429,1645040191651
42258622,touchmove,924,432,1645040191664
42258622,touchmove,924,435,1645040191673
42258622,touchmove,924,436,1645040191681
42258622,touchmove,924,437,1645040191689
42258622,touchmove,924,436,1645040191709
42258622,touchmove,924,434,1645040191723
42258622,touchmove,924,432,1645040191731
42258622,touchmove,924,429,1645040191739
42258622,touchmove,924,427,1645040191748
42258622,touchmove,924,425,1645040191756
42258622,touchmove,923,423,1645040191764
42258622,touchmove,922,422,1645040191773
42258622,touchend,0,0,1645040191776
42258623,touchdown,920,560,1645040192090
42258623,touchmove,924,561,1645040192126
42258623,touchmove,924,564,1645040192140
42258623,touchmove,925,566,1645040192148
42258623,touchmove,925,568,1645040192156
42258623,touchmove,926,569,1645040192165
42258623,touchmove,926,568,1645040192215
42258623,touchmove,925,567,1645040192231
42258623,touchmove,924,566,1645040192240
42258623,touchmove,923,566,1645040192248
42258623,touchmove,921,565,1645040192256
42258623,touchmove,919,564,1645040192265
42258623,touchmove,915,564,1645040192273
42258623,touchend,0,0,1645040192277
42258624,touchdown,789,549,1645040192557
42258624,touchmove,793,558,1645040192601
42258624,touchmove,793,561,1645040192615
42258624,touchmove,793,563,1645040192623
42258624,touchmove,794,564,1645040192632
42258624,touchmove,794,563,1645040192673
42258624,touchmove,794,561,1645040192682
42258624,touchmove,794,560,1645040192690
42258624,touchmove,794,558,1645040192698
42258624,touchmove,793,557,1645040192707
42258624,touchmove,793,556,1645040192715
42258624,touchmove,792,554,1645040192723
42258624,touchmove,792,552,1645040192732
42258624,touchmove,790,550,1645040192740
42258624,touchmove,787,548,1645040192748
42258624,touchmove,781,547,1645040192757
42258624,touchend,0,0,1645040192761
42258625,touchdown,668,550,1645040193017
42258625,touchmove,670,558,1645040193068
42258625,touchmove,670,561,1645040193082
42258625,touchmove,670,563,1645040193090
42258625,touchmove,671,564,1645040193099
42258625,touchmove,671,563,1645040193149
42258625,touchmove,671,562,1645040193157
42258625,touchmove,671,560,1645040193165
42258625,touchmove,671,558,1645040193174
42258625,touchmove,671,557,1645040193182
42258625,touchmove,671,555,1645040193190
42258625,touchmove,670,553,1645040193199
42258625,touchmove,670,551,1645040193207
42258625,touchmove,669,549,1645040193215
42258625,touchmove,668,545,1645040193224
42258625,touchend,0,0,1645040193227
42258626,touchdown,524,557,1645040193533
42258626,touchmove,528,566,1645040193577
42258626,touchmove,528,567,1645040193590
42258626,touchmove,529,569,1645040193599
42258626,touchmove,529,568,1645040193635
42258626,touchmove,529,567,1645040193649
42258626,touchmove,528,566,1645040193657
42258626,touchmove,528,564,1645040193666
42258626,touchmove,526,562,1645040193674
42258626,touchmove,526,561,1645040193682
42258626,touchmove,525,559,1645040193691
42258626,touchmove,523,556,1645040193699
42258626,touchmove,522,554,1645040193707
42258626,touchend,0,0,1645040193711
42258627,touchdown,385,559,1645040194008
42258627,touchmove,393,570,1645040194036
42258627,touchmove,393,573,1645040194049
42258627,touchmove,394,575,1645040194057
42258627,touchmove,394,576,1645040194066
42258627,touchmove,394,575,1645040194094
42258627,touchmove,394,574,1645040194107
42258627,touchmove,394,573,1645040194116
42258627,touchmove,394,571,1645040194124
42258627,touchmove,393,570,1645040194132
42258627,touchmove,393,568,1645040194141
42258627,touchmove,392,567,1645040194149
42258627,touchmove,392,566,1645040194158
42258627,touchmove,392,564,1645040194166
42258627,touchmove,391,563,1645040194174
42258627,touchmove,390,561,1645040194182
42258627,touchmove,389,559,1645040194191
42258627,touchmove,388,557,1645040194199
42258627,touchend,0,0,1645040194211
42258627,touchmove,387,556,1645040194207
42258628,touchdown,273,580,1645040194508
42258628,touchmove,274,585,1645040194553
42258628,touchmove,275,586,1645040194566
42258628,touchmove,275,587,1645040194574
42258628,touchmove,276,586,1645040194602
42258628,touchmove,276,587,1645040194583
42258628,touchmove,276,585,1645040194616
42258628,touchmove,275,583,1645040194624
42258628,touchmove,274,581,1645040194633
42258628,touchmove,273,580,1645040194641
42258628,touchmove,272,578,1645040194649
42258628,touchmove,272,577,1645040194658
42258628,touchend,0,0,1645040194670
42258629,touchdown,272,404,1645040195000
42258629,touchmove,276,410,1645040195020
42258629,touchmove,277,415,1645040195033
42258629,touchmove,279,418,1645040195041
42258629,touchmove,280,421,1645040195049
42258629,touchmove,280,420,1645040195086
42258629,touchmove,279,418,1645040195100
42258629,touchmove,279,416,1645040195108
42258629,touchmove,278,413,1645040195116
42258629,touchmove,277,411,1645040195125
42258629,touchmove,276,408,1645040195133
42258629,touchmove,275,407,1645040195141
42258629,touchmove,274,405,1645040195150
42258629,touchmove,274,404,1645040195158
42258629,touchend,0,0,1645040195162
42258630,touchdown,395,399,1645040195475
42258630,touchmove,402,407,1645040195512
42258630,touchmove,402,409,1645040195525
42258630,touchmove,403,410,1645040195533
42258630,touchmove,403,409,1645040195553
42258630,touchmove,403,407,1645040195567
42258630,touchmove,403,405,1645040195575
42258630,touchmove,403,403,1645040195583
42258630,touchmove,403,400,1645040195592
42258630,touchmove,406,397,1645040195600
42258630,touchmove,408,395,1645040195608
42258630,touchend,0,0,1645040195612
42258631,touchdown,513,427,1645040196009
42258631,touchmove,514,427,1645040196045
42258631,touchmove,514,428,1645040196058
42258631,touchmove,514,429,1645040196067
42258631,touchmove,515,429,1645040196083
42258631,touchmove,516,429,1645040196108
42258631,touchmove,517,429,1645040196117
42258631,touchend,0,0,1645040196129
42258632,touchdown,656,425,1645040196526
42258632,touchmove,662,435,1645040196562
42258632,touchmove,662,437,1645040196575
42258632,touchmove,663,439,1645040196584
42258632,touchmove,663,440,1645040196592
42258632,touchmove,663,439,1645040196617
42258632,touchmove,663,438,1645040196634
42258632,touchend,0,0,1645040196679
42258633,touchdown,784,420,1645040197001
42258633,touchmove,788,421,1645040197021
42258633,touchmove,789,427,1645040197034
42258633,touchmove,790,430,1645040197042
42258633,touchmove,791,433,1645040197051
42258633,touchmove,791,434,1645040197059
42258633,touchmove,791,433,1645040197079
42258633,touchmove,791,432,1645040197092
42258633,touchmove,791,430,1645040197101
42258633,touchmove,791,429,1645040197126
42258633,touchend,0,0,1645040197146
42258634,touchdown,920,422,1645040197518
42258634,touchmove,926,432,1645040197555
42258634,touchmove,926,434,1645040197568
42258634,touchmove,926,435,1645040197576
42258634,touchmove,926,434,1645040197596
42258634,touchmove,926,432,1645040197609
42258634,touchmove,926,430,1645040197618
42258634,touchmove,926,428,1645040197626
42258634,touchmove,926,427,1645040197634
42258634,touchmove,926,425,1645040197643
42258634,touchmove,927,423,1645040197651
42258634,touchmove,928,421,1645040197659
42258634,touchend,0,0,1645040197663
42258635,touchdown,933,298,1645040198026
42258635,touchmove,936,307,1645040198054
42258635,touchmove,936,311,1645040198068
42258635,touchmove,936,314,1645040198076
42258635,touchmove,936,316,1645040198085
42258635,touchmove,936,314,1645040198126
42258635,touchmove,936,312,1645040198135
42258635,touchmove,936,310,1645040198143
42258635,touchmove,936,308,1645040198151
42258635,touchmove,936,307,1645040198160
42258635,touchmove,936,306,1645040198168
42258635,touchmove,936,304,1645040198176
42258635,touchmove,935,302,1645040198185
42258635,touchmove,934,300,1645040198193
42258635,touchend,0,0,1645040198197
42258636,touchdown,807,291,1645040198536
42258636,touchmove,807,299,1645040198580
42258636,touchmove,807,300,1645040198593
42258636,touchmove,807,302,1645040198602
42258636,touchmove,807,300,1645040198643
42258636,touchmove,807,299,1645040198652
42258636,touchmove,807,297,1645040198660
42258636,touchmove,807,296,1645040198668
42258636,touchmove,807,294,1645040198677
42258636,touchmove,806,292,1645040198685
42258636,touchmove,806,290,1645040198693
42258636,touchmove,804,289,1645040198702
42258636,touchmove,801,289,1645040198710
42258636,touchend,0,0,1645040198713
42258637,touchdown,650,285,1645040199036
42258637,touchmove,654,294,1645040199055
42258637,touchmove,654,299,1645040199068
42258637,touchmove,655,302,1645040199077
42258637,touchmove,655,303,1645040199085
42258637,touchmove,655,304,1645040199094
42258637,touchmove,655,303,1645040199122
42258637,touchmove,655,302,1645040199135
42258637,touchmove,655,300,1645040199144
42258637,touchmove,655,299,1645040199152
42258637,touchmove,655,297,1645040199160
42258637,touchmove,655,296,1645040199169
42258637,touchmove,655,294,1645040199177
42258637,touchmove,654,292,1645040199185
42258637,touchmove,653,290,1645040199194
42258637,touchmove,653,289,1645040199202
42258637,touchmove,651,286,1645040199210
42258637,touchmove,648,283,1645040199219
42258637,touchend,0,0,1645040199222
42258638,touchdown,525,275,1645040199519
42258638,touchmove,529,283,1645040199556
42258638,touchmove,529,285,1645040199569
42258638,touchmove,529,288,1645040199577
42258638,touchmove,529,289,1645040199585
42258638,touchmove,529,290,1645040199594
42258638,touchmove,529,289,1645040199622
42258638,touchmove,529,287,1645040199644
42258638,touchmove,529,285,1645040199652
42258638,touchmove,529,284,1645040199661
42258638,touchmove,529,281,1645040199669
42258638,touchmove,528,279,1645040199677
42258638,touchmove,527,277,1645040199686
42258638,touchmove,525,275,1645040199694
42258638,touchmove,523,274,1645040199702
42258638,touchend,0,0,1645040199706
42258639,touchdown,389,278,1645040200011
42258639,touchmove,394,289,1645040200056
42258639,touchmove,394,291,1645040200069
42258639,touchmove,394,293,1645040200077
42258639,touchmove,394,294,1645040200086
42258639,touchmove,394,292,1645040200119
42258639,touchmove,394,290,1645040200128
42258639,touchmove,394,289,1645040200136
42258639,touchmove,393,287,1645040200144
42258639,touchmove,393,285,1645040200153
42258639,touchmove,392,282,1645040200161
42258639,touchmove,391,280,1645040200169
42258639,touchmove,390,278,1645040200178
42258639,touchmove,387,277,1645040200186
42258639,touchend,0,0,1645040200190
42258640,touchdown,269,280,1645040200503
42258640,touchmove,272,285,1645040200540
42258640,touchmove,272,287,1645040200553
42258640,touchmove,272,289,1645040200561
42258640,touchmove,272,287,1645040200603
42258640,touchmove,272,286,1645040200611
42258640,touchmove,272,285,1645040200628
42258640,touchmove,271,285,1645040200661
42258640,touchend,0,0,1645040200665
42258641,touchdown,255,154,1645040201004
42258641,touchmove,260,157,1645040201048
42258641,touchmove,260,158,1645040201061
42258641,touchmove,261,160,1645040201070
42258641,touchmove,261,161,1645040201078
42258641,touchmove,261,160,1645040201114
42258641,touchmove,261,159,1645040201128
42258641,touchmove,261,158,1645040201136
42258641,touchend,0,0,1645040201157
42258642,touchdown,413,142,1645040201519
42258642,touchmove,417,153,1645040201548
42258642,touchmove,417,156,1645040201561
42258642,touchmove,418,158,1645040201570
42258642,touchmove,418,156,1645040201603
42258642,touchmove,418,154,1645040201612
42258642,touchmove,418,152,1645040201620
42258642,touchmove,418,151,1645040201628
42258642,touchmove,419,151,1645040201637
42258642,touchmove,421,151,1645040201645
42258642,touchmove,423,151,1645040201653
42258642,touchmove,425,151,1645040201662
42258642,touchend,0,0,1645040201665
42258643,touchdown,530,163,1645040201996
42258643,touchmove,532,170,1645040202012
42258643,touchmove,533,173,1645040202020
42258643,touchmove,534,177,1645040202028
42258643,touchmove,534,178,1645040202037
42258643,touchmove,535,179,1645040202045
42258643,touchmove,535,178,1645040202070
42258643,touchmove,535,177,1645040202079
42258643,touchmove,535,175,1645040202087
42258643,touchmove,535,172,1645040202095
42258643,touchmove,534,170,1645040202104
42258643,touchmove,534,168,1645040202112
42258643,touchmove,533,165,1645040202120
42258643,touchmove,533,162,1645040202129
42258643,touchend,0,0,1645040202132
42258644,touchdown,665,134,1645040202488
42258644,touchmove,669,144,1645040202532
42258644,touchmove,669,147,1645040202546
42258644,touchmove,669,149,1645040202554
42258644,touchmove,670,150,1645040202562
42258644,touchmove,670,149,1645040202598
42258644,touchmove,670,148,1645040202612
42258644,touchmove,670,147,1645040202621
42258644,touchmove,670,145,1645040202629
42258644,touchmove,670,143,1645040202637
42258644,touchmove,670,141,1645040202646
42258644,touchmove,670,139,1645040202654
42258644,touchmove,670,137,1645040202662
42258644,touchend,0,0,1645040202666
42258645,touchdown,806,163,1645040202997
42258645,touchmove,810,172,1645040203033
42258645,touchmove,810,175,1645040203046
42258645,touchmove,810,177,1645040203054
42258645,touchmove,811,178,1645040203063
42258645,touchmove,811,177,1645040203091
42258645,touchmove,811,175,1645040203104
42258645,touchmove,811,172,1645040203112
42258645,touchmove,811,170,1645040203121
42258645,touchmove,811,167,1645040203129
42258645,touchmove,811,165,1645040203138
42258645,touchmove,812,162,1645040203146
42258645,touchend,0,0,1645040203150
42258646,touchdown,939,163,1645040203497
42258646,touchmove,942,172,1645040203541
42258646,touchmove,942,175,1645040203554
42258646,touchmove,942,176,1645040203563
42258646,touchmove,942,177,1645040203571
42258646,touchmove,942,176,1645040203591
42258646,touchmove,942,174,1645040203604
42258646,touchmove,942,172,1645040203613
42258646,touchmove,942,169,1645040203621
42258646,touchmove,942,166,1645040203630
42258646,touchmove,941,163,1645040203638
42258646,touchmove,939,161,1645040203646
42258646,touchend,0,0,1645040203650
42258647,touchdown,926,25,1645040203981
42258647,touchmove,929,31,1645040204000
42258647,touchmove,929,35,1645040204013
42258647,touchmove,929,39,1645040204022
42258647,touchmove,929,41,1645040204030
42258647,touchmove,929,43,1645040204038
42258647,touchmove,929,41,1645040204080
42258647,touchmove,929,40,1645040204088
42258647,touchmove,929,39,1645040204096
42258647,touchmove,929,36,1645040204105
42258647,touchmove,929,34,1645040204113
42258647,touchmove,929,31,1645040204121
42258647,touchmove,929,29,1645040204130
42258647,touchmove,927,25,1645040204138
42258647,touchmove,922,22,1645040204146
42258647,touchend,0,0,1645040204150
42258648,touchdown,793,30,1645040204439
42258648,touchmove,794,40,1645040204458
42258648,touchmove,794,44,1645040204471
42258648,touchmove,794,46,1645040204480
42258648,touchmove,794,47,1645040204488
42258648,touchmove,794,48,1645040204496
42258648,touchmove,794,47,1645040204517
42258648,touchmove,794,46,1645040204530
42258648,touchmove,794,45,1645040204538
42258648,touchmove,794,43,1645040204547
42258648,touchmove,794,41,1645040204555
42258648,touchmove,794,40,1645040204563
42258648,touchmove,794,38,1645040204572
42258648,touchmove,794,35,1645040204580
42258648,touchmove,793,33,1645040204588
42258648,touchmove,792,31,1645040204597
42258648,touchmove,789,29,1645040204605
42258648,touchend,0,0,1645040204609
42258649,touchdown,661,19,1645040204898
42258649,touchmove,666,27,1645040204934
42258649,touchmove,666,30,1645040204947
42258649,touchmove,666,31,1645040204955
42258649,touchmove,666,33,1645040204963
42258649,touchmove,666,32,1645040205000
42258649,touchmove,666,30,1645040205014
42258649,touchmove,666,29,1645040205022
42258649,touchmove,666,28,1645040205030
42258649,touchmove,666,26,1645040205039
42258649,touchmove,666,25,1645040205047
42258649,touchmove,665,23,1645040205055
42258649,touchmove,665,21,1645040205064
42258649,touchmove,665,19,1645040205072
42258649,touchmove,663,17,1645040205080
42258649,touchmove,662,15,1645040205089
42258649,touchend,0,0,1645040205092
42258650,touchdown,522,8,1645040205431
42258650,touchmove,525,20,1645040205467
42258650,touchmove,525,22,1645040205481
42258650,touchmove,525,24,1645040205489
42258650,touchmove,525,22,1645040205539
42258650,touchmove,525,21,1645040205547
42258650,touchmove,525,19,1645040205556
42258650,touchmove,525,17,1645040205564
42258650,touchmove,525,15,1645040205572
42258650,touchmove,525,13,1645040205581
42258650,touchmove,525,10,1645040205589
42258650,touchmove,525,8,1645040205597
42258650,touchmove,525,4,1645040205606
42258650,touchend,0,0,1645040205609
42258651,touchdown,398,24,1645040205949
42258651,touchmove,401,35,1645040205984
42258651,touchmove,401,36,1645040205997
42258651,touchmove,401,37,1645040206006
42258651,touchmove,401,36,1645040206034
42258651,touchmove,401,35,1645040206047
42258651,touchmove,401,33,1645040206056
42258651,touchmove,401,31,1645040206064
42258651,touchmove,401,30,1645040206073
42258651,touchmove,401,28,1645040206081
42258651,touchmove,401,26,1645040206089
42258651,touchmove,400,24,1645040206098
42258651,touchmove,399,21,1645040206106
42258651,touchmove,396,18,1645040206114
42258651,touchend,0,0,1645040206118
42258652,touchdown,267,10,1645040206456
42258652,touchmove,270,19,1645040206493
42258652,touchmove,270,21,1645040206506
42258652,touchmove,270,22,1645040206515
42258652,touchmove,270,21,1645040206556
42258652,touchmove,270,19,1645040206564
42258652,touchmove,270,17,1645040206573
42258652,touchmove,270,16,1645040206581
42258652,touchmove,270,15,1645040206590
42258652,touchmove,269,15,1645040206598
42258652,touchend,0,0,1645040206610
42258653,touchdown,258,146,1645040206941
42258653,touchmove,265,154,1645040206985
42258653,touchmove,265,156,1645040206998
42258653,touchmove,265,157,1645040207006
42258653,touchmove,265,156,1645040207043
42258653,touchmove,265,155,1645040207057
42258653,touchmove,265,154,1645040207065
42258653,touchmove,265,153,1645040207073
42258653,touchmove,265,152,1645040207082
42258653,touchmove,265,151,1645040207098
42258653,touchend,0,0,1645040207118
42258654,touchdown,398,147,1645040207408
42258654,touchmove,406,154,1645040207460
42258654,touchmove,406,156,1645040207473
42258654,touchmove,406,157,1645040207482
42258654,touchmove,406,156,1645040207518
42258654,touchmove,405,154,1645040207532
42258654,touchmove,405,153,1645040207540
42258654,touchmove,405,152,1645040207548
42258654,touchmove,405,151,1645040207557
42258654,touchmove,404,150,1645040207565
42258654,touchend,0,0,1645040207569
42258655,touchdown,537,151,1645040207941
42258655,touchmove,542,159,1645040207985
42258655,touchmove,542,161,1645040207999
42258655,touchmove,542,162,1645040208007
42258655,touchmove,542,161,1645040208035
42258655,touchmove,542,160,1645040208049
42258655,touchmove,542,158,1645040208057
42258655,touchmove,541,156,1645040208065
42258655,touchmove,541,155,1645040208074
42258655,touchmove,541,154,1645040208082
42258655,touchmove,542,154,1645040208107
42258655,touchend,0,0,1645040208111
42258656,touchdown,662,157,1645040208457
42258656,touchmove,667,170,1645040208503
42258656,touchmove,667,171,1645040208516
42258656,touchmove,667,170,1645040208544
42258656,touchmove,667,168,1645040208557
42258656,touchmove,667,167,1645040208566
42258656,touchmove,667,165,1645040208574
42258656,touchmove,667,164,1645040208582
42258656,touchmove,667,162,1645040208591
42258656,touchmove,667,161,1645040208599
42258656,touchmove,667,159,1645040208607
42258656,touchmove,667,158,1645040208616
42258656,touchend,0,0,1645040208619
42258657,touchdown,787,162,1645040208959
42258657,touchmove,791,171,1645040208978
42258657,touchmove,791,176,1645040208991
42258657,touchmove,792,179,1645040208999
42258657,touchmove,792,181,1645040209007
42258657,touchmove,793,182,1645040209016
42258657,touchmove,793,181,1645040209041
42258657,touchmove,793,179,1645040209049
42258657,touchmove,793,177,1645040209058
42258657,touchmove,793,175,1645040209066
42258657,touchmove,793,173,1645040209074
42258657,touchmove,793,172,1645040209083
42258657,touchmove,794,172,1645040209091
42258657,touchmove,795,172,1645040209099
42258657,touchmove,797,172,1645040209108
42258657,touchmove,798,173,1645040209116
42258657,touchend,0,0,1645040209119
42258658,touchdown,917,143,1645040209450
42258658,touchmove,921,150,1645040209486
42258658,touchmove,921,153,1645040209500
42258658,touchmove,921,154,1645040209508
42258658,touchmove,921,155,1645040209516
42258658,touchmove,921,156,1645040209525
42258658,touchmove,920,156,1645040209586
42258658,touchmove,919,156,1645040209600
42258658,touchend,0,0,1645040209603
42258659,touchdown,918,283,1645040209950
42258659,touchmove,919,293,1645040209978
42258659,touchmove,919,297,1645040209991
42258659,touchmove,919,299,1645040210000
42258659,touchmove,919,301,1645040210008
42258659,touchmove,919,302,1645040210016
42258659,touchmove,919,300,1645040210045
42258659,touchmove,919,299,1645040210058
42258659,touchmove,919,298,1645040210067
42258659,touchmove,919,295,1645040210075
42258659,touchmove,919,294,1645040210083
42258659,touchmove,919,291,1645040210092
42258659,touchmove,919,290,1645040210100
42258659,touchmove,919,289,1645040210108
42258659,touchmove,917,287,1645040210116
42258659,touchmove,915,286,1645040210125
42258659,touchmove,910,286,1645040210133
42258659,touchend,0,0,1645040210137
42258660,touchdown,783,276,1645040210384
42258660,touchmove,787,286,1645040210420
42258660,touchmove,787,289,1645040210433
42258660,touchmove,787,290,1645040210442
42258660,touchmove,787,289,1645040210500
42258660,touchmove,786,288,1645040210508
42258660,touchmove,786,287,1645040210517
42258660,touchmove,786,286,1645040210525
42258660,touchmove,786,284,1645040210534
42258660,touchmove,785,283,1645040210542
42258660,touchmove,785,282,1645040210550
42258660,touchmove,784,280,1645040210559
42258660,touchmove,784,279,1645040210567
42258660,touchmove,781,277,1645040210575
42258660,touchmove,778,274,1645040210584
42258660,touchmove,770,271,1645040210592
42258660,touchmove,762,270,1645040210600
42258660,touchend,0,0,1645040210604
42258661,touchdown,648,275,1645040210852
42258661,touchmove,650,283,1645040210895
42258661,touchmove,650,286,1645040210909
42258661,touchmove,650,289,1645040210917
42258661,touchmove,650,291,1645040210925
42258661,touchmove,650,292,1645040210934
42258661,touchmove,650,291,1645040210984
42258661,touchmove,650,290,1645040210992
42258661,touchmove,650,288,1645040211000
42258661,touchmove,650,287,1645040211009
42258661,touchmove,650,285,1645040211017
42258661,touchmove,650,283,1645040211025
42258661,touchmove,650,281,1645040211034
42258661,touchmove,650,280,1645040211042
42258661,touchmove,649,278,1645040211050
42258661,touchmove,648,277,1645040211059
42258661,touchmove,645,277,1645040211067
42258661,touchmove,641,277,1645040211075
42258661,touchend,0,0,1645040211079
42258662,touchdown,522,285,1645040211360
42258662,touchmove,525,294,1645040211405
42258662,touchmove,525,299,1645040211426
42258662,touchmove,525,301,1645040211434
42258662,touchmove,525,302,1645040211442
42258662,touchmove,525,303,1645040211451
42258662,touchmove,524,303,1645040211470
42258662,touchmove,524,302,1645040211484
42258662,touchmove,524,300,1645040211492
42258662,touchmove,524,299,1645040211501
42258662,touchmove,524,297,1645040211509
42258662,touchmove,524,295,1645040211517
42258662,touchmove,523,293,1645040211526
42258662,touchmove,523,292,1645040211534
42258662,touchmove,522,290,1645040211542
42258662,touchmove,520,289,1645040211551
42258662,touchmove,517,289,1645040211559
42258662,touchmove,512,289,1645040211567
42258662,touchend,0,0,1645040211571
42258663,touchdown,400,278,1645040211843
42258663,touchmove,404,288,1645040211871
42258663,touchmove,404,292,1645040211884
42258663,touchmove,404,295,1645040211893
42258663,touchmove,404,297,1645040211901
42258663,touchmove,404,295,1645040211951
42258663,touchmove,404,294,1645040211959
42258663,touchmove,404,292,1645040211968
42258663,touchmove,403,290,1645040211976
42258663,touchmove,403,289,1645040211984
42258663,touchmove,403,288,1645040211993
42258663,touchmove,403,286,1645040212001
42258663,touchmove,403,284,1645040212009
42258663,touchmove,402,283,1645040212018
42258663,touchmove,401,283,1645040212034
42258663,touchmove,399,283,1645040212043
42258663,touchend,0,0,1645040212046
42258664,touchdown,264,289,1645040212360
42258664,touchmove,265,303,1645040212396
42258664,touchmove,265,306,1645040212410
42258664,touchmove,266,308,1645040212418
42258664,touchmove,266,309,1645040212426
42258664,touchmove,266,310,1645040212434
42258664,touchmove,266,309,1645040212488
42258664,touchmove,266,308,1645040212501
42258664,touchmove,266,306,1645040212510
42258664,touchmove,265,305,1645040212518
42258664,touchmove,264,304,1645040212526
42258664,touchmove,262,304,1645040212535
42258664,touchmove,258,305,1645040212543
42258664,touchmove,253,310,1645040212551
42258664,touchend,0,0,1645040212555
42258665,touchdown,266,405,1645040212877
42258665,touchmove,273,416,1645040212921
42258665,touchmove,273,418,1645040212935
42258665,touchmove,274,420,1645040212943
42258665,touchmove,274,421,1645040212951
42258665,touchmove,274,420,1645040212980
42258665,touchmove,274,418,1645040213001
42258665,touchmove,274,416,1645040213010
42258665,touchmove,273,415,1645040213018
42258665,touchmove,272,412,1645040213027
42258665,touchmove,271,409,1645040213035
42258665,touchend,0,0,1645040213046
42258665,touchmove,270,407,1645040213043
