42235506,touchdown,268,44,1644687536489
42235506,touchend,0,0,1644687536617
42235507,touchdown,412,38,1644687537164
42235507,touchend,0,0,1644687537292
42235508,touchdown,538,31,1644687537982
42235508,touchend,0,0,1644687538110
42235509,touchdown,670,32,1644687538700
42235509,touchend,0,0,1644687538835
42235510,touchdown,795,35,1644687539458
42235510,touchend,0,0,1644687539610
42235511,touchdown,925,46,1644687540224
42235511,touchend,0,0,1644687540327
42235512,touchdown,922,174,1644687541049
42235512,touchmove,922,184,1644687541178
42235512,touchmove,922,182,1644687541187
42235512,touchmove,922,180,1644687541195
42235512,touchmove,922,177,1644687541203
42235512,touchend,0,0,1644687541212
42235513,touchdown,799,148,1644687541750
42235513,touchmove,799,152,1644687541761
42235513,touchmove,798,155,1644687541767
42235513,touchmove,798,157,1644687541771
42235513,touchmove,798,158,1644687541779
42235513,touchmove,798,156,1644687541862
42235513,touchmove,798,155,1644687541871
42235513,touchmove,798,154,1644687541879
42235513,touchend,0,0,1644687541886
42235514,touchdown,669,157,1644687542542
42235514,touchmove,669,165,1644687542562
42235514,touchmove,669,164,1644687542663
42235514,touchmove,669,163,1644687542671
42235514,touchend,0,0,1644687542679
42235515,touchdown,544,178,1644687543352
42235515,touchmove,545,186,1644687543463
42235515,touchmove,545,184,1644687543471
42235515,touchmove,545,181,1644687543480
42235515,touchend,0,0,1644687543488
42235516,touchdown,424,184,1644687544151
42235516,touchmove,423,186,1644687544221
42235516,touchmove,423,184,1644687544239
42235516,touchmove,423,183,1644687544247
42235516,touchend,0,0,1644687544254
42235517,touchdown,257,170,1644687544885
42235517,touchmove,258,174,1644687544895
42235517,touchmove,258,177,1644687544901
42235517,touchmove,259,179,1644687544905
42235517,touchmove,259,177,1644687544980
42235517,touchmove,259,176,1644687544989
42235517,touchend,0,0,1644687544997
42235518,touchdown,275,271,1644687545545
42235518,touchmove,276,277,1644687545560
42235518,touchmove,276,279,1644687545564
42235518,touchmove,276,280,1644687545572
42235518,touchmove,276,281,1644687545581
42235518,touchmove,276,283,1644687545589
42235518,touchmove,276,284,1644687545606
42235518,touchmove,276,281,1644687545648
42235518,touchmove,276,278,1644687545656
42235518,touchmove,276,275,1644687545664
42235518,touchmove,276,272,1644687545673
42235518,touchend,0,0,1644687545681
42235519,touchdown,411,279,1644687546245
42235519,touchmove,411,283,1644687546256
42235519,touchmove,411,288,1644687546262
42235519,touchmove,411,290,1644687546266
42235519,touchmove,411,291,1644687546273
42235519,touchmove,411,292,1644687546298
42235519,touchmove,411,293,1644687546315
42235519,touchmove,411,291,1644687546355
42235519,touchmove,411,289,1644687546365
42235519,touchmove,411,286,1644687546373
42235519,touchend,0,0,1644687546381
42235520,touchdown,540,280,1644687546979
42235520,touchmove,542,288,1644687547006
42235520,touchmove,542,289,1644687547015
42235520,touchmove,542,290,1644687547023
42235520,touchmove,542,291,1644687547040
42235520,touchmove,542,292,1644687547048
42235520,touchmove,541,292,1644687547082
42235520,touchmove,541,291,1644687547090
42235520,touchmove,541,289,1644687547098
42235520,touchmove,541,286,1644687547107
42235520,touchmove,541,283,1644687547115
42235520,touchmove,540,281,1644687547123
42235520,touchend,0,0,1644687547131
42235521,touchdown,670,284,1644687547713
42235521,touchmove,672,292,1644687547732
42235521,touchmove,672,294,1644687547740
42235521,touchmove,672,295,1644687547749
42235521,touchmove,672,296,1644687547757
42235521,touchmove,672,297,1644687547774
42235521,touchmove,671,297,1644687547799
42235521,touchmove,671,295,1644687547824
42235521,touchmove,671,292,1644687547832
42235521,touchmove,671,289,1644687547841
42235521,touchend,0,0,1644687547849
42235522,touchdown,798,294,1644687548579
42235522,touchmove,799,302,1644687548690
42235522,touchmove,799,300,1644687548699
42235522,touchmove,799,298,1644687548708
42235522,touchmove,799,297,1644687548716
42235522,touchend,0,0,1644687548724
42235523,touchdown,924,310,1644687549281
42235523,touchmove,924,319,1644687549316
42235523,touchmove,924,320,1644687549325
42235523,touchmove,924,321,1644687549333
42235523,touchmove,923,321,1644687549350
42235523,touchmove,922,321,1644687549358
42235523,touchmove,922,320,1644687549400
42235523,touchmove,922,318,1644687549408
42235523,touchmove,922,312,1644687549433
42235523,touchmove,922,315,1644687549425
42235523,touchmove,922,317,1644687549416
42235523,touchmove,922,310,1644687549441
42235523,touchend,0,0,1644687549457
42235523,touchmove,922,307,1644687549450
42235524,touchdown,926,421,1644687550089
42235524,touchmove,930,427,1644687550141
42235524,touchmove,930,428,1644687550150
42235524,touchmove,930,429,1644687550159
42235524,touchmove,930,430,1644687550175
42235524,touchmove,930,429,1644687550284
42235524,touchmove,930,427,1644687550300
42235524,touchmove,930,426,1644687550309
42235524,touchmove,930,425,1644687550317
42235524,touchmove,930,423,1644687550325
42235524,touchend,0,0,1644687550333
42235525,touchdown,800,436,1644687551039
42235525,touchend,0,0,1644687551159
42235526,touchdown,671,433,1644687551665
42235526,touchend,0,0,1644687551834
42235527,touchdown,524,431,1644687552366
42235527,touchmove,525,434,1644687552492
42235527,touchmove,525,432,1644687552501
42235527,touchmove,525,431,1644687552510
42235527,touchmove,525,429,1644687552518
42235527,touchmove,525,427,1644687552527
42235527,touchend,0,0,1644687552534
42235528,touchdown,406,436,1644687553133
42235528,touchmove,406,443,1644687553243
42235528,touchmove,406,442,1644687553252
42235528,touchmove,406,440,1644687553260
42235528,touchmove,406,438,1644687553269
42235528,touchmove,406,437,1644687553277
42235528,touchmove,406,435,1644687553285
42235528,touchend,0,0,1644687553293
42235529,touchdown,281,427,1644687553891
42235529,touchend,0,0,1644687554043
42235530,touchdown,268,533,1644687554584
42235530,touchmove,269,538,1644687554595
42235530,touchmove,269,542,1644687554611
42235530,touchmove,270,544,1644687554628
42235530,touchmove,270,545,1644687554636
42235530,touchmove,270,544,1644687554693
42235530,touchmove,270,543,1644687554703
42235530,touchmove,270,541,1644687554711
42235530,touchmove,270,539,1644687554719
42235530,touchmove,270,536,1644687554728
42235530,touchmove,269,534,1644687554736
42235530,touchend,0,0,1644687554744
42235531,touchdown,413,549,1644687555332
42235531,touchmove,414,556,1644687555369
42235531,touchmove,414,557,1644687555378
42235531,touchmove,414,558,1644687555395
42235531,touchmove,414,557,1644687555453
42235531,touchmove,414,556,1644687555461
42235531,touchmove,414,555,1644687555470
42235531,touchmove,414,553,1644687555478
42235531,touchmove,414,552,1644687555487
42235531,touchmove,414,550,1644687555495
42235531,touchend,0,0,1644687555503
42235532,touchdown,526,544,1644687556099
42235532,touchmove,528,552,1644687556128
42235532,touchmove,528,553,1644687556137
42235532,touchmove,528,554,1644687556145
42235532,touchmove,528,556,1644687556153
42235532,touchmove,528,557,1644687556170
42235532,touchmove,527,557,1644687556178
42235532,touchmove,527,556,1644687556219
42235532,touchmove,527,554,1644687556229
42235532,touchmove,527,552,1644687556237
42235532,touchmove,527,550,1644687556245
42235532,touchmove,527,547,1644687556254
42235532,touchmove,527,544,1644687556262
42235532,touchmove,527,541,1644687556270
42235532,touchend,0,0,1644687556278
42235533,touchdown,655,537,1644687556882
42235533,touchmove,656,541,1644687556892
42235533,touchmove,656,545,1644687556899
42235533,touchmove,656,548,1644687556904
42235533,touchmove,656,549,1644687556912
42235533,touchmove,656,550,1644687556920
42235533,touchmove,656,552,1644687556929
42235533,touchmove,656,553,1644687556937
42235533,touchmove,656,554,1644687556945
42235533,touchmove,656,555,1644687556962
42235533,touchmove,656,556,1644687556979
42235533,touchmove,656,555,1644687557011
42235533,touchmove,656,553,1644687557021
42235533,touchmove,656,550,1644687557029
42235533,touchmove,656,547,1644687557037
42235533,touchmove,656,542,1644687557046
42235533,touchend,0,0,1644687557053
42235534,touchdown,804,542,1644687557600
42235534,touchmove,803,545,1644687557611
42235534,touchmove,803,549,1644687557618
42235534,touchmove,803,552,1644687557621
42235534,touchmove,803,554,1644687557629
42235534,touchmove,803,556,1644687557637
42235534,touchmove,803,557,1644687557646
42235534,touchmove,803,558,1644687557662
42235534,touchmove,803,557,1644687557720
42235534,touchmove,803,556,1644687557729
42235534,touchmove,803,553,1644687557738
42235534,touchmove,803,549,1644687557746
42235534,touchmove,803,545,1644687557754
42235534,touchend,0,0,1644687557762
42235535,touchmove,929,561,1644687558313
42235535,touchmove,929,563,1644687558330
42235535,touchmove,929,562,1644687558321
42235535,touchdown,930,554,1644687558294
42235535,touchmove,929,564,1644687558338
42235535,touchmove,929,565,1644687558346
42235535,touchmove,929,566,1644687558355
42235535,touchmove,929,564,1644687558395
42235535,touchmove,929,557,1644687558413
42235535,touchmove,929,561,1644687558405
42235535,touchmove,929,552,1644687558421
42235535,touchend,0,0,1644687558429
42235536,touchdown,907,561,1644687559193
42235536,touchmove,908,567,1644687559246
42235536,touchmove,908,568,1644687559264
42235536,touchmove,908,565,1644687559322
42235536,touchmove,908,562,1644687559330
42235536,touchend,0,0,1644687559338
42235537,touchdown,784,554,1644687559877
42235537,touchmove,784,562,1644687559897
42235537,touchmove,784,564,1644687559905
42235537,touchmove,784,565,1644687559914
42235537,touchmove,784,566,1644687559922
42235537,touchmove,784,567,1644687559931
42235537,touchmove,784,568,1644687559947
42235537,touchmove,784,569,1644687559964
42235537,touchmove,784,568,1644687560013
42235537,touchmove,784,566,1644687560022
42235537,touchmove,784,563,1644687560031
42235537,touchmove,785,559,1644687560039
42235537,touchmove,785,554,1644687560047
42235537,touchend,0,0,1644687560055
42235538,touchdown,662,554,1644687560629
42235538,touchmove,662,557,1644687560640
42235538,touchmove,662,559,1644687560647
42235538,touchmove,662,560,1644687560656
42235538,touchmove,662,561,1644687560664
42235538,touchmove,662,553,1644687560731
42235538,touchmove,662,549,1644687560739
42235538,touchmove,662,559,1644687560705
42235538,touchmove,662,557,1644687560714
42235538,touchmove,662,546,1644687560748
42235538,touchend,0,0,1644687560755
42235538,touchmove,662,556,1644687560723
42235539,touchdown,525,559,1644687561362
42235539,touchmove,525,563,1644687561455
42235539,touchmove,525,561,1644687561465
42235539,touchmove,525,558,1644687561473
42235539,touchmove,525,556,1644687561481
42235539,touchmove,525,553,1644687561490
42235539,touchend,0,0,1644687561498
42235540,touchdown,397,550,1644687562028
42235540,touchmove,398,556,1644687562042
42235540,touchmove,398,559,1644687562048
42235540,touchmove,398,561,1644687562057
42235540,touchmove,398,563,1644687562065
42235540,touchmove,398,564,1644687562107
42235540,touchmove,399,564,1644687562147
42235540,touchmove,399,563,1644687562157
42235540,touchmove,399,561,1644687562165
42235540,touchmove,399,558,1644687562174
42235540,touchmove,399,555,1644687562182
42235540,touchmove,399,552,1644687562190
42235540,touchmove,399,550,1644687562198
42235540,touchend,0,0,1644687562206
42235541,touchdown,276,560,1644687562780
42235541,touchmove,278,567,1644687562856
42235541,touchmove,278,566,1644687562865
42235541,touchmove,278,563,1644687562874
42235541,touchmove,278,561,1644687562882
42235541,touchmove,277,558,1644687562891
42235541,touchmove,277,556,1644687562899
42235541,touchend,0,0,1644687562907
42235542,touchdown,258,415,1644687563488
42235542,touchmove,259,417,1644687563499
42235542,touchmove,259,421,1644687563505
42235542,touchmove,259,422,1644687563509
42235542,touchmove,259,423,1644687563516
42235542,touchmove,258,423,1644687563532
42235542,touchmove,258,425,1644687563557
42235542,touchmove,258,426,1644687563574
42235542,touchmove,258,424,1644687563607
42235542,touchmove,258,422,1644687563616
42235542,touchmove,259,420,1644687563624
42235542,touchend,0,0,1644687563632
42235543,touchdown,413,421,1644687564238
42235543,touchmove,414,427,1644687564252
42235543,touchmove,414,429,1644687564258
42235543,touchmove,414,430,1644687564266
42235543,touchmove,414,431,1644687564274
42235543,touchmove,414,430,1644687564324
42235543,touchmove,414,429,1644687564333
42235543,touchmove,414,427,1644687564342
42235543,touchmove,414,423,1644687564350
42235543,touchend,0,0,1644687564358
42235544,touchdown,549,413,1644687564963
42235544,touchmove,549,418,1644687564973
42235544,touchmove,549,422,1644687564980
42235544,touchmove,549,423,1644687564983
42235544,touchmove,549,424,1644687564992
42235544,touchmove,549,423,1644687565058
42235544,touchmove,549,422,1644687565067
42235544,touchmove,549,420,1644687565075
42235544,touchmove,550,418,1644687565083
42235544,touchend,0,0,1644687565091
42235545,touchdown,657,427,1644687565681
42235545,touchmove,658,434,1644687565717
42235545,touchmove,658,435,1644687565734
42235545,touchmove,658,436,1644687565742
42235545,touchmove,657,436,1644687565767
42235545,touchmove,657,435,1644687565776
42235545,touchmove,657,433,1644687565784
42235545,touchmove,657,430,1644687565792
42235545,touchmove,657,426,1644687565801
42235545,touchend,0,0,1644687565808
42235546,touchmove,786,420,1644687566424
42235546,touchdown,787,415,1644687566414
42235546,touchmove,786,422,1644687566430
42235546,touchmove,786,424,1644687566442
42235546,touchmove,786,423,1644687566434
42235546,touchmove,786,425,1644687566451
42235546,touchmove,787,425,1644687566459
42235546,touchmove,787,426,1644687566476
42235546,touchmove,787,427,1644687566484
42235546,touchmove,787,425,1644687566525
42235546,touchmove,787,423,1644687566534
42235546,touchmove,787,420,1644687566543
42235546,touchend,0,0,1644687566551
42235547,touchdown,931,441,1644687567206
42235547,touchmove,930,449,1644687567243
42235547,touchmove,930,450,1644687567259
42235547,touchmove,930,448,1644687567301
42235547,touchmove,930,445,1644687567310
42235547,touchmove,930,442,1644687567318
42235547,touchmove,930,439,1644687567326
42235547,touchend,0,0,1644687567334
42235548,touchdown,918,336,1644687568014
42235548,touchmove,917,341,1644687568029
42235548,touchmove,917,342,1644687568035
42235548,touchmove,917,341,1644687568068
42235548,touchmove,917,340,1644687568102
42235548,touchmove,917,338,1644687568110
42235548,touchmove,917,337,1644687568118
42235548,touchmove,917,335,1644687568127
42235548,touchmove,919,332,1644687568135
42235548,touchmove,920,330,1644687568144
42235548,touchend,0,0,1644687568151
42235549,touchdown,795,304,1644687568808
42235549,touchmove,796,313,1644687568827
42235549,touchmove,796,316,1644687568835
42235549,touchmove,796,317,1644687568844
42235549,touchmove,796,318,1644687568852
42235549,touchmove,795,318,1644687568869
42235549,touchmove,794,318,1644687568877
42235549,touchmove,794,316,1644687568894
42235549,touchmove,794,313,1644687568902
42235549,touchmove,794,310,1644687568910
42235549,touchmove,794,307,1644687568919
42235549,touchmove,794,303,1644687568927
42235549,touchend,0,0,1644687568935
42235550,touchdown,659,305,1644687569550
42235550,touchmove,660,308,1644687569560
42235550,touchmove,660,312,1644687569567
42235550,touchmove,660,313,1644687569571
42235550,touchmove,660,314,1644687569577
42235550,touchmove,660,313,1644687569635
42235550,touchmove,660,312,1644687569644
42235550,touchmove,660,311,1644687569653
42235550,touchmove,660,309,1644687569661
42235550,touchmove,660,307,1644687569669
42235550,touchmove,660,304,1644687569678
42235550,touchend,0,0,1644687569686
42235551,touchdown,531,302,1644687570301
42235551,touchmove,532,308,1644687570394
42235551,touchmove,532,306,1644687570403
42235551,touchmove,532,303,1644687570411
42235551,touchmove,533,300,1644687570420
42235551,touchend,0,0,1644687570427
42235552,touchdown,395,300,1644687571051
42235552,touchmove,397,306,1644687571065
42235552,touchmove,397,308,1644687571070
42235552,touchmove,397,309,1644687571078
42235552,touchmove,397,310,1644687571087
42235552,touchmove,397,309,1644687571161
42235552,touchmove,397,308,1644687571170
42235552,touchmove,397,305,1644687571179
42235552,touchmove,397,303,1644687571187
42235552,touchmove,397,300,1644687571195
42235552,touchend,0,0,1644687571203
42235553,touchdown,264,299,1644687571810
42235553,touchmove,262,306,1644687571911
42235553,touchmove,262,304,1644687571921
42235553,touchmove,262,301,1644687571929
42235553,touchmove,262,298,1644687571937
42235553,touchend,0,0,1644687571945
42235554,touchdown,259,185,1644687572502
42235554,touchend,0,0,1644687572612
42235555,touchdown,410,171,1644687573285
42235555,touchend,0,0,1644687573395
42235556,touchdown,547,168,1644687574027
42235556,touchmove,548,171,1644687574038
42235556,touchmove,548,174,1644687574045
42235556,touchmove,548,176,1644687574048
42235556,touchmove,548,177,1644687574072
42235556,touchmove,548,176,1644687574121
42235556,touchmove,548,174,1644687574130
42235556,touchmove,548,172,1644687574139
42235556,touchend,0,0,1644687574146
42235557,touchdown,665,175,1644687574810
42235557,touchmove,665,180,1644687574888
42235557,touchmove,665,178,1644687574897
42235557,touchmove,665,176,1644687574906
42235557,touchmove,665,174,1644687574914
42235557,touchend,0,0,1644687574921
42235558,touchdown,796,176,1644687575511
42235558,touchmove,798,185,1644687575538
42235558,touchmove,798,186,1644687575547
42235558,touchmove,798,187,1644687575556
42235558,touchmove,798,189,1644687575564
42235558,touchmove,798,190,1644687575572
42235558,touchmove,798,191,1644687575581
42235558,touchmove,797,191,1644687575589
42235558,touchmove,797,192,1644687575598
42235558,touchmove,797,191,1644687575647
42235558,touchmove,797,190,1644687575664
42235558,touchmove,797,189,1644687575673
42235558,touchmove,797,188,1644687575689
42235558,touchmove,797,187,1644687575706
42235558,touchmove,797,186,1644687575714
42235558,touchmove,797,185,1644687575723
42235558,touchmove,797,183,1644687575731
42235558,touchmove,797,181,1644687575739
42235558,touchend,0,0,1644687575747
42235559,touchdown,912,187,1644687576270
42235559,touchmove,917,194,1644687576298
42235559,touchmove,917,196,1644687576306
42235559,touchmove,917,198,1644687576315
42235559,touchmove,917,199,1644687576323
42235559,touchmove,916,200,1644687576331
42235559,touchmove,916,201,1644687576340
42235559,touchmove,915,201,1644687576348
42235559,touchmove,915,199,1644687576390
42235559,touchmove,915,196,1644687576398
42235559,touchmove,915,193,1644687576406
42235559,touchmove,915,190,1644687576415
42235559,touchend,0,0,1644687576423
42235560,touchdown,927,77,1644687577043
42235560,touchmove,926,85,1644687577073
42235560,touchmove,926,86,1644687577090
42235560,touchmove,925,86,1644687577115
42235560,touchmove,926,85,1644687577156
42235560,touchmove,926,84,1644687577165
42235560,touchmove,927,82,1644687577174
42235560,touchmove,928,80,1644687577182
42235560,touchmove,930,78,1644687577190
42235560,touchmove,933,74,1644687577199
42235560,touchend,0,0,1644687577207
42235561,touchdown,793,41,1644687577879
42235561,touchend,0,0,1644687578023
42235562,touchdown,662,55,1644687578587
42235562,touchmove,662,60,1644687578699
42235562,touchmove,662,59,1644687578708
42235562,touchmove,662,55,1644687578716
42235562,touchmove,662,52,1644687578724
42235562,touchend,0,0,1644687578732
42235563,touchdown,517,45,1644687579355
42235563,touchmove,519,51,1644687579368
42235563,touchmove,519,53,1644687579375
42235563,touchmove,519,55,1644687579383
42235563,touchmove,519,56,1644687579408
42235563,touchmove,519,57,1644687579425
42235563,touchmove,519,55,1644687579457
42235563,touchmove,519,53,1644687579466
42235563,touchmove,519,49,1644687579475
42235563,touchmove,519,46,1644687579483
42235563,touchend,0,0,1644687579491
42235564,touchmove,422,55,1644687580183
42235564,touchmove,422,53,1644687580192
42235564,touchmove,422,51,1644687580200
42235564,touchmove,422,48,1644687580209
42235564,touchdown,422,50,1644687580098
42235564,touchend,0,0,1644687580216
42235565,touchmove,256,60,1644687580850
42235565,touchdown,256,56,1644687580805
42235565,touchmove,256,61,1644687580867
42235565,touchmove,256,62,1644687580876
42235565,touchmove,256,60,1644687580909
42235565,touchmove,256,57,1644687580917
42235565,touchmove,256,53,1644687580926
42235565,touchend,0,0,1644687580933
42235566,touchdown,272,153,1644687581489
42235566,touchmove,274,162,1644687581499
42235566,touchmove,274,166,1644687581506
42235566,touchmove,275,169,1644687581509
42235566,touchmove,276,171,1644687581517
42235566,touchmove,276,172,1644687581526
42235566,touchmove,276,173,1644687581534
42235566,touchmove,276,174,1644687581542
42235566,touchmove,276,175,1644687581551
42235566,touchmove,276,176,1644687581568
42235566,touchmove,276,175,1644687581600
42235566,touchmove,276,172,1644687581609
42235566,touchmove,276,170,1644687581618
42235566,touchmove,276,166,1644687581626
42235566,touchmove,275,162,1644687581634
42235566,touchend,0,0,1644687581642
42235567,touchdown,402,157,1644687582249
42235567,touchmove,403,161,1644687582259
42235567,touchmove,403,164,1644687582266
42235567,touchmove,403,167,1644687582269
42235567,touchmove,403,168,1644687582276
42235567,touchmove,403,169,1644687582285
42235567,touchmove,403,170,1644687582293
42235567,touchmove,403,171,1644687582301
42235567,touchmove,403,172,1644687582318
42235567,touchmove,403,171,1644687582350
42235567,touchmove,403,167,1644687582360
42235567,touchmove,403,164,1644687582368
42235567,touchend,0,0,1644687582376
42235568,touchdown,547,156,1644687583014
42235568,touchmove,547,165,1644687583025
42235568,touchmove,547,168,1644687583031
42235568,touchmove,548,170,1644687583035
42235568,touchmove,548,172,1644687583043
42235568,touchmove,548,173,1644687583052
42235568,touchmove,548,174,1644687583060
42235568,touchmove,548,175,1644687583068
42235568,touchmove,548,176,1644687583077
42235568,touchmove,548,177,1644687583085
42235568,touchmove,548,176,1644687583135
42235568,touchmove,548,175,1644687583144
42235568,touchmove,548,173,1644687583152
42235568,touchmove,548,172,1644687583160
42235568,touchmove,548,170,1644687583169
42235568,touchmove,548,168,1644687583177
42235568,touchmove,549,167,1644687583185
42235568,touchend,0,0,1644687583193
42235569,touchdown,670,162,1644687583800
42235569,touchmove,674,170,1644687583827
42235569,touchmove,674,172,1644687583835
42235569,touchmove,674,173,1644687583844
42235569,touchmove,674,175,1644687583852
42235569,touchmove,674,176,1644687583860
42235569,touchmove,673,176,1644687583869
42235569,touchmove,672,176,1644687583894
42235569,touchmove,672,173,1644687583902
42235569,touchmove,672,170,1644687583911
42235569,touchmove,672,166,1644687583919
42235569,touchmove,672,165,1644687583927
42235569,touchend,0,0,1644687583935
42235570,touchdown,802,168,1644687584550
42235570,touchmove,805,174,1644687584586
42235570,touchmove,805,175,1644687584594
42235570,touchmove,805,176,1644687584603
42235570,touchmove,805,177,1644687584611
42235570,touchmove,805,178,1644687584619
42235570,touchmove,804,178,1644687584628
42235570,touchmove,804,177,1644687584653
42235570,touchmove,804,176,1644687584661
42235570,touchmove,804,173,1644687584669
42235570,touchmove,804,170,1644687584678
42235570,touchmove,804,167,1644687584686
42235570,touchend,0,0,1644687584694
42235571,touchdown,929,161,1644687585308
42235571,touchmove,930,166,1644687585319
42235571,touchmove,930,168,1644687585326
42235571,touchmove,931,170,1644687585329
42235571,touchmove,931,171,1644687585336
42235571,touchmove,931,172,1644687585345
42235571,touchmove,931,171,1644687585402
42235571,touchmove,931,169,1644687585411
42235571,touchmove,931,167,1644687585420
42235571,touchmove,931,166,1644687585428
42235571,touchend,0,0,1644687585436
42235572,touchdown,931,287,1644687586051
42235572,touchmove,934,294,1644687586070
42235572,touchmove,934,296,1644687586078
42235572,touchmove,934,297,1644687586087
42235572,touchmove,934,298,1644687586095
42235572,touchmove,934,297,1644687586152
42235572,touchmove,934,295,1644687586162
42235572,touchmove,934,292,1644687586170
42235572,touchmove,934,289,1644687586179
42235572,touchend,0,0,1644687586187
42235573,touchdown,793,299,1644687586767
42235573,touchmove,793,303,1644687586795
42235573,touchmove,793,305,1644687586812
42235573,touchmove,793,306,1644687586829
42235573,touchmove,793,304,1644687586862
42235573,touchmove,793,301,1644687586871
42235573,touchmove,793,298,1644687586879
42235573,touchmove,793,293,1644687586887
42235573,touchend,0,0,1644687586895
42235574,touchdown,664,286,1644687587534
42235574,touchmove,665,293,1644687587544
42235574,touchmove,665,297,1644687587551
42235574,touchmove,665,299,1644687587555
42235574,touchmove,665,300,1644687587562
42235574,touchmove,665,301,1644687587571
42235574,touchmove,665,302,1644687587579
42235574,touchmove,664,303,1644687587587
42235574,touchmove,664,304,1644687587604
42235574,touchmove,664,303,1644687587637
42235574,touchmove,664,301,1644687587646
42235574,touchmove,665,298,1644687587654
42235574,touchmove,665,294,1644687587663
42235574,touchmove,665,290,1644687587671
42235574,touchend,0,0,1644687587679
42235575,touchdown,522,292,1644687588252
42235575,touchmove,519,298,1644687588280
42235575,touchmove,519,300,1644687588288
42235575,touchmove,519,301,1644687588296
42235575,touchmove,519,302,1644687588305
42235575,touchmove,520,303,1644687588313
42235575,touchmove,520,304,1644687588322
42235575,touchmove,521,304,1644687588330
42235575,touchmove,521,303,1644687588370
42235575,touchmove,521,301,1644687588380
42235575,touchmove,521,299,1644687588388
42235575,touchmove,521,296,1644687588396
42235575,touchmove,521,293,1644687588405
42235575,touchmove,521,289,1644687588413
42235575,touchend,0,0,1644687588421
42235576,touchdown,402,287,1644687589077
42235576,touchmove,403,292,1644687589087
42235576,touchmove,403,296,1644687589093
42235576,touchmove,403,298,1644687589097
42235576,touchmove,403,300,1644687589105
42235576,touchmove,403,301,1644687589122
42235576,touchmove,403,300,1644687589187
42235576,touchmove,403,298,1644687589197
42235576,touchmove,403,296,1644687589205
42235576,touchmove,403,292,1644687589214
42235576,touchmove,403,289,1644687589222
42235576,touchend,0,0,1644687589230
42235577,touchdown,269,293,1644687589811
42235577,touchmove,271,303,1644687589930
42235577,touchmove,271,302,1644687589939
42235577,touchmove,271,299,1644687589947
42235577,touchmove,271,297,1644687589956
42235577,touchmove,271,294,1644687589964
42235577,touchend,0,0,1644687589972
42235578,touchdown,257,407,1644687590503
42235578,touchmove,259,411,1644687590514
42235578,touchmove,259,416,1644687590520
42235578,touchmove,260,420,1644687590524
42235578,touchmove,261,422,1644687590531
42235578,touchmove,261,423,1644687590539
42235578,touchmove,261,424,1644687590547
42235578,touchmove,261,425,1644687590564
42235578,touchmove,261,424,1644687590630
42235578,touchmove,261,423,1644687590639
42235578,touchmove,261,421,1644687590648
42235578,touchmove,261,420,1644687590656
42235578,touchmove,261,417,1644687590664
42235578,touchmove,260,415,1644687590673
42235578,touchmove,259,411,1644687590681
42235578,touchend,0,0,1644687590689
42235579,touchdown,403,410,1644687591145
42235579,touchmove,403,416,1644687591156
42235579,touchmove,403,419,1644687591163
42235579,touchmove,403,420,1644687591166
42235579,touchmove,403,421,1644687591173
42235579,touchmove,403,423,1644687591181
42235579,touchmove,403,425,1644687591198
42235579,touchmove,403,427,1644687591215
42235579,touchmove,403,428,1644687591231
42235579,touchmove,404,428,1644687591240
42235579,touchmove,404,427,1644687591298
42235579,touchmove,404,426,1644687591306
42235579,touchmove,404,423,1644687591315
42235579,touchmove,404,421,1644687591323
42235579,touchmove,404,417,1644687591332
42235579,touchmove,404,415,1644687591340
42235579,touchend,0,0,1644687591348
42235580,touchdown,531,417,1644687592113
42235580,touchend,0,0,1644687592231
42235581,touchdown,658,412,1644687592811
42235581,touchmove,658,417,1644687592825
42235581,touchmove,658,422,1644687592840
42235581,touchmove,658,423,1644687592849
42235581,touchmove,658,424,1644687592857
42235581,touchmove,658,425,1644687592865
42235581,touchmove,658,422,1644687592932
42235581,touchmove,658,420,1644687592941
42235581,touchmove,658,416,1644687592949
42235581,touchmove,658,412,1644687592957
42235581,touchend,0,0,1644687592966
42235582,touchdown,780,416,1644687593521
42235582,touchmove,784,422,1644687593550
42235582,touchmove,784,423,1644687593558
42235582,touchmove,784,424,1644687593566
42235582,touchmove,784,425,1644687593574
42235582,touchmove,783,425,1644687593591
42235582,touchmove,783,426,1644687593599
42235582,touchmove,783,425,1644687593640
42235582,touchmove,783,423,1644687593649
42235582,touchmove,783,421,1644687593658
42235582,touchmove,783,418,1644687593666
42235582,touchmove,783,415,1644687593674
42235582,touchend,0,0,1644687593682
42235583,touchdown,913,429,1644687594296
42235583,touchmove,916,436,1644687594325
42235583,touchmove,916,437,1644687594333
42235583,touchmove,916,438,1644687594341
42235583,touchmove,916,439,1644687594350
42235583,touchmove,916,437,1644687594399
42235583,touchmove,916,434,1644687594408
42235583,touchmove,915,431,1644687594416
42235583,touchend,0,0,1644687594424
42235584,touchdown,928,528,1644687594996
42235584,touchmove,928,536,1644687595017
42235584,touchmove,928,539,1644687595025
42235584,touchmove,928,541,1644687595033
42235584,touchmove,928,542,1644687595042
42235584,touchmove,928,543,1644687595050
42235584,touchmove,928,544,1644687595059
42235584,touchmove,928,543,1644687595117
42235584,touchmove,928,541,1644687595125
42235584,touchmove,928,539,1644687595134
42235584,touchmove,928,536,1644687595142
42235584,touchmove,928,531,1644687595150
42235584,touchmove,928,528,1644687595159
42235584,touchend,0,0,1644687595166
42235585,touchdown,797,557,1644687595773
42235585,touchmove,798,564,1644687595809
42235585,touchmove,798,565,1644687595817
42235585,touchmove,798,566,1644687595826
42235585,touchmove,798,567,1644687595834
42235585,touchmove,798,568,1644687595859
42235585,touchmove,798,567,1644687595892
42235585,touchmove,798,564,1644687595901
42235585,touchmove,798,562,1644687595909
42235585,touchmove,798,559,1644687595917
42235585,touchmove,798,556,1644687595926
42235585,touchmove,798,552,1644687595934
42235585,touchend,0,0,1644687595942
42235586,touchdown,656,545,1644687596607
42235586,touchmove,657,549,1644687596617
42235586,touchmove,657,552,1644687596624
42235586,touchmove,657,555,1644687596627
42235586,touchmove,657,557,1644687596634
42235586,touchmove,657,558,1644687596643
42235586,touchmove,657,559,1644687596651
42235586,touchmove,657,561,1644687596659
42235586,touchmove,657,562,1644687596685
42235586,touchmove,657,561,1644687596718
42235586,touchmove,657,560,1644687596726
42235586,touchmove,657,558,1644687596734
42235586,touchmove,657,556,1644687596743
42235586,touchmove,657,552,1644687596751
42235586,touchmove,657,547,1644687596759
42235586,touchend,0,0,1644687596768
42235587,touchdown,539,549,1644687597373
42235587,touchmove,540,556,1644687597477
42235587,touchmove,540,554,1644687597485
42235587,touchmove,540,552,1644687597493
42235587,touchmove,540,550,1644687597502
42235587,touchend,0,0,1644687597510
42235588,touchdown,407,558,1644687598074
42235588,touchmove,409,564,1644687598118
42235588,touchmove,409,565,1644687598135
42235588,touchmove,409,563,1644687598177
42235588,touchmove,409,559,1644687598185
42235588,touchmove,409,556,1644687598194
42235588,touchend,0,0,1644687598201
42235589,touchdown,269,552,1644687598775
42235589,touchmove,272,561,1644687598811
42235589,touchmove,272,562,1644687598819
42235589,touchmove,272,561,1644687598860
42235589,touchmove,272,558,1644687598869
42235589,touchmove,272,556,1644687598877
42235589,touchmove,271,553,1644687598886
42235589,touchmove,271,549,1644687598894
42235589,touchend,0,0,1644687598902
42235590,touchdown,262,406,1644687599506
42235590,touchmove,266,409,1644687599594
42235590,touchmove,266,407,1644687599603
42235590,touchmove,266,406,1644687599611
42235590,touchmove,266,405,1644687599619
42235590,touchend,0,0,1644687599627
42235591,touchdown,400,416,1644687600301
42235591,touchend,0,0,1644687600410
42235592,touchdown,523,425,1644687601101
42235592,touchmove,528,432,1644687601136
42235592,touchmove,528,433,1644687601154
42235592,touchmove,528,434,1644687601162
42235592,touchmove,528,435,1644687601187
42235592,touchmove,527,435,1644687601204
42235592,touchmove,527,434,1644687601212
42235592,touchmove,527,432,1644687601220
42235592,touchmove,527,429,1644687601229
42235592,touchmove,527,425,1644687601237
42235592,touchend,0,0,1644687601245
42235593,touchdown,654,428,1644687601851
42235593,touchmove,659,434,1644687601878
42235593,touchmove,659,435,1644687601888
42235593,touchmove,659,436,1644687601896
42235593,touchmove,659,437,1644687601904
42235593,touchmove,659,438,1644687601912
42235593,touchmove,659,439,1644687601921
42235593,touchmove,658,439,1644687601946
42235593,touchmove,658,437,1644687601962
42235593,touchmove,658,435,1644687601971
42235593,touchmove,658,431,1644687601979
42235593,touchmove,658,427,1644687601988
42235593,touchend,0,0,1644687601995
42235594,touchdown,805,427,1644687602542
42235594,touchmove,807,434,1644687602571
42235594,touchmove,807,435,1644687602579
42235594,touchmove,807,436,1644687602596
42235594,touchmove,807,435,1644687602645
42235594,touchmove,807,433,1644687602654
42235594,touchmove,807,430,1644687602663
42235594,touchmove,807,428,1644687602671
42235594,touchmove,807,425,1644687602680
42235594,touchend,0,0,1644687602687
42235595,touchdown,926,432,1644687603302
42235595,touchmove,927,439,1644687603317
42235595,touchmove,927,441,1644687603321
42235595,touchmove,927,444,1644687603330
42235595,touchmove,927,445,1644687603338
42235595,touchmove,927,446,1644687603346
42235595,touchmove,927,447,1644687603363
42235595,touchmove,927,444,1644687603422
42235595,touchmove,927,442,1644687603430
42235595,touchmove,927,439,1644687603438
42235595,touchmove,927,435,1644687603447
42235595,touchend,0,0,1644687603454
42235596,touchdown,920,313,1644687604061
42235596,touchmove,921,321,1644687604080
42235596,touchmove,921,322,1644687604088
42235596,touchmove,921,321,1644687604172
42235596,touchmove,921,320,1644687604180
42235596,touchmove,922,318,1644687604189
42235596,touchmove,925,317,1644687604197
42235596,touchend,0,0,1644687604205
42235597,touchdown,798,309,1644687604828
42235597,touchend,0,0,1644687604963
42235598,touchdown,656,289,1644687605569
42235598,touchmove,656,293,1644687605580
42235598,touchmove,656,295,1644687605586
42235598,touchmove,657,296,1644687605590
42235598,touchmove,657,297,1644687605598
42235598,touchmove,658,297,1644687605614
42235598,touchmove,658,298,1644687605631
42235598,touchmove,658,297,1644687605689
42235598,touchmove,658,295,1644687605698
42235598,touchmove,658,292,1644687605706
42235598,touchend,0,0,1644687605714
42235599,touchdown,512,298,1644687606294
42235599,touchmove,514,304,1644687606309
42235599,touchmove,514,308,1644687606315
42235599,touchmove,514,309,1644687606323
42235599,touchmove,514,310,1644687606331
42235599,touchmove,514,311,1644687606340
42235599,touchmove,514,310,1644687606389
42235599,touchmove,514,308,1644687606398
42235599,touchmove,514,306,1644687606406
42235599,touchmove,514,303,1644687606415
42235599,touchmove,514,299,1644687606423
42235599,touchend,0,0,1644687606431
42235600,touchdown,407,306,1644687607113
42235600,touchmove,408,312,1644687607148
42235600,touchmove,408,313,1644687607157
42235600,touchmove,408,311,1644687607215
42235600,touchmove,408,309,1644687607224
42235600,touchmove,408,306,1644687607232
42235600,touchmove,408,304,1644687607240
42235600,touchend,0,0,1644687607248
42235601,touchdown,266,298,1644687607812
42235601,touchmove,268,306,1644687607832
42235601,touchmove,268,308,1644687607841
42235601,touchmove,268,309,1644687607857
42235601,touchmove,268,308,1644687607898
42235601,touchmove,268,306,1644687607907
42235601,touchmove,267,303,1644687607916
42235601,touchmove,267,299,1644687607924
42235601,touchend,0,0,1644687607932
42235602,touchmove,261,164,1644687608558
42235602,touchmove,261,160,1644687608525
42235602,touchmove,260,164,1644687608566
42235602,touchmove,261,162,1644687608533
42235602,touchdown,257,154,1644687608497
42235602,touchmove,261,163,1644687608541
42235602,touchmove,259,164,1644687608583
42235602,touchmove,259,162,1644687608591
42235602,touchmove,258,158,1644687608599
42235602,touchmove,258,154,1644687608608
42235602,touchmove,258,153,1644687608616
42235602,touchend,0,0,1644687608624
42235603,touchdown,417,172,1644687609305
42235603,touchend,0,0,1644687609399
42235604,touchdown,531,179,1644687610004
42235604,touchmove,533,187,1644687610033
42235604,touchmove,533,188,1644687610042
42235604,touchmove,533,189,1644687610059
42235604,touchmove,533,186,1644687610117
42235604,touchmove,533,184,1644687610125
42235604,touchmove,533,180,1644687610134
42235604,touchmove,533,178,1644687610142
42235604,touchend,0,0,1644687610150
42235605,touchdown,673,168,1644687610722
42235605,touchmove,675,172,1644687610732
42235605,touchmove,675,176,1644687610739
42235605,touchmove,675,179,1644687610743
42235605,touchmove,675,181,1644687610750
42235605,touchmove,675,182,1644687610767
42235605,touchmove,675,180,1644687610826
42235605,touchmove,675,177,1644687610834
42235605,touchmove,675,174,1644687610842
42235605,touchmove,675,171,1644687610851
42235605,touchend,0,0,1644687610858
42235606,touchdown,792,168,1644687611515
42235606,touchmove,796,178,1644687611542
42235606,touchmove,796,179,1644687611551
42235606,touchmove,796,180,1644687611559
42235606,touchmove,795,180,1644687611593
42235606,touchmove,795,179,1644687611609
42235606,touchmove,795,177,1644687611618
42235606,touchmove,795,175,1644687611626
42235606,touchmove,795,172,1644687611634
42235606,touchmove,795,170,1644687611643
42235606,touchend,0,0,1644687611651
42235607,touchdown,935,172,1644687612256
42235607,touchmove,936,180,1644687612293
42235607,touchmove,936,181,1644687612301
42235607,touchmove,936,182,1644687612318
42235607,touchmove,936,181,1644687612359
42235607,touchmove,936,179,1644687612368
42235607,touchmove,936,177,1644687612377
42235607,touchmove,936,173,1644687612393
42235607,touchmove,936,175,1644687612385
42235607,touchend,0,0,1644687612401
42235608,touchdown,923,307,1644687612998
42235608,touchmove,927,316,1644687613035
42235608,touchmove,927,318,1644687613052
42235608,touchmove,927,320,1644687613069
42235608,touchmove,926,320,1644687613094
42235608,touchmove,926,319,1644687613110
42235608,touchmove,926,318,1644687613119
42235608,touchmove,926,316,1644687613127
42235608,touchmove,926,314,1644687613135
42235608,touchmove,926,312,1644687613144
42235608,touchmove,926,309,1644687613152
42235608,touchmove,927,306,1644687613160
42235608,touchmove,927,303,1644687613169
42235608,touchend,0,0,1644687613176
42235609,touchdown,818,295,1644687613807
42235609,touchmove,821,300,1644687613843
42235609,touchmove,821,301,1644687613852
42235609,touchmove,821,302,1644687613861
42235609,touchmove,821,301,1644687613910
42235609,touchmove,821,299,1644687613919
42235609,touchmove,821,298,1644687613927
42235609,touchmove,821,295,1644687613936
42235609,touchmove,821,293,1644687613944
42235609,touchend,0,0,1644687613952
42235610,touchdown,671,293,1644687614599
42235610,touchmove,674,301,1644687614693
42235610,touchmove,674,298,1644687614703
42235610,touchmove,674,295,1644687614711
42235610,touchmove,674,292,1644687614720
42235610,touchend,0,0,1644687614727
42235611,touchdown,526,298,1644687615316
42235611,touchmove,527,304,1644687615419
42235611,touchmove,527,302,1644687615428
42235611,touchmove,527,298,1644687615437
42235611,touchmove,527,295,1644687615445
42235611,touchmove,527,292,1644687615453
42235611,touchend,0,0,1644687615461
42235612,touchdown,413,293,1644687616093
42235612,touchmove,416,296,1644687616103
42235612,touchmove,416,299,1644687616110
42235612,touchmove,417,301,1644687616113
42235612,touchmove,417,302,1644687616120
42235612,touchmove,417,303,1644687616128
42235612,touchmove,417,304,1644687616145
42235612,touchmove,417,303,1644687616186
42235612,touchmove,417,302,1644687616195
42235612,touchmove,417,299,1644687616204
42235612,touchmove,417,297,1644687616212
42235612,touchmove,417,294,1644687616220
42235612,touchend,0,0,1644687616228
42235613,touchdown,268,302,1644687616818
42235613,touchmove,271,308,1644687616854
42235613,touchmove,271,309,1644687616862
42235613,touchmove,271,310,1644687616871
42235613,touchmove,271,311,1644687616887
42235613,touchmove,271,310,1644687616920
42235613,touchmove,271,308,1644687616929
42235613,touchmove,271,304,1644687616937
42235613,touchend,0,0,1644687616945
42235614,touchdown,271,398,1644687617460
42235614,touchmove,273,405,1644687617488
42235614,touchmove,273,407,1644687617496
42235614,touchmove,273,408,1644687617504
42235614,touchmove,273,409,1644687617513
42235614,touchmove,273,410,1644687617521
42235614,touchmove,273,408,1644687617562
42235614,touchmove,272,406,1644687617571
42235614,touchmove,272,404,1644687617579
42235614,touchmove,271,400,1644687617588
42235614,touchmove,271,397,1644687617596
42235614,touchend,0,0,1644687617604
42235615,touchdown,391,406,1644687618127
42235615,touchmove,392,413,1644687618138
42235615,touchmove,393,417,1644687618145
42235615,touchmove,393,420,1644687618148
42235615,touchmove,393,422,1644687618155
42235615,touchmove,394,423,1644687618163
42235615,touchmove,394,424,1644687618171
42235615,touchmove,394,425,1644687618180
42235615,touchmove,394,424,1644687618254
42235615,touchmove,394,418,1644687618288
42235615,touchmove,394,423,1644687618263
42235615,touchmove,394,416,1644687618297
42235615,touchmove,394,412,1644687618305
42235615,touchmove,394,410,1644687618313
42235615,touchmove,394,422,1644687618272
42235615,touchend,0,0,1644687618321
42235615,touchmove,394,420,1644687618280
42235616,touchdown,521,417,1644687619002
42235616,touchmove,523,426,1644687619039
42235616,touchmove,523,429,1644687619055
42235616,touchmove,523,431,1644687619072
42235616,touchmove,523,430,1644687619113
42235616,touchmove,523,428,1644687619122
42235616,touchmove,523,426,1644687619130
42235616,touchmove,523,422,1644687619139
42235616,touchmove,523,418,1644687619147
42235616,touchmove,523,416,1644687619155
42235616,touchend,0,0,1644687619164
42235617,touchdown,656,424,1644687619811
42235617,touchmove,660,430,1644687619838
42235617,touchmove,660,431,1644687619847
42235617,touchmove,660,432,1644687619856
42235617,touchmove,660,433,1644687619864
42235617,touchmove,660,434,1644687619872
42235617,touchmove,660,432,1644687619914
42235617,touchmove,660,429,1644687619922
42235617,touchmove,660,425,1644687619931
42235617,touchend,0,0,1644687619939
42235618,touchdown,805,419,1644687620535
42235618,touchmove,807,425,1644687620556
42235618,touchmove,807,427,1644687620564
42235618,touchmove,807,428,1644687620581
42235618,touchmove,807,427,1644687620622
42235618,touchmove,807,425,1644687620631
42235618,touchmove,807,422,1644687620639
42235618,touchmove,807,420,1644687620648
42235618,touchmove,807,416,1644687620656
42235618,touchend,0,0,1644687620664
42235619,touchdown,921,422,1644687621320
42235619,touchmove,925,430,1644687621356
42235619,touchmove,925,431,1644687621373
42235619,touchmove,924,429,1644687621422
42235619,touchmove,922,426,1644687621432
42235619,touchend,0,0,1644687621439
42235620,touchdown,926,537,1644687622088
42235620,touchmove,927,545,1644687622107
42235620,touchmove,927,547,1644687622115
42235620,touchmove,927,549,1644687622123
42235620,touchmove,927,550,1644687622140
42235620,touchmove,927,551,1644687622157
42235620,touchmove,927,550,1644687622189
42235620,touchmove,927,549,1644687622199
42235620,touchmove,927,546,1644687622207
42235620,touchmove,927,542,1644687622215
42235620,touchmove,927,538,1644687622224
42235620,touchend,0,0,1644687622231
42235621,touchdown,780,557,1644687622855
42235621,touchmove,783,564,1644687622890
42235621,touchmove,783,563,1644687622940
42235621,touchmove,782,560,1644687622949
42235621,touchmove,782,556,1644687622957
42235621,touchmove,781,552,1644687622966
42235621,touchend,0,0,1644687622974
42235622,touchdown,674,551,1644687623572
42235622,touchmove,676,557,1644687623674
42235622,touchmove,676,555,1644687623683
42235622,touchmove,676,552,1644687623691
42235622,touchmove,676,549,1644687623700
42235622,touchmove,676,545,1644687623708
42235622,touchend,0,0,1644687623716
42235623,touchdown,521,551,1644687624296
42235623,touchmove,523,557,1644687624399
42235623,touchmove,523,555,1644687624408
42235623,touchmove,523,552,1644687624417
42235623,touchmove,523,548,1644687624425
42235623,touchend,0,0,1644687624433
42235624,touchdown,394,559,1644687625072
42235624,touchmove,396,564,1644687625087
42235624,touchmove,396,567,1644687625092
42235624,touchmove,396,569,1644687625100
42235624,touchmove,396,570,1644687625109
42235624,touchmove,396,571,1644687625117
42235624,touchmove,397,571,1644687625125
42235624,touchmove,398,571,1644687625159
42235624,touchmove,398,569,1644687625192
42235624,touchmove,398,567,1644687625200
42235624,touchmove,399,564,1644687625209
42235624,touchmove,400,562,1644687625217
42235624,touchmove,402,558,1644687625225
42235624,touchend,0,0,1644687625233
42235625,touchdown,269,553,1644687625822
42235625,touchmove,270,559,1644687625858
42235625,touchmove,270,561,1644687625867
42235625,touchmove,270,559,1644687625926
42235625,touchmove,270,556,1644687625934
42235625,touchmove,270,553,1644687625942
42235625,touchmove,272,548,1644687625951
42235625,touchend,0,0,1644687625960
42235626,touchdown,270,395,1644687626607
42235626,touchmove,270,399,1644687626617
42235626,touchmove,270,402,1644687626623
42235626,touchmove,270,403,1644687626627
42235626,touchmove,270,404,1644687626634
42235626,touchmove,270,405,1644687626659
42235626,touchmove,270,406,1644687626668
42235626,touchmove,270,405,1644687626725
42235626,touchmove,270,403,1644687626735
42235626,touchmove,270,401,1644687626743
42235626,touchmove,271,399,1644687626751
42235626,touchmove,273,396,1644687626760
42235626,touchmove,275,394,1644687626768
42235626,touchend,0,0,1644687626776
42235627,touchdown,394,407,1644687627398
42235627,touchmove,396,413,1644687627408
42235627,touchmove,396,416,1644687627414
42235627,touchmove,396,417,1644687627418
42235627,touchmove,397,418,1644687627426
42235627,touchmove,398,418,1644687627492
42235627,touchmove,398,417,1644687627510
42235627,touchmove,398,415,1644687627518
42235627,touchmove,398,413,1644687627527
42235627,touchend,0,0,1644687627535
42235628,touchdown,545,418,1644687628115
42235628,touchmove,546,425,1644687628152
42235628,touchmove,546,426,1644687628160
42235628,touchmove,546,427,1644687628169
42235628,touchmove,546,426,1644687628218
42235628,touchmove,546,424,1644687628227
42235628,touchmove,546,421,1644687628235
42235628,touchend,0,0,1644687628243
42235629,touchdown,674,402,1644687628875
42235629,touchend,0,0,1644687628985
42235630,touchdown,784,417,1644687629591
42235630,touchmove,788,425,1644687629608
42235630,touchmove,787,421,1644687629601
42235630,touchmove,789,427,1644687629619
42235630,touchmove,789,426,1644687629612
42235630,touchmove,789,425,1644687629711
42235630,touchmove,789,421,1644687629720
42235630,touchmove,789,417,1644687629728
42235630,touchend,0,0,1644687629736
42235631,touchdown,911,427,1644687630340
42235631,touchmove,913,431,1644687630350
42235631,touchmove,913,434,1644687630357
42235631,touchmove,915,435,1644687630361
42235631,touchmove,916,436,1644687630370
42235631,touchmove,917,437,1644687630386
42235631,touchmove,917,438,1644687630403
42235631,touchmove,917,439,1644687630412
42235631,touchmove,917,438,1644687630461
42235631,touchmove,917,435,1644687630470
42235631,touchmove,917,432,1644687630478
42235631,touchend,0,0,1644687630486
42235632,touchdown,906,545,1644687631026
42235632,touchmove,908,555,1644687631054
42235632,touchmove,908,557,1644687631070
42235632,touchmove,908,558,1644687631087
42235632,touchmove,907,558,1644687631104
42235632,touchmove,907,557,1644687631154
42235632,touchmove,907,555,1644687631170
42235632,touchmove,907,554,1644687631179
42235632,touchmove,907,552,1644687631187
42235632,touchmove,907,550,1644687631195
42235632,touchmove,907,547,1644687631204
42235632,touchmove,907,543,1644687631212
42235632,touchmove,907,540,1644687631220
42235632,touchend,0,0,1644687631228
42235633,touchdown,787,538,1644687631842
42235633,touchmove,787,542,1644687631852
42235633,touchmove,787,545,1644687631858
42235633,touchmove,788,547,1644687631862
42235633,touchmove,788,549,1644687631871
42235633,touchmove,788,550,1644687631879
42235633,touchmove,788,551,1644687631887
42235633,touchmove,788,549,1644687631937
42235633,touchmove,788,546,1644687631946
42235633,touchmove,788,542,1644687631954
42235633,touchmove,788,539,1644687631962
42235633,touchend,0,0,1644687631970
42235634,touchdown,663,545,1644687632619
42235634,touchmove,663,552,1644687632646
42235634,touchmove,663,553,1644687632654
42235634,touchmove,663,554,1644687632663
42235634,touchmove,663,555,1644687632680
42235634,touchmove,663,554,1644687632720
42235634,touchmove,663,553,1644687632730
42235634,touchmove,663,550,1644687632738
42235634,touchmove,663,548,1644687632746
42235634,touchmove,663,544,1644687632755
42235634,touchmove,663,542,1644687632763
42235634,touchend,0,0,1644687632771
42235635,touchdown,533,559,1644687633327
42235635,touchmove,535,566,1644687633363
42235635,touchmove,535,567,1644687633372
42235635,touchmove,535,564,1644687633430
42235635,touchmove,535,561,1644687633438
42235635,touchmove,535,557,1644687633447
42235635,touchend,0,0,1644687633454
42235636,touchdown,403,549,1644687634095
42235636,touchmove,404,554,1644687634114
42235636,touchmove,404,556,1644687634122
42235636,touchmove,404,557,1644687634130
42235636,touchmove,404,558,1644687634139
42235636,touchmove,404,556,1644687634189
42235636,touchmove,404,554,1644687634197
42235636,touchmove,404,551,1644687634205
42235636,touchmove,405,547,1644687634214
42235636,touchmove,407,543,1644687634222
42235636,touchend,0,0,1644687634230
42235637,touchdown,272,538,1644687634853
42235637,touchmove,273,545,1644687634888
42235637,touchmove,273,547,1644687634897
42235637,touchmove,273,546,1644687634946
42235637,touchmove,273,543,1644687634956
42235637,touchmove,273,540,1644687634964
42235637,touchmove,273,536,1644687634973
42235637,touchend,0,0,1644687634980
42235638,touchdown,388,539,1644687635520
42235638,touchmove,391,547,1644687635548
42235638,touchmove,391,548,1644687635556
42235638,touchmove,391,549,1644687635564
42235638,touchmove,391,550,1644687635581
42235638,touchmove,391,551,1644687635598
42235638,touchmove,391,550,1644687635630
42235638,touchmove,391,548,1644687635640
42235638,touchmove,390,544,1644687635648
42235638,touchmove,390,540,1644687635656
42235638,touchend,0,0,1644687635664
42235639,touchdown,535,536,1644687636254
42235639,touchmove,538,543,1644687636281
42235639,touchmove,538,544,1644687636290
42235639,touchmove,538,545,1644687636306
42235639,touchmove,538,544,1644687636347
42235639,touchmove,538,542,1644687636357
42235639,touchmove,538,540,1644687636365
42235639,touchmove,538,538,1644687636373
42235639,touchend,0,0,1644687636381
42235640,touchdown,655,535,1644687637088
42235640,touchmove,657,547,1644687637099
42235640,touchmove,657,552,1644687637107
42235640,touchmove,657,554,1644687637115
42235640,touchmove,657,556,1644687637124
42235640,touchmove,657,557,1644687637149
42235640,touchmove,657,556,1644687637198
42235640,touchmove,657,555,1644687637207
42235640,touchmove,657,553,1644687637215
42235640,touchmove,657,552,1644687637224
42235640,touchmove,657,549,1644687637232
42235640,touchmove,657,545,1644687637241
42235640,touchmove,657,541,1644687637249
42235640,touchmove,657,536,1644687637257
42235640,touchend,0,0,1644687637265
42235641,touchdown,776,540,1644687637871
42235641,touchmove,777,548,1644687637898
42235641,touchmove,777,549,1644687637907
42235641,touchmove,777,551,1644687637916
42235641,touchmove,777,552,1644687637924
42235641,touchmove,777,553,1644687637933
42235641,touchmove,777,552,1644687637983
42235641,touchmove,777,549,1644687637991
42235641,touchmove,777,547,1644687637999
42235641,touchmove,777,543,1644687638008
42235641,touchmove,777,540,1644687638016
42235641,touchend,0,0,1644687638024
42235642,touchdown,902,542,1644687638587
42235642,touchmove,908,547,1644687638633
42235642,touchmove,908,548,1644687638641
42235642,touchmove,908,549,1644687638650
42235642,touchmove,908,550,1644687638666
42235642,touchmove,907,550,1644687638691
42235642,touchmove,907,549,1644687638708
42235642,touchmove,907,547,1644687638716
42235642,touchmove,907,544,1644687638725
42235642,touchmove,907,541,1644687638733
42235642,touchmove,907,537,1644687638741
42235642,touchend,0,0,1644687638749
42235643,touchdown,919,427,1644687639314
42235643,touchmove,919,430,1644687639325
42235643,touchmove,919,432,1644687639331
42235643,touchmove,919,434,1644687639335
42235643,touchmove,919,435,1644687639341
42235643,touchmove,919,434,1644687639399
42235643,touchmove,919,433,1644687639408
42235643,touchmove,919,432,1644687639417
42235643,touchmove,919,430,1644687639425
42235643,touchmove,919,428,1644687639433
42235643,touchmove,919,426,1644687639442
42235643,touchend,0,0,1644687639450
42235644,touchdown,892,550,1644687640046
42235644,touchmove,896,558,1644687640067
42235644,touchmove,896,560,1644687640075
42235644,touchmove,896,561,1644687640084
42235644,touchmove,896,563,1644687640092
42235644,touchmove,896,564,1644687640109
42235644,touchmove,896,565,1644687640125
42235644,touchmove,895,565,1644687640142
42235644,touchmove,895,564,1644687640174
42235644,touchmove,895,563,1644687640184
42235644,touchmove,895,560,1644687640192
42235644,touchmove,895,557,1644687640201
42235644,touchmove,895,554,1644687640209
42235644,touchmove,895,549,1644687640217
42235644,touchend,0,0,1644687640225
42235645,touchdown,784,547,1644687640772
42235645,touchmove,787,552,1644687640817
42235645,touchmove,787,553,1644687640826
42235645,touchmove,787,554,1644687640842
42235645,touchmove,787,553,1644687640883
42235645,touchmove,787,551,1644687640893
42235645,touchmove,787,549,1644687640901
42235645,touchmove,787,546,1644687640909
42235645,touchmove,787,543,1644687640918
42235645,touchend,0,0,1644687640925
42235646,touchdown,662,536,1644687641549
42235646,touchmove,663,543,1644687641563
42235646,touchmove,663,546,1644687641568
42235646,touchmove,663,548,1644687641576
42235646,touchmove,663,549,1644687641584
42235646,touchmove,663,550,1644687641593
42235646,touchmove,663,549,1644687641676
42235646,touchmove,663,548,1644687641685
42235646,touchmove,663,545,1644687641693
42235646,touchmove,663,543,1644687641701
42235646,touchmove,663,539,1644687641710
42235646,touchmove,663,535,1644687641718
42235646,touchend,0,0,1644687641726
42235647,touchdown,531,550,1644687642407
42235647,touchmove,532,557,1644687642427
42235647,touchmove,532,559,1644687642435
42235647,touchmove,532,560,1644687642443
42235647,touchmove,532,561,1644687642452
42235647,touchmove,532,562,1644687642460
42235647,touchmove,532,561,1644687642501
42235647,touchmove,532,559,1644687642510
42235647,touchmove,532,556,1644687642518
42235647,touchmove,532,553,1644687642527
42235647,touchmove,532,549,1644687642536
42235647,touchend,0,0,1644687642543
42235648,touchdown,400,555,1644687643125
42235648,touchmove,402,560,1644687643218
42235648,touchmove,402,557,1644687643227
42235648,touchmove,402,553,1644687643235
42235648,touchmove,402,550,1644687643244
42235648,touchend,0,0,1644687643252
42235649,touchdown,266,549,1644687643799
42235649,touchmove,267,556,1644687643835
42235649,touchmove,267,557,1644687643844
42235649,touchmove,267,555,1644687643894
42235649,touchmove,267,552,1644687643902
42235649,touchmove,267,548,1644687643911
42235649,touchend,0,0,1644687643919
42235650,touchdown,265,420,1644687644541
42235650,touchmove,266,423,1644687644619
42235650,touchmove,266,422,1644687644636
42235650,touchmove,266,421,1644687644645
42235650,touchmove,266,419,1644687644653
42235650,touchend,0,0,1644687644661
42235651,touchdown,405,420,1644687645326
42235651,touchmove,406,425,1644687645336
42235651,touchmove,406,427,1644687645343
42235651,touchmove,407,429,1644687645346
42235651,touchmove,408,429,1644687645361
42235651,touchmove,409,429,1644687645386
42235651,touchmove,410,429,1644687645395
42235651,touchmove,410,428,1644687645403
42235651,touchmove,411,428,1644687645412
42235651,touchmove,411,427,1644687645420
42235651,touchmove,411,426,1644687645428
42235651,touchend,0,0,1644687645436
42235652,touchdown,533,415,1644687646059
42235652,touchmove,535,420,1644687646068
42235652,touchmove,535,423,1644687646074
42235652,touchmove,536,424,1644687646079
42235652,touchmove,536,425,1644687646087
42235652,touchmove,536,426,1644687646120
42235652,touchmove,536,425,1644687646170
42235652,touchmove,536,422,1644687646179
42235652,touchmove,536,418,1644687646187
42235652,touchmove,536,416,1644687646196
42235652,touchend,0,0,1644687646203
42235653,touchdown,673,424,1644687646852
42235653,touchmove,675,430,1644687646866
42235653,touchmove,675,432,1644687646871
42235653,touchmove,675,433,1644687646921
42235653,touchmove,675,432,1644687646961
42235653,touchmove,675,429,1644687646971
42235653,touchmove,675,425,1644687646979
42235653,touchend,0,0,1644687646987
42235654,touchdown,790,419,1644687647593
42235654,touchmove,791,425,1644687647687
42235654,touchmove,791,422,1644687647696
42235654,touchmove,791,418,1644687647705
42235654,touchend,0,0,1644687647713
42235655,touchdown,911,422,1644687648377
42235655,touchend,0,0,1644687648487
