42242242,touchdown,917,610,1644706575678
42242242,touchend,0,0,1644706575722
42242243,touchdown,928,444,1644706576062
42242243,touchend,0,0,1644706576139
42242244,touchdown,949,340,1644706576386
42242244,touchmove,945,331,1644706576414
42242244,touchmove,945,321,1644706576427
42242244,touchmove,944,312,1644706576436
42242244,touchmove,944,306,1644706576444
42242244,touchmove,943,300,1644706576452
42242244,touchmove,942,294,1644706576461
42242244,touchmove,941,290,1644706576469
42242244,touchmove,941,288,1644706576477
42242244,touchmove,941,287,1644706576486
42242244,touchmove,940,286,1644706576502
42242244,touchmove,941,286,1644706576547
42242244,touchmove,943,288,1644706576561
42242244,touchend,0,0,1644706576564
42242245,touchdown,927,157,1644706576953
42242245,touchmove,929,162,1644706577014
42242245,touchmove,929,165,1644706577028
42242245,touchend,0,0,1644706577032
42242246,touchdown,926,33,1644706577445
42242246,touchend,0,0,1644706577523
42242247,touchdown,792,44,1644706577987
42242247,touchend,0,0,1644706578056
42242248,touchdown,808,148,1644706578538
42242248,touchmove,809,152,1644706578607
42242248,touchend,0,0,1644706578616
42242249,touchdown,791,293,1644706579005
42242249,touchend,0,0,1644706579091
42242250,touchdown,800,417,1644706579512
42242250,touchend,0,0,1644706579607
42242251,touchdown,801,548,1644706579996
42242251,touchend,0,0,1644706580099
42242252,touchdown,656,556,1644706580513
42242252,touchend,0,0,1644706580616
42242253,touchdown,660,423,1644706581039
42242253,touchend,0,0,1644706581117
42242254,touchdown,667,294,1644706581480
42242254,touchend,0,0,1644706581575
42242255,touchdown,679,157,1644706581997
42242255,touchend,0,0,1644706582067
42242256,touchdown,663,34,1644706582440
42242256,touchend,0,0,1644706582542
42242257,touchdown,539,32,1644706582898
42242257,touchend,0,0,1644706583001
42242258,touchdown,535,157,1644706583440
42242258,touchmove,536,162,1644706583501
42242258,touchmove,536,164,1644706583515
42242258,touchmove,536,166,1644706583523
42242258,touchend,0,0,1644706583526
42242259,touchdown,545,283,1644706583932
42242259,touchend,0,0,1644706584011
42242260,touchdown,541,430,1644706584423
42242260,touchend,0,0,1644706584502
42242261,touchdown,524,552,1644706584916
42242261,touchend,0,0,1644706585011
42242262,touchdown,400,560,1644706585433
42242262,touchend,0,0,1644706585544
42242263,touchdown,407,422,1644706585932
42242263,touchend,0,0,1644706586036
42242264,touchdown,421,289,1644706586426
42242264,touchend,0,0,1644706586503
42242265,touchdown,415,165,1644706586917
42242265,touchend,0,0,1644706587045
42242266,touchdown,400,50,1644706587419
42242266,touchend,0,0,1644706587520
42242267,touchdown,281,41,1644706587935
42242267,touchend,0,0,1644706588004
42242268,touchdown,285,167,1644706588426
42242268,touchmove,288,173,1644706588509
42242268,touchmove,288,175,1644706588517
42242268,touchmove,288,176,1644706588526
42242268,touchend,0,0,1644706588529
42242268,touchmove,288,172,1644706588495
42242269,touchdown,272,293,1644706588876
42242269,touchend,0,0,1644706588971
42242270,touchdown,272,420,1644706589410
42242270,touchend,0,0,1644706589513
42242271,touchdown,265,536,1644706589835
42242271,touchend,0,0,1644706589971
42242272,touchdown,412,543,1644706590402
42242272,touchend,0,0,1644706590505
42242273,touchdown,414,426,1644706590959
42242273,touchend,0,0,1644706591031
42242274,touchdown,424,294,1644706591470
42242274,touchend,0,0,1644706591522
42242275,touchdown,398,162,1644706591953
42242275,touchend,0,0,1644706592039
42242276,touchdown,416,43,1644706592428
42242276,touchend,0,0,1644706592490
42242277,touchdown,553,38,1644706592904
42242277,touchend,0,0,1644706592990
42242278,touchdown,556,170,1644706593478
42242278,touchend,0,0,1644706593523
42242279,touchdown,536,281,1644706593851
42242279,touchend,0,0,1644706593974
42242280,touchdown,524,401,1644706594387
42242280,touchend,0,0,1644706594499
42242281,touchdown,544,561,1644706594987
42242281,touchend,0,0,1644706595049
42242282,touchdown,658,538,1644706595497
42242282,touchend,0,0,1644706595566
42242283,touchdown,673,423,1644706595955
42242283,touchend,0,0,1644706596025
42242284,touchdown,672,299,1644706596430
42242284,touchend,0,0,1644706596508
42242285,touchdown,671,152,1644706596948
42242285,touchend,0,0,1644706597026
42242286,touchdown,676,25,1644706597407
42242286,touchend,0,0,1644706597476
42242287,touchdown,805,35,1644706597891
42242287,touchend,0,0,1644706597976
42242288,touchdown,796,154,1644706598373
42242288,touchend,0,0,1644706598443
42242289,touchdown,798,312,1644706598890
42242289,touchend,0,0,1644706598951
42242290,touchdown,796,435,1644706599357
42242290,touchend,0,0,1644706599444
42242291,touchdown,804,557,1644706599807
42242291,touchend,0,0,1644706599902
42242292,touchdown,927,541,1644706600266
42242292,touchend,0,0,1644706600319
42242293,touchdown,926,416,1644706600682
42242293,touchend,0,0,1644706600769
42242294,touchdown,932,287,1644706601199
42242294,touchend,0,0,1644706601236
42242295,touchdown,926,167,1644706601608
42242295,touchend,0,0,1644706601695
42242296,touchdown,936,59,1644706602025
42242296,touchend,0,0,1644706602095
42242297,touchdown,797,33,1644706602425
42242297,touchend,0,0,1644706602520
42242298,touchdown,805,170,1644706602892
42242298,touchend,0,0,1644706602953
42242299,touchdown,798,296,1644706603376
42242299,touchend,0,0,1644706603454
42242300,touchdown,808,444,1644706603952
42242300,touchend,0,0,1644706603996
42242301,touchdown,785,549,1644706604402
42242301,touchend,0,0,1644706604504
42242302,touchdown,662,542,1644706604928
42242302,touchend,0,0,1644706605021
42242303,touchdown,661,411,1644706605443
42242303,touchend,0,0,1644706605530
42242304,touchdown,679,285,1644706605944
42242304,touchend,0,0,1644706606030
42242305,touchdown,668,176,1644706606469
42242305,touchend,0,0,1644706606564
42242306,touchdown,667,28,1644706606928
42242306,touchend,0,0,1644706607031
42242307,touchdown,536,30,1644706607395
42242307,touchend,0,0,1644706607498
42242308,touchdown,533,166,1644706607929
42242308,touchend,0,0,1644706607990
42242309,touchdown,533,288,1644706608405
42242309,touchend,0,0,1644706608490
42242310,touchdown,543,408,1644706608872
42242310,touchend,0,0,1644706608991
42242311,touchdown,522,563,1644706609422
42242311,touchend,0,0,1644706609507
42242312,touchdown,396,549,1644706609895
42242312,touchend,0,0,1644706610007
42242313,touchdown,410,423,1644706610421
42242313,touchend,0,0,1644706610508
42242314,touchdown,405,280,1644706610923
42242314,touchend,0,0,1644706611008
42242315,touchdown,410,141,1644706611380
42242315,touchend,0,0,1644706611467
42242316,touchdown,396,24,1644706611897
42242316,touchend,0,0,1644706611984
42242317,touchdown,266,17,1644706612448
42242317,touchend,0,0,1644706612534
42242318,touchdown,267,151,1644706612924
42242318,touchend,0,0,1644706613009
42242319,touchdown,276,284,1644706613406
42242319,touchend,0,0,1644706613493
42242320,touchdown,274,419,1644706613932
42242320,touchend,0,0,1644706614018
42242321,touchdown,270,549,1644706614457
42242321,touchend,0,0,1644706614560
42242322,touchdown,276,423,1644706614958
42242322,touchend,0,0,1644706615052
42242323,touchdown,296,286,1644706615466
42242323,touchend,0,0,1644706615561
42242324,touchdown,276,156,1644706615949
42242324,touchend,0,0,1644706616044
42242325,touchdown,271,34,1644706616459
42242325,touchend,0,0,1644706616519
42242326,touchdown,395,17,1644706616917
42242326,touchend,0,0,1644706617020
42242327,touchdown,398,141,1644706617392
42242327,touchend,0,0,1644706617487
42242328,touchdown,414,292,1644706617909
42242328,touchend,0,0,1644706618020
42242329,touchdown,413,430,1644706618491
42242329,touchend,0,0,1644706618579
42242330,touchdown,410,542,1644706618968
42242330,touchend,0,0,1644706619054
42242331,touchdown,516,539,1644706619426
42242331,touchend,0,0,1644706619521
42242332,touchdown,538,432,1644706619960
42242332,touchend,0,0,1644706620046
42242333,touchdown,530,305,1644706620419
42242333,touchend,0,0,1644706620530
42242334,touchdown,543,169,1644706620919
42242334,touchend,0,0,1644706621030
42242335,touchdown,538,22,1644706621420
42242335,touchend,0,0,1644706621497
42242336,touchdown,666,28,1644706621896
42242336,touchend,0,0,1644706621981
42242337,touchdown,654,147,1644706622333
42242337,touchend,0,0,1644706622440
42242338,touchdown,665,269,1644706622878
42242338,touchend,0,0,1644706622981
42242339,touchdown,662,430,1644706623378
42242339,touchend,0,0,1644706623482
42242340,touchdown,672,548,1644706623895
42242340,touchend,0,0,1644706624015
42242341,touchdown,803,557,1644706624371
42242341,touchend,0,0,1644706624474
42242342,touchdown,796,433,1644706624888
42242342,touchend,0,0,1644706624974
42242343,touchdown,794,290,1644706625371
42242343,touchend,0,0,1644706625450
42242344,touchdown,799,165,1644706625813
42242344,touchend,0,0,1644706625908
42242345,touchdown,804,39,1644706626244
42242345,touchend,0,0,1644706626325
42242346,touchdown,917,43,1644706626747
42242346,touchend,0,0,1644706626825
42242347,touchdown,932,148,1644706627180
42242347,touchmove,933,153,1644706627267
42242347,touchend,0,0,1644706627276
42242348,touchdown,931,283,1644706627639
42242348,touchend,0,0,1644706627709
42242349,touchdown,924,422,1644706628089
42242349,touchend,0,0,1644706628176
42242350,touchdown,927,549,1644706628508
42242350,touchend,0,0,1644706628610
42242351,touchdown,939,427,1644706629000
42242351,touchend,0,0,1644706629068
42242352,touchdown,907,290,1644706629424
42242352,touchend,0,0,1644706629519
42242353,touchdown,917,167,1644706629866
42242353,touchend,0,0,1644706629960
42242354,touchdown,926,47,1644706630317
42242354,touchend,0,0,1644706630411
42242355,touchdown,806,37,1644706630751
42242355,touchend,0,0,1644706630853
42242356,touchdown,801,153,1644706631183
42242356,touchend,0,0,1644706631278
42242357,touchdown,796,312,1644706631674
42242357,touchend,0,0,1644706631695
42242358,touchdown,792,416,1644706632043
42242358,touchend,0,0,1644706632128
42242359,touchdown,796,577,1644706632467
42242359,touchend,0,0,1644706632537
42242360,touchdown,684,545,1644706632917
42242360,touchend,0,0,1644706633004
42242361,touchdown,672,427,1644706633401
42242361,touchend,0,0,1644706633487
42242362,touchdown,676,292,1644706633876
42242362,touchend,0,0,1644706633937
42242363,touchdown,665,154,1644706634385
42242363,touchend,0,0,1644706634471
42242364,touchdown,684,41,1644706634911
42242364,touchend,0,0,1644706634988
42242365,touchdown,538,23,1644706635395
42242365,touchend,0,0,1644706635480
42242366,touchdown,535,152,1644706635843
42242366,touchmove,537,158,1644706635947
42242366,touchend,0,0,1644706635956
42242367,touchdown,539,297,1644706636436
42242367,touchend,0,0,1644706636497
42242368,touchdown,524,416,1644706636904
42242368,touchend,0,0,1644706637014
42242369,touchdown,534,544,1644706637446
42242369,touchend,0,0,1644706637540
42242370,touchdown,379,557,1644706637946
42242370,touchend,0,0,1644706638023
42242371,touchdown,400,415,1644706638478
42242371,touchend,0,0,1644706638565
42242372,touchdown,401,282,1644706638963
42242372,touchend,0,0,1644706639049
42242373,touchdown,409,150,1644706639471
42242373,touchend,0,0,1644706639574
42242374,touchdown,405,21,1644706639964
42242374,touchend,0,0,1644706640066
42242375,touchdown,276,30,1644706640547
42242375,touchend,0,0,1644706640625
42242376,touchdown,277,151,1644706640930
42242376,touchmove,277,158,1644706641008
42242376,touchmove,277,160,1644706641021
42242376,touchmove,277,162,1644706641030
42242376,touchmove,277,165,1644706641038
42242376,touchmove,277,168,1644706641046
42242376,touchmove,277,171,1644706641055
42242376,touchend,0,0,1644706641058
42242377,touchdown,279,281,1644706641402
42242377,touchend,0,0,1644706641500
42242378,touchend,0,0,1644706641975
42242378,touchdown,272,424,1644706641881
42242379,touchdown,285,547,1644706642389
42242379,touchend,0,0,1644706642517
42242380,touchdown,266,421,1644706642915
42242380,touchend,0,0,1644706643001
42242381,touchdown,270,275,1644706643423
42242381,touchend,0,0,1644706643509
42242382,touchdown,268,157,1644706643899
42242382,touchend,0,0,1644706643993
42242383,touchdown,283,38,1644706644449
42242383,touchend,0,0,1644706644493
