42242514,touchdown,921,583,1644706903059
42242514,touchend,0,0,1644706903096
42242515,touchdown,931,445,1644706903885
42242515,touchend,0,0,1644706903930
42242516,touchdown,911,286,1644706904693
42242516,touchend,0,0,1644706904772
42242517,touchdown,916,137,1644706905461
42242517,touchmove,913,139,1644706905522
42242517,touchend,0,0,1644706905530
42242518,touchdown,922,45,1644706906252
42242518,touchend,0,0,1644706906306
42242519,touchdown,794,31,1644706906970
42242519,touchend,0,0,1644706907031
42242520,touchdown,784,163,1644706907704
42242520,touchend,0,0,1644706907765
42242521,touchdown,801,299,1644706908463
42242521,touchend,0,0,1644706908532
42242522,touchdown,795,413,1644706909221
42242522,touchend,0,0,1644706909300
42242523,touchdown,785,557,1644706909964
42242523,touchend,0,0,1644706910050
42242524,touchdown,662,569,1644706910764
42242524,touchend,0,0,1644706910833
42242525,touchdown,662,443,1644706911448
42242525,touchmove,658,448,1644706911517
42242525,touchend,0,0,1644706911526
42242526,touchdown,661,292,1644706912181
42242526,touchmove,662,299,1644706912242
42242526,touchmove,663,304,1644706912256
42242526,touchmove,665,309,1644706912264
42242526,touchend,0,0,1644706912268
42242527,touchdown,648,173,1644706912932
42242527,touchend,0,0,1644706913001
42242528,touchdown,651,60,1644706913699
42242528,touchend,0,0,1644706913777
42242529,touchdown,522,35,1644706914450
42242529,touchend,0,0,1644706914527
42242530,touchdown,550,156,1644706915192
42242530,touchmove,550,161,1644706915252
42242530,touchmove,551,165,1644706915266
42242530,touchend,0,0,1644706915269
42242531,touchdown,525,311,1644706915967
42242531,touchend,0,0,1644706916028
42242532,touchdown,518,410,1644706916692
42242532,touchend,0,0,1644706916778
42242533,touchdown,518,554,1644706917459
42242533,touchend,0,0,1644706917537
42242534,touchend,0,0,1644706918279
42242534,touchdown,404,564,1644706918202
42242535,touchdown,397,448,1644706919002
42242535,touchend,0,0,1644706919055
42242536,touchdown,399,309,1644706919677
42242536,touchend,0,0,1644706919756
42242537,touchdown,385,172,1644706920453
42242537,touchmove,383,173,1644706920514
42242537,touchmove,383,177,1644706920527
42242537,touchmove,383,181,1644706920535
42242537,touchend,0,0,1644706920539
42242538,touchdown,387,33,1644706921161
42242538,touchmove,386,31,1644706921222
42242538,touchmove,386,35,1644706921236
42242538,touchend,0,0,1644706921239
42242539,touchdown,267,53,1644706921904
42242539,touchend,0,0,1644706921964
42242540,touchdown,285,184,1644706922699
42242540,touchend,0,0,1644706922740
42242541,touchdown,280,300,1644706923405
42242541,touchend,0,0,1644706923449
42242542,touchdown,272,434,1644706924097
42242542,touchend,0,0,1644706924157
42242543,touchdown,266,561,1644706924914
42242543,touchend,0,0,1644706924966
42242544,touchdown,272,425,1644706925589
42242544,touchend,0,0,1644706925667
42242545,touchdown,263,294,1644706926339
42242545,touchend,0,0,1644706926418
42242546,touchdown,276,195,1644706927115
42242546,touchend,0,0,1644706927176
42242547,touchdown,261,64,1644706927815
42242547,touchend,0,0,1644706927876
42242548,touchdown,406,40,1644706928599
42242548,touchend,0,0,1644706928652
42242549,touchdown,403,144,1644706929382
42242549,touchmove,410,153,1644706929449
42242549,touchmove,407,150,1644706929436
42242549,touchend,0,0,1644706929452
42242550,touchdown,396,294,1644706930167
42242550,touchend,0,0,1644706930228
42242551,touchdown,398,437,1644706930925
42242551,touchend,0,0,1644706930995
42242552,touchdown,381,548,1644706931684
42242552,touchend,0,0,1644706931770
42242553,touchdown,533,543,1644706932409
42242553,touchend,0,0,1644706932496
42242554,touchdown,542,435,1644706933202
42242554,touchend,0,0,1644706933246
42242555,touchdown,529,307,1644706933911
42242555,touchend,0,0,1644706933980
42242556,touchdown,518,180,1644706934636
42242556,touchend,0,0,1644706934722
42242557,touchdown,541,46,1644706935403
42242557,touchend,0,0,1644706935472
42242558,touchdown,676,46,1644706936087
42242558,touchend,0,0,1644706936172
42242559,touchdown,675,163,1644706936920
42242559,touchend,0,0,1644706936989
42242560,touchdown,665,286,1644706937687
42242560,touchend,0,0,1644706937748
42242561,touchdown,668,444,1644706938363
42242561,touchend,0,0,1644706938432
42242562,touchdown,661,544,1644706939155
42242562,touchend,0,0,1644706939224
42242563,touchdown,808,558,1644706939872
42242563,touchend,0,0,1644706939958
42242564,touchdown,774,458,1644706940697
42242564,touchend,0,0,1644706940750
42242565,touchdown,798,298,1644706941389
42242565,touchend,0,0,1644706941451
42242566,touchdown,795,171,1644706942149
42242566,touchmove,786,171,1644706942226
42242566,touchend,0,0,1644706942235
42242567,touchdown,794,61,1644706942940
42242567,touchend,0,0,1644706942993
42242568,touchdown,918,38,1644706943617
42242568,touchend,0,0,1644706943693
42242569,touchdown,913,175,1644706944333
42242569,touchend,0,0,1644706944419
42242570,touchdown,913,290,1644706945183
42242570,touchend,0,0,1644706945261
42242571,touchdown,922,422,1644706945951
42242571,touchend,0,0,1644706946011
42242572,touchdown,920,540,1644706946642
42242572,touchmove,919,544,1644706946720
42242572,touchmove,919,547,1644706946733
42242572,touchmove,919,550,1644706946742
42242572,touchend,0,0,1644706946745
42242573,touchdown,909,431,1644706947408
42242573,touchmove,908,435,1644706947454
42242573,touchmove,908,440,1644706947467
42242573,touchend,0,0,1644706947471
42242574,touchdown,937,299,1644706948150
42242574,touchend,0,0,1644706948213
42242575,touchdown,917,176,1644706948893
42242575,touchend,0,0,1644706948954
42242576,touchdown,911,60,1644706949627
42242576,touchend,0,0,1644706949688
42242577,touchdown,805,67,1644706950419
42242577,touchend,0,0,1644706950464
42242578,touchdown,784,173,1644706951154
42242578,touchend,0,0,1644706951206
42242579,touchdown,802,310,1644706951903
42242579,touchend,0,0,1644706951965
42242580,touchdown,795,482,1644706952688
42242580,touchend,0,0,1644706952723
42242581,touchdown,784,575,1644706953404
42242581,touchend,0,0,1644706953465
42242582,touchdown,670,554,1644706954088
42242582,touchend,0,0,1644706954166
42242583,touchdown,665,431,1644706954846
42242583,touchend,0,0,1644706954916
42242584,touchdown,677,295,1644706955631
42242584,touchend,0,0,1644706955700
42242585,touchdown,659,181,1644706956390
42242585,touchend,0,0,1644706956450
42242586,touchdown,647,52,1644706957098
42242586,touchend,0,0,1644706957168
42242587,touchdown,536,41,1644706957915
42242587,touchend,0,0,1644706957968
42242588,touchdown,529,159,1644706958674
42242588,touchmove,531,165,1644706958718
42242588,touchmove,533,166,1644706958731
42242588,touchend,0,0,1644706958735
42242589,touchdown,528,324,1644706959408
42242589,touchend,0,0,1644706959460
42242590,touchdown,514,419,1644706960150
42242590,touchend,0,0,1644706960228
42242591,touchdown,538,551,1644706960908
42242591,touchend,0,0,1644706960986
42242592,touchdown,387,549,1644706961717
42242592,touchend,0,0,1644706961787
42242593,touchdown,392,445,1644706962460
42242593,touchend,0,0,1644706962520
42242594,touchdown,403,316,1644706963144
42242594,touchend,0,0,1644706963204
42242595,touchdown,402,157,1644706963894
42242595,touchmove,401,160,1644706963954
42242595,touchend,0,0,1644706963963
42242596,touchdown,416,50,1644706964635
42242596,touchend,0,0,1644706964697
42242597,touchdown,273,48,1644706965386
42242597,touchend,0,0,1644706965439
42242598,touchdown,270,150,1644706966136
42242598,touchmove,270,158,1644706966198
42242598,touchend,0,0,1644706966207
42242599,touchdown,273,291,1644706966929
42242599,touchend,0,0,1644706966990
42242600,touchdown,273,429,1644706967704
42242600,touchend,0,0,1644706967757
42242601,touchdown,274,558,1644706968472
42242601,touchend,0,0,1644706968532
42242602,touchdown,276,409,1644706969155
42242602,touchend,0,0,1644706969233
42242603,touchdown,260,299,1644706969905
42242603,touchend,0,0,1644706969991
42242604,touchdown,269,176,1644706970639
42242604,touchend,0,0,1644706970708
42242605,touchdown,260,66,1644706971398
42242605,touchend,0,0,1644706971467
42242606,touchdown,376,44,1644706972090
42242606,touchend,0,0,1644706972168
42242607,touchdown,414,156,1644706972873
42242607,touchmove,416,163,1644706972934
42242607,touchmove,416,166,1644706972948
42242607,touchend,0,0,1644706972951
42242608,touchdown,407,295,1644706973699
42242608,touchend,0,0,1644706973768
42242609,touchdown,396,440,1644706974476
42242609,touchend,0,0,1644706974519
42242610,touchdown,388,561,1644706975167
42242610,touchend,0,0,1644706975228
42242611,touchdown,528,549,1644706975900
42242611,touchend,0,0,1644706975978
42242612,touchdown,534,416,1644706976642
42242612,touchend,0,0,1644706976711
42242613,touchdown,536,303,1644706977442
42242613,touchend,0,0,1644706977504
42242614,touchdown,529,171,1644706978142
42242614,touchend,0,0,1644706978221
42242615,touchdown,510,36,1644706978877
42242615,touchend,0,0,1644706978955
42242616,touchdown,657,34,1644706979594
42242616,touchend,0,0,1644706979680
42242617,touchdown,668,165,1644706980378
42242617,touchmove,669,170,1644706980439
42242617,touchend,0,0,1644706980447
42242618,touchdown,684,313,1644706981185
42242618,touchend,0,0,1644706981247
42242619,touchdown,665,397,1644706981888
42242619,touchend,0,0,1644706981965
42242620,touchdown,661,580,1644706982671
42242620,touchend,0,0,1644706982732
42242621,touchdown,802,566,1644706983396
42242621,touchend,0,0,1644706983482
42242622,touchdown,806,413,1644706984138
42242622,touchend,0,0,1644706984241
42242623,touchdown,805,267,1644706984890
42242623,touchend,0,0,1644706984966
42242624,touchdown,781,147,1644706985639
42242624,touchend,0,0,1644706985717
42242625,touchdown,779,55,1644706986380
42242625,touchend,0,0,1644706986450
42242626,touchdown,903,43,1644706987081
42242626,touchend,0,0,1644706987176
42242627,touchdown,917,152,1644706987857
42242627,touchmove,915,161,1644706987926
42242627,touchmove,915,164,1644706987939
42242627,touchend,0,0,1644706987943
42242628,touchdown,921,303,1644706988657
42242628,touchend,0,0,1644706988718
42242629,touchdown,910,424,1644706989441
42242629,touchend,0,0,1644706989519
42242630,touchdown,910,566,1644706990217
42242630,touchend,0,0,1644706990278
42242631,touchdown,910,435,1644706990926
42242631,touchend,0,0,1644706991011
42242632,touchdown,921,294,1644706991709
42242632,touchend,0,0,1644706991778
42242633,touchdown,903,175,1644706992376
42242633,touchend,0,0,1644706992454
42242634,touchdown,934,54,1644706993143
42242634,touchend,0,0,1644706993221
42242635,touchdown,792,40,1644706993835
42242635,touchend,0,0,1644706993913
42242636,touchdown,788,177,1644706994685
42242636,touchend,0,0,1644706994705
42242637,touchdown,787,276,1644706995377
42242637,touchend,0,0,1644706995464
42242638,touchdown,774,408,1644706996128
42242638,touchend,0,0,1644706996222
42242639,touchdown,784,547,1644706996871
42242639,touchend,0,0,1644706996965
42242640,touchdown,675,575,1644706997679
42242640,touchend,0,0,1644706997740
42242641,touchdown,655,444,1644706998355
42242641,touchend,0,0,1644706998457
42242642,touchdown,672,280,1644706999113
42242642,touchend,0,0,1644706999199
42242643,touchdown,664,142,1644706999880
42242643,touchend,0,0,1644706999958
42242644,touchdown,667,57,1644707000639
42242644,touchend,0,0,1644707000717
42242645,touchdown,535,52,1644707001398
42242645,touchend,0,0,1644707001467
42242646,touchdown,520,173,1644707002131
42242646,touchend,0,0,1644707002201
42242647,touchdown,522,317,1644707002948
42242647,touchend,0,0,1644707002993
42242648,touchdown,517,442,1644707003649
42242648,touchend,0,0,1644707003718
42242649,touchdown,542,548,1644707004398
42242649,touchend,0,0,1644707004477
42242650,touchdown,394,541,1644707005175
42242650,touchend,0,0,1644707005244
42242651,touchdown,397,441,1644707006017
42242651,touchend,0,0,1644707006069
42242652,touchdown,397,283,1644707006700
42242652,touchend,0,0,1644707006770
42242653,touchdown,394,160,1644707007451
42242653,touchmove,392,163,1644707007512
42242653,touchmove,392,166,1644707007525
42242653,touchmove,392,168,1644707007534
42242653,touchend,0,0,1644707007538
42242654,touchdown,407,26,1644707008202
42242654,touchend,0,0,1644707008280
42242655,touchdown,279,41,1644707008918
42242655,touchend,0,0,1644707008971
42242656,touchdown,266,156,1644707009677
42242656,touchend,0,0,1644707009738
42242657,touchdown,282,306,1644707010411
42242657,touchend,0,0,1644707010472
42242658,touchdown,249,541,1644707011853
42242658,touchend,0,0,1644707011939
42242659,touchdown,279,427,1644707012712
42242659,touchend,0,0,1644707012791
42242660,touchdown,269,307,1644707013421
42242660,touchend,0,0,1644707013499
42242661,touchdown,267,159,1644707014163
42242661,touchmove,265,165,1644707014216
42242661,touchmove,265,168,1644707014229
42242661,touchmove,265,172,1644707014237
42242661,touchend,0,0,1644707014241
42242662,touchdown,271,60,1644707014923
42242662,touchend,0,0,1644707014983
42242663,touchdown,407,36,1644707015664
42242663,touchend,0,0,1644707015750
42242664,touchdown,396,162,1644707016415
42242664,touchend,0,0,1644707016484
42242665,touchdown,397,289,1644707017181
42242665,touchend,0,0,1644707017276
42242666,touchdown,399,405,1644707017958
42242666,touchend,0,0,1644707018043
42242667,touchdown,370,561,1644707018699
42242667,touchend,0,0,1644707018777
42242668,touchdown,521,559,1644707019424
42242668,touchend,0,0,1644707019503
42242669,touchdown,523,419,1644707020217
42242669,touchend,0,0,1644707020295
42242670,touchdown,515,287,1644707020960
42242670,touchend,0,0,1644707021045
