42262364,touchdown,921,571,1645222742096
42262364,touchend,0,0,1645222742215
42262365,touchdown,790,554,1645222742468
42262365,touchmove,787,559,1645222742549
42262365,touchmove,787,558,1645222742562
42262365,touchmove,787,556,1645222742570
42262365,touchmove,787,554,1645222742578
42262365,touchend,0,0,1645222742583
42262366,touchdown,662,562,1645222742929
42262366,touchend,0,0,1645222743041
42262367,touchdown,533,556,1645222743464
42262367,touchend,0,0,1645222743574
42262368,touchdown,393,559,1645222743947
42262368,touchend,0,0,1645222744049
42262369,touchdown,267,556,1645222744430
42262369,touchend,0,0,1645222744541
42262370,touchdown,261,428,1645222744963
42262370,touchend,0,0,1645222745066
42262371,touchdown,397,420,1645222745398
42262371,touchend,0,0,1645222745533
42262372,touchdown,523,416,1645222745856
42262372,touchend,0,0,1645222746000
42262373,touchdown,649,415,1645222746364
42262373,touchend,0,0,1645222746501
42262374,touchdown,781,421,1645222746836
42262374,touchmove,782,428,1645222746901
42262374,touchmove,782,429,1645222746914
42262374,touchmove,782,430,1645222746922
42262374,touchmove,781,430,1645222746931
42262374,touchmove,780,430,1645222746981
42262374,touchmove,780,428,1645222747006
42262374,touchmove,780,425,1645222747031
42262374,touchmove,780,426,1645222747023
42262374,touchmove,780,427,1645222747014
42262374,touchmove,780,429,1645222746997
42262374,touchmove,781,423,1645222747039
42262374,touchmove,782,423,1645222747048
42262374,touchend,0,0,1645222747051
42262375,touchdown,898,425,1645222747278
42262375,touchend,0,0,1645222747534
42262376,touchdown,921,322,1645222747884
42262376,touchend,0,0,1645222748060
42262377,touchdown,788,305,1645222748407
42262377,touchend,0,0,1645222748560
42262378,touchdown,662,288,1645222748899
42262378,touchend,0,0,1645222749027
42262379,touchdown,524,289,1645222749347
42262379,touchend,0,0,1645222749511
42262380,touchdown,412,289,1645222749882
42262380,touchend,0,0,1645222750036
42262381,touchdown,286,290,1645222750409
42262381,touchmove,287,297,1645222750461
42262381,touchmove,287,298,1645222750483
42262381,touchmove,287,297,1645222750519
42262381,touchmove,286,296,1645222750533
42262381,touchmove,286,294,1645222750541
42262381,touchmove,286,290,1645222750550
42262381,touchend,0,0,1645222750553
42262382,touchdown,272,169,1645222750917
42262382,touchmove,274,178,1645222750961
42262382,touchmove,274,176,1645222751050
42262382,touchmove,274,175,1645222751058
42262382,touchmove,274,174,1645222751066
42262382,touchmove,274,173,1645222751075
42262382,touchend,0,0,1645222751078
42262383,touchdown,405,156,1645222751331
42262383,touchend,0,0,1645222751545
42262384,touchdown,519,162,1645222751773
42262384,touchmove,519,165,1645222751787
42262384,touchmove,519,168,1645222751792
42262384,touchmove,519,171,1645222751800
42262384,touchmove,519,174,1645222751809
42262384,touchmove,519,176,1645222751817
42262384,touchmove,519,177,1645222751825
42262384,touchmove,519,178,1645222751833
42262384,touchmove,519,179,1645222751850
42262384,touchmove,519,178,1645222751895
42262384,touchmove,519,177,1645222751909
42262384,touchmove,519,176,1645222751925
42262384,touchmove,519,175,1645222751934
42262384,touchmove,519,174,1645222751942
42262384,touchmove,519,173,1645222751950
42262384,touchmove,519,172,1645222751959
42262384,touchmove,519,171,1645222751967
42262384,touchmove,519,169,1645222751975
42262384,touchmove,519,168,1645222751984
42262384,touchmove,519,167,1645222751992
42262384,touchend,0,0,1645222751996
42262385,touchmove,658,158,1645222752287
42262385,touchmove,658,163,1645222752292
42262385,touchdown,658,151,1645222752273
42262385,touchmove,658,166,1645222752300
42262385,touchmove,658,167,1645222752309
42262385,touchmove,658,168,1645222752354
42262385,touchmove,658,169,1645222752392
42262385,touchmove,658,168,1645222752467
42262385,touchmove,658,167,1645222752476
42262385,touchmove,658,165,1645222752484
42262385,touchmove,658,164,1645222752492
42262385,touchmove,658,163,1645222752501
42262385,touchmove,658,162,1645222752509
42262385,touchmove,658,161,1645222752517
42262385,touchend,0,0,1645222752522
42262386,touchdown,780,163,1645222752749
42262386,touchmove,779,169,1645222752767
42262386,touchmove,779,172,1645222752776
42262386,touchmove,779,174,1645222752784
42262386,touchmove,779,176,1645222752792
42262386,touchmove,779,177,1645222752801
42262386,touchmove,779,176,1645222752892
42262386,touchmove,779,175,1645222752918
42262386,touchmove,779,172,1645222752959
42262386,touchmove,779,173,1645222752951
42262386,touchmove,779,174,1645222752934
42262386,touchmove,779,171,1645222752968
42262386,touchmove,779,169,1645222752976
42262386,touchmove,779,168,1645222752984
42262386,touchmove,780,167,1645222752993
42262386,touchend,0,0,1645222752996
42262387,touchdown,916,151,1645222753257
42262387,touchmove,917,158,1645222753276
42262387,touchmove,917,154,1645222753271
42262387,touchmove,917,160,1645222753284
42262387,touchmove,917,162,1645222753301
42262387,touchmove,917,161,1645222753293
42262387,touchmove,917,163,1645222753309
42262387,touchmove,917,164,1645222753318
42262387,touchmove,916,165,1645222753326
42262387,touchmove,916,167,1645222753351
42262387,touchmove,916,166,1645222753343
42262387,touchmove,915,168,1645222753368
42262387,touchmove,915,169,1645222753384
42262387,touchmove,915,170,1645222753401
42262387,touchmove,914,170,1645222753409
42262387,touchmove,913,170,1645222753446
42262387,touchmove,913,169,1645222753468
42262387,touchmove,913,167,1645222753476
42262387,touchmove,913,164,1645222753485
42262387,touchmove,913,161,1645222753493
42262387,touchmove,913,156,1645222753501
42262387,touchend,0,0,1645222753505
42262388,touchdown,912,39,1645222753852
42262388,touchmove,908,49,1645222753896
42262388,touchmove,908,50,1645222753938
42262388,touchmove,908,48,1645222754060
42262388,touchmove,908,47,1645222754068
42262388,touchmove,908,45,1645222754076
42262388,touchmove,908,44,1645222754085
42262388,touchend,0,0,1645222754088
42262389,touchdown,792,27,1645222754353
42262389,touchmove,792,37,1645222754388
42262389,touchmove,792,38,1645222754402
42262389,touchmove,792,39,1645222754410
42262389,touchmove,792,40,1645222754418
42262389,touchmove,791,40,1645222754468
42262389,touchmove,790,40,1645222754502
42262389,touchmove,790,39,1645222754543
42262389,touchmove,790,37,1645222754552
42262389,touchmove,790,35,1645222754560
42262389,touchmove,790,33,1645222754568
42262389,touchmove,789,31,1645222754577
42262389,touchend,0,0,1645222754580
42262390,touchdown,662,41,1645222754842
42262390,touchmove,663,48,1645222754889
42262390,touchmove,663,50,1645222754910
42262390,touchmove,663,51,1645222754927
42262390,touchmove,663,49,1645222754902
42262390,touchmove,663,50,1645222755027
42262390,touchmove,663,48,1645222755035
42262390,touchmove,663,46,1645222755044
42262390,touchmove,663,45,1645222755052
42262390,touchmove,663,44,1645222755060
42262390,touchmove,663,43,1645222755069
42262390,touchend,0,0,1645222755072
42262391,touchdown,522,34,1645222755368
42262391,touchmove,519,42,1645222755406
42262391,touchmove,519,43,1645222755419
42262391,touchmove,519,44,1645222755444
42262391,touchmove,519,45,1645222755502
42262391,touchmove,519,44,1645222755561
42262391,touchmove,519,43,1645222755569
42262391,touchmove,519,41,1645222755577
42262391,touchmove,519,40,1645222755586
42262391,touchmove,519,38,1645222755594
42262391,touchmove,519,36,1645222755602
42262391,touchend,0,0,1645222755606
42262392,touchdown,395,34,1645222755878
42262392,touchmove,397,42,1645222755915
42262392,touchmove,397,43,1645222755927
42262392,touchmove,397,44,1645222755936
42262392,touchmove,397,45,1645222755944
42262392,touchmove,397,46,1645222755961
42262392,touchmove,396,45,1645222756069
42262392,touchmove,396,43,1645222756078
42262392,touchmove,396,41,1645222756086
42262392,touchmove,396,39,1645222756094
42262392,touchend,0,0,1645222756098
42262393,touchdown,293,38,1645222756378
42262393,touchmove,292,44,1645222756431
42262393,touchmove,292,45,1645222756444
42262393,touchmove,292,46,1645222756461
42262393,touchmove,292,47,1645222756469
42262393,touchmove,292,48,1645222756478
42262393,touchmove,292,47,1645222756570
42262393,touchmove,292,46,1645222756578
42262393,touchmove,292,45,1645222756586
42262393,touchmove,292,43,1645222756595
42262393,touchend,0,0,1645222756598
42262394,touchdown,270,136,1645222756895
42262394,touchend,0,0,1645222757081
42262395,touchdown,403,170,1645222757396
42262395,touchmove,403,179,1645222757432
42262395,touchmove,403,180,1645222757445
42262395,touchmove,403,181,1645222757453
42262395,touchmove,403,180,1645222757553
42262395,touchmove,403,179,1645222757562
42262395,touchmove,403,178,1645222757570
42262395,touchmove,403,176,1645222757578
42262395,touchmove,403,174,1645222757587
42262395,touchmove,403,171,1645222757595
42262395,touchend,0,0,1645222757599
42262396,touchdown,409,44,1645222757882
42262396,touchmove,408,52,1645222757945
42262396,touchmove,408,51,1645222757937
42262396,touchmove,408,50,1645222757924
42262396,touchmove,408,53,1645222757962
42262396,touchmove,408,52,1645222758032
42262396,touchmove,408,50,1645222758045
42262396,touchmove,408,49,1645222758054
42262396,touchmove,408,48,1645222758062
42262396,touchmove,409,47,1645222758070
42262396,touchend,0,0,1645222758074
42262397,touchdown,542,170,1645222758430
42262397,touchend,0,0,1645222758599
42262398,touchdown,674,162,1645222758929
42262398,touchmove,674,165,1645222758940
42262398,touchmove,674,168,1645222758946
42262398,touchmove,674,171,1645222758954
42262398,touchmove,674,172,1645222758962
42262398,touchmove,674,174,1645222758971
42262398,touchmove,674,175,1645222758979
42262398,touchmove,674,176,1645222758987
42262398,touchmove,673,176,1645222759012
42262398,touchmove,673,175,1645222759063
42262398,touchmove,673,173,1645222759071
42262398,touchmove,673,172,1645222759079
42262398,touchmove,673,171,1645222759088
42262398,touchmove,673,169,1645222759104
42262398,touchmove,673,170,1645222759096
42262398,touchend,0,0,1645222759108
42262399,touchdown,793,156,1645222759365
42262399,touchmove,793,168,1645222759400
42262399,touchmove,793,169,1645222759413
42262399,touchmove,793,170,1645222759421
42262399,touchmove,793,171,1645222759446
42262399,touchmove,793,170,1645222759500
42262399,touchmove,793,168,1645222759521
42262399,touchmove,793,167,1645222759530
42262399,touchmove,793,166,1645222759538
42262399,touchmove,793,165,1645222759546
42262399,touchmove,793,163,1645222759555
42262399,touchmove,793,162,1645222759563
42262399,touchmove,794,160,1645222759571
42262399,touchend,0,0,1645222759583
42262400,touchdown,933,158,1645222759906
42262400,touchmove,932,167,1645222759942
42262400,touchmove,932,168,1645222759955
42262400,touchmove,931,169,1645222759971
42262400,touchmove,931,170,1645222759996
42262400,touchmove,931,169,1645222760041
42262400,touchmove,931,168,1645222760055
42262400,touchmove,931,167,1645222760063
42262400,touchmove,931,166,1645222760072
42262400,touchmove,931,165,1645222760080
42262400,touchmove,933,164,1645222760097
42262400,touchend,0,0,1645222760100
42262401,touchdown,933,285,1645222760414
42262401,touchmove,931,294,1645222760450
42262401,touchmove,931,296,1645222760463
42262401,touchmove,931,298,1645222760472
42262401,touchmove,931,299,1645222760480
42262401,touchmove,931,298,1645222760563
42262401,touchmove,931,296,1645222760572
42262401,touchmove,931,294,1645222760580
42262401,touchmove,931,292,1645222760588
42262401,touchmove,930,290,1645222760597
42262401,touchend,0,0,1645222760601
42262402,touchdown,775,304,1645222760906
42262402,touchmove,773,307,1645222761034
42262402,touchmove,773,305,1645222761047
42262402,touchmove,773,304,1645222761055
42262402,touchmove,773,302,1645222761064
42262402,touchmove,773,301,1645222761072
42262402,touchend,0,0,1645222761077
42262403,touchdown,647,303,1645222761390
42262403,touchmove,648,310,1645222761426
42262403,touchmove,648,311,1645222761439
42262403,touchmove,648,312,1645222761447
42262403,touchmove,647,312,1645222761492
42262403,touchmove,647,310,1645222761522
42262403,touchmove,647,308,1645222761531
42262403,touchmove,647,306,1645222761539
42262403,touchmove,645,304,1645222761547
42262403,touchend,0,0,1645222761551
42262404,touchdown,536,289,1645222761865
42262404,touchmove,534,296,1645222761985
42262404,touchmove,534,295,1645222761998
42262404,touchmove,534,291,1645222762014
42262404,touchmove,534,293,1645222762006
42262404,touchmove,534,289,1645222762023
42262404,touchmove,534,288,1645222762031
42262404,touchend,0,0,1645222762035
42262405,touchdown,428,283,1645222762339
42262405,touchmove,426,291,1645222762485
42262405,touchmove,426,289,1645222762498
42262405,touchmove,426,287,1645222762506
42262405,touchmove,426,285,1645222762515
42262405,touchmove,426,283,1645222762523
42262405,touchend,0,0,1645222762535
42262405,touchmove,425,281,1645222762531
42262406,touchdown,286,286,1645222762815
42262406,touchend,0,0,1645222763002
42262407,touchdown,282,409,1645222763316
42262407,touchmove,285,421,1645222763365
42262407,touchmove,285,422,1645222763373
42262407,touchmove,285,419,1645222763352
42262407,touchmove,285,423,1645222763382
42262407,touchmove,285,422,1645222763469
42262407,touchmove,285,421,1645222763482
42262407,touchmove,285,419,1645222763490
42262407,touchmove,285,417,1645222763498
42262407,touchmove,285,416,1645222763507
42262407,touchmove,285,415,1645222763515
42262407,touchend,0,0,1645222763519
42262408,touchdown,417,438,1645222763833
42262408,touchmove,420,444,1645222763877
42262408,touchmove,420,445,1645222763899
42262408,touchmove,419,445,1645222763957
42262408,touchmove,419,444,1645222763965
42262408,touchmove,419,443,1645222763974
42262408,touchmove,419,441,1645222763982
42262408,touchmove,419,440,1645222763990
42262408,touchmove,419,439,1645222763999
42262408,touchend,0,0,1645222764002
42262409,touchdown,524,423,1645222764324
42262409,touchmove,525,432,1645222764361
42262409,touchmove,525,433,1645222764374
42262409,touchmove,525,430,1645222764474
42262409,touchmove,525,432,1645222764466
42262409,touchmove,525,429,1645222764482
42262409,touchmove,525,434,1645222764382
42262409,touchmove,525,427,1645222764491
42262409,touchmove,525,426,1645222764499
42262409,touchend,0,0,1645222764511
42262410,touchdown,661,420,1645222764817
42262410,touchmove,665,430,1645222764861
42262410,touchmove,665,432,1645222764874
42262410,touchmove,665,434,1645222764882
42262410,touchmove,665,435,1645222764899
42262410,touchmove,664,435,1645222764916
42262410,touchmove,663,435,1645222764924
42262410,touchmove,663,433,1645222764966
42262410,touchmove,663,431,1645222764974
42262410,touchmove,663,429,1645222764983
42262410,touchmove,663,427,1645222764991
42262410,touchmove,663,424,1645222764999
42262410,touchmove,663,422,1645222765008
42262410,touchmove,663,420,1645222765016
42262410,touchend,0,0,1645222765020
42262411,touchdown,787,427,1645222765350
42262411,touchmove,787,436,1645222765386
42262411,touchmove,787,437,1645222765399
42262411,touchmove,787,435,1645222765475
42262411,touchmove,787,434,1645222765483
42262411,touchmove,787,433,1645222765491
42262411,touchmove,787,432,1645222765500
42262411,touchmove,787,431,1645222765508
42262411,touchend,0,0,1645222765512
42262412,touchdown,923,426,1645222765842
42262412,touchmove,922,433,1645222765891
42262412,touchmove,922,432,1645222765878
42262412,touchmove,922,434,1645222765900
42262412,touchmove,922,435,1645222765916
42262412,touchmove,922,434,1645222766000
42262412,touchend,0,0,1645222766028
42262413,touchdown,925,553,1645222766368
42262413,touchmove,925,561,1645222766404
42262413,touchmove,925,563,1645222766417
42262413,touchmove,925,564,1645222766425
42262413,touchmove,924,565,1645222766433
42262413,touchmove,924,566,1645222766442
42262413,touchmove,924,567,1645222766450
42262413,touchmove,923,567,1645222766487
42262413,touchmove,923,566,1645222766550
42262413,touchmove,923,564,1645222766558
42262413,touchmove,923,563,1645222766567
42262413,touchmove,923,561,1645222766575
42262413,touchmove,923,560,1645222766583
42262413,touchend,0,0,1645222766587
42262414,touchdown,790,571,1645222766884
42262414,touchmove,788,578,1645222766920
42262414,touchmove,788,579,1645222766942
42262414,touchmove,788,578,1645222766978
42262414,touchmove,788,577,1645222767000
42262414,touchmove,788,576,1645222767009
42262414,touchmove,788,575,1645222767017
42262414,touchmove,788,573,1645222767025
42262414,touchend,0,0,1645222767029
42262415,touchdown,678,538,1645222767359
42262415,touchmove,677,545,1645222767396
42262415,touchmove,677,547,1645222767409
42262415,touchmove,677,548,1645222767417
42262415,touchmove,677,549,1645222767434
42262415,touchmove,676,550,1645222767467
42262415,touchmove,676,549,1645222767529
42262415,touchmove,676,546,1645222767551
42262415,touchmove,676,548,1645222767542
42262415,touchend,0,0,1645222767563
42262415,touchmove,674,544,1645222767559
42262416,touchdown,529,551,1645222767860
42262416,touchmove,527,559,1645222767896
42262416,touchmove,527,561,1645222767909
42262416,touchmove,527,562,1645222767918
42262416,touchmove,527,563,1645222767934
42262416,touchmove,527,561,1645222768009
42262416,touchmove,527,560,1645222768018
42262416,touchmove,527,559,1645222768026
42262416,touchmove,527,557,1645222768035
42262416,touchmove,527,556,1645222768043
42262416,touchmove,527,554,1645222768051
42262416,touchmove,526,553,1645222768059
42262416,touchend,0,0,1645222768063
42262417,touchdown,415,543,1645222768402
42262417,touchmove,416,552,1645222768438
42262417,touchmove,416,554,1645222768451
42262417,touchmove,415,554,1645222768496
42262417,touchmove,415,553,1645222768518
42262417,touchmove,415,551,1645222768526
42262417,touchmove,415,549,1645222768535
42262417,touchmove,414,547,1645222768543
42262417,touchmove,414,545,1645222768551
42262417,touchend,0,0,1645222768555
42262418,touchdown,269,548,1645222768936
42262418,touchmove,270,557,1645222768963
42262418,touchmove,270,558,1645222768976
42262418,touchmove,270,559,1645222768985
42262418,touchmove,270,558,1645222769021
42262418,touchmove,270,557,1645222769035
42262418,touchmove,268,551,1645222769060
42262418,touchmove,269,554,1645222769051
42262418,touchmove,269,556,1645222769043
42262418,touchmove,267,548,1645222769068
42262418,touchend,0,0,1645222769072
42262419,touchdown,269,421,1645222769394
42262419,touchmove,270,428,1645222769413
42262419,touchmove,270,430,1645222769427
42262419,touchmove,270,431,1645222769435
42262419,touchmove,270,430,1645222769518
42262419,touchmove,270,428,1645222769527
42262419,touchmove,270,426,1645222769535
42262419,touchmove,270,425,1645222769544
42262419,touchmove,270,423,1645222769552
42262419,touchend,0,0,1645222769555
42262420,touchdown,386,410,1645222769862
42262420,touchmove,387,415,1645222769872
42262420,touchmove,387,419,1645222769878
42262420,touchmove,387,421,1645222769885
42262420,touchmove,388,423,1645222769893
42262420,touchmove,388,424,1645222769902
42262420,touchmove,388,425,1645222769910
42262420,touchmove,388,423,1645222770002
42262420,touchmove,388,422,1645222770011
42262420,touchmove,388,421,1645222770019
42262420,touchmove,388,419,1645222770027
42262420,touchmove,388,418,1645222770035
42262420,touchmove,388,417,1645222770044
42262420,touchend,0,0,1645222770047
42262421,touchdown,526,416,1645222770352
42262421,touchmove,527,425,1645222770372
42262421,touchmove,527,426,1645222770385
42262421,touchmove,527,425,1645222770469
42262421,touchmove,527,424,1645222770477
42262421,touchmove,527,423,1645222770486
42262421,touchmove,527,421,1645222770494
42262421,touchmove,527,420,1645222770502
42262421,touchmove,527,419,1645222770511
42262421,touchmove,527,418,1645222770519
42262421,touchend,0,0,1645222770523
42262422,touchdown,653,406,1645222770862
42262422,touchmove,652,411,1645222770872
42262422,touchmove,652,415,1645222770879
42262422,touchmove,652,419,1645222770886
42262422,touchmove,652,422,1645222770894
42262422,touchmove,652,424,1645222770902
42262422,touchmove,652,425,1645222770911
42262422,touchmove,653,421,1645222770994
42262422,touchmove,652,423,1645222770986
42262422,touchmove,653,419,1645222771003
42262422,touchmove,653,417,1645222771011
42262422,touchmove,653,415,1645222771019
42262422,touchmove,654,412,1645222771028
42262422,touchmove,654,410,1645222771036
42262422,touchend,0,0,1645222771040
42262423,touchmove,800,412,1645222771365
42262423,touchdown,801,401,1645222771337
42262423,touchmove,800,413,1645222771378
42262423,touchmove,800,415,1645222771386
42262423,touchmove,800,414,1645222771453
42262423,touchmove,800,413,1645222771461
42262423,touchmove,800,411,1645222771470
42262423,touchmove,801,409,1645222771478
42262423,touchmove,801,407,1645222771486
42262423,touchmove,801,405,1645222771495
42262423,touchmove,803,404,1645222771503
42262423,touchend,0,0,1645222771506
42262424,touchdown,931,422,1645222771801
42262424,touchmove,931,432,1645222771831
42262424,touchmove,931,433,1645222771845
42262424,touchmove,931,434,1645222771853
42262424,touchmove,931,432,1645222771903
42262424,touchmove,931,431,1645222771911
42262424,touchmove,931,429,1645222771920
42262424,touchmove,931,427,1645222771928
42262424,touchmove,931,425,1645222771937
42262424,touchmove,931,423,1645222771945
42262424,touchmove,931,421,1645222771953
42262424,touchend,0,0,1645222771957
42262425,touchdown,916,294,1645222772285
42262425,touchmove,915,303,1645222772315
42262425,touchmove,915,305,1645222772328
42262425,touchmove,915,306,1645222772337
42262425,touchmove,915,305,1645222772365
42262425,touchmove,915,304,1645222772378
42262425,touchmove,915,303,1645222772387
42262425,touchmove,915,301,1645222772395
42262425,touchmove,915,299,1645222772403
42262425,touchmove,915,298,1645222772412
42262425,touchend,0,0,1645222772424
42262426,touchdown,781,283,1645222772772
42262426,touchmove,779,293,1645222772807
42262426,touchmove,778,292,1645222772870
42262426,touchmove,778,293,1645222772862
42262426,touchmove,778,291,1645222772879
42262426,touchmove,778,290,1645222772887
42262426,touchmove,778,288,1645222772895
42262426,touchmove,777,286,1645222772904
42262426,touchmove,776,284,1645222772912
42262426,touchmove,774,282,1645222772920
42262426,touchend,0,0,1645222772924
42262427,touchdown,643,281,1645222773238
42262427,touchmove,643,293,1645222773279
42262427,touchmove,643,291,1645222773266
42262427,touchmove,643,294,1645222773296
42262427,touchmove,642,293,1645222773362
42262427,touchmove,642,291,1645222773371
42262427,touchmove,642,290,1645222773379
42262427,touchmove,641,287,1645222773387
42262427,touchmove,641,285,1645222773396
42262427,touchmove,641,282,1645222773404
42262427,touchmove,638,280,1645222773412
42262427,touchend,0,0,1645222773416
42262428,touchdown,534,284,1645222773738
42262428,touchmove,533,294,1645222773774
42262428,touchmove,533,296,1645222773787
42262428,touchmove,533,297,1645222773796
42262428,touchmove,533,298,1645222773804
42262428,touchmove,533,297,1645222773862
42262428,touchmove,532,295,1645222773871
42262428,touchmove,532,294,1645222773879
42262428,touchmove,531,292,1645222773888
42262428,touchmove,530,290,1645222773896
42262428,touchend,0,0,1645222773900
42262429,touchmove,398,291,1645222774291
42262429,touchdown,398,282,1645222774264
42262429,touchmove,398,293,1645222774304
42262429,touchmove,398,294,1645222774313
42262429,touchmove,398,293,1645222774354
42262429,touchmove,397,289,1645222774371
42262429,touchmove,398,291,1645222774363
42262429,touchmove,397,288,1645222774379
42262429,touchmove,396,285,1645222774388
42262429,touchmove,395,284,1645222774396
42262429,touchend,0,0,1645222774400
42262430,touchdown,280,286,1645222774773
42262430,touchmove,282,293,1645222774825
42262430,touchmove,282,294,1645222774838
42262430,touchmove,282,295,1645222774846
42262430,touchmove,282,296,1645222774855
42262430,touchmove,282,298,1645222774871
42262430,touchmove,282,297,1645222774863
42262430,touchmove,281,298,1645222774925
42262430,touchmove,281,295,1645222774938
42262430,touchmove,281,293,1645222774946
42262430,touchmove,280,290,1645222774955
42262430,touchend,0,0,1645222774958
42262431,touchdown,279,182,1645222775314
42262431,touchmove,282,187,1645222775358
42262431,touchmove,282,188,1645222775372
42262431,touchmove,282,189,1645222775380
42262431,touchmove,282,190,1645222775397
42262431,touchmove,282,189,1645222775464
42262431,touchmove,282,188,1645222775472
42262431,touchmove,282,186,1645222775480
42262431,touchmove,282,185,1645222775489
42262431,touchmove,283,182,1645222775505
42262431,touchmove,282,184,1645222775497
42262431,touchend,0,0,1645222775509
42262432,touchdown,404,170,1645222775840
42262432,touchmove,406,177,1645222775876
42262432,touchmove,406,176,1645222775930
42262432,touchmove,406,175,1645222775939
42262432,touchmove,407,174,1645222775947
42262432,touchend,0,0,1645222775959
42262433,touchdown,544,166,1645222776348
42262433,touchend,0,0,1645222776468
42262434,touchdown,657,158,1645222776831
42262434,touchend,0,0,1645222777001
42262435,touchdown,782,149,1645222777433
42262435,touchend,0,0,1645222777577
42262436,touchdown,920,144,1645222777940
42262436,touchmove,919,155,1645222777985
42262436,touchmove,919,156,1645222777998
42262436,touchmove,919,157,1645222778007
42262436,touchmove,919,155,1645222778073
42262436,touchmove,919,153,1645222778082
42262436,touchmove,919,151,1645222778090
42262436,touchend,0,0,1645222778094
42262437,touchdown,919,37,1645222778466
42262437,touchmove,918,41,1645222778535
42262437,touchmove,918,40,1645222778548
42262437,touchmove,918,38,1645222778557
42262437,touchmove,918,37,1645222778565
42262437,touchmove,918,36,1645222778573
42262437,touchend,0,0,1645222778577
42262438,touchdown,797,35,1645222778932
42262438,touchmove,796,45,1645222778960
42262438,touchmove,796,47,1645222778974
42262438,touchmove,796,48,1645222778982
42262438,touchmove,796,46,1645222779035
42262438,touchmove,796,41,1645222779066
42262438,touchmove,796,45,1645222779049
42262438,touchmove,796,39,1645222779074
42262438,touchmove,796,43,1645222779057
42262438,touchmove,796,37,1645222779082
42262438,touchend,0,0,1645222779086
42262439,touchdown,654,24,1645222779434
42262439,touchmove,655,33,1645222779469
42262439,touchmove,655,34,1645222779482
42262439,touchmove,655,35,1645222779491
42262439,touchmove,655,33,1645222779541
42262439,touchmove,654,32,1645222779549
42262439,touchmove,654,31,1645222779557
42262439,touchmove,653,29,1645222779566
42262439,touchend,0,0,1645222779569
42262440,touchdown,529,29,1645222779925
42262440,touchend,0,0,1645222780078
42262441,touchdown,416,31,1645222780417
42262441,touchmove,418,39,1645222780453
42262441,touchmove,418,38,1645222780516
42262441,touchmove,417,36,1645222780525
42262441,touchmove,416,31,1645222780541
42262441,touchmove,417,33,1645222780533
42262441,touchend,0,0,1645222780545
42262442,touchdown,275,26,1645222780876
42262442,touchend,0,0,1645222781037
42262443,touchdown,270,142,1645222781383
42262443,touchmove,271,146,1645222781392
42262443,touchmove,271,149,1645222781403
42262443,touchmove,272,152,1645222781408
42262443,touchmove,272,154,1645222781417
42262443,touchmove,274,156,1645222781425
42262443,touchmove,274,157,1645222781442
42262443,touchmove,275,157,1645222781450
42262443,touchmove,275,156,1645222781500
42262443,touchmove,275,154,1645222781509
42262443,touchmove,275,152,1645222781517
42262443,touchmove,275,151,1645222781525
42262443,touchmove,276,150,1645222781534
42262443,touchend,0,0,1645222781537
42262444,touchdown,407,154,1645222781918
42262444,touchend,0,0,1645222782071
42262445,touchdown,548,147,1645222782378
42262445,touchmove,550,159,1645222782421
42262445,touchmove,550,161,1645222782434
42262445,touchmove,550,162,1645222782442
42262445,touchmove,550,161,1645222782501
42262445,touchmove,550,159,1645222782509
42262445,touchmove,550,157,1645222782518
42262445,touchmove,550,155,1645222782526
42262445,touchmove,550,154,1645222782534
42262445,touchend,0,0,1645222782538
42262446,touchdown,667,154,1645222782869
42262446,touchmove,669,165,1645222782905
42262446,touchmove,669,166,1645222782918
42262446,touchmove,669,167,1645222782926
42262446,touchmove,669,166,1645222782993
42262446,touchmove,669,164,1645222783001
42262446,touchmove,670,162,1645222783009
42262446,touchmove,670,161,1645222783018
42262446,touchend,0,0,1645222783022
42262447,touchdown,792,147,1645222783352
42262447,touchmove,792,153,1645222783368
42262447,touchmove,792,156,1645222783376
42262447,touchmove,792,158,1645222783384
42262447,touchmove,792,160,1645222783393
42262447,touchmove,792,161,1645222783401
42262447,touchmove,792,160,1645222783460
42262447,touchmove,792,158,1645222783468
42262447,touchmove,792,156,1645222783476
42262447,touchmove,793,154,1645222783485
42262447,touchmove,794,153,1645222783493
42262447,touchend,0,0,1645222783497
42262448,touchdown,933,146,1645222783853
42262448,touchmove,932,151,1645222783863
42262448,touchmove,931,154,1645222783870
42262448,touchmove,931,157,1645222783876
42262448,touchmove,931,158,1645222783885
42262448,touchmove,931,157,1645222783935
42262448,touchmove,931,156,1645222783943
42262448,touchmove,931,154,1645222783952
42262448,touchmove,931,153,1645222783960
42262448,touchend,0,0,1645222783972
42262448,touchmove,931,152,1645222783968
42262449,touchdown,920,278,1645222784328
42262449,touchmove,921,289,1645222784364
42262449,touchmove,921,292,1645222784393
42262449,touchmove,921,291,1645222784377
42262449,touchmove,921,291,1645222784443
42262449,touchmove,920,289,1645222784452
42262449,touchmove,920,286,1645222784460
42262449,touchmove,920,284,1645222784469
42262449,touchmove,919,281,1645222784477
42262449,touchend,0,0,1645222784481
42262450,touchdown,810,285,1645222784769
42262450,touchmove,810,293,1645222784789
42262450,touchmove,810,294,1645222784802
42262450,touchmove,810,295,1645222784810
42262450,touchmove,810,296,1645222784819
42262450,touchmove,810,295,1645222784872
42262450,touchmove,810,294,1645222784885
42262450,touchmove,810,292,1645222784894
42262450,touchmove,810,291,1645222784902
42262450,touchmove,810,290,1645222784910
42262450,touchmove,810,289,1645222784919
42262450,touchend,0,0,1645222784922
42262451,touchdown,676,280,1645222785303
42262451,touchmove,676,290,1645222785339
42262451,touchmove,676,289,1645222785386
42262451,touchmove,676,287,1645222785394
42262451,touchmove,676,285,1645222785402
42262451,touchmove,676,284,1645222785411
42262451,touchmove,674,283,1645222785419
42262451,touchend,0,0,1645222785423
42262452,touchdown,528,269,1645222785804
42262452,touchmove,529,277,1645222785853
42262452,touchmove,529,276,1645222785840
42262452,touchmove,529,278,1645222785861
42262452,touchmove,528,277,1645222785881
42262452,touchmove,528,275,1645222785894
42262452,touchmove,528,273,1645222785903
42262452,touchmove,526,271,1645222785911
42262452,touchend,0,0,1645222785915
42262453,touchdown,398,267,1645222786237
42262453,touchmove,400,278,1645222786273
42262453,touchmove,400,279,1645222786286
42262453,touchmove,400,280,1645222786295
42262453,touchmove,399,280,1645222786315
42262453,touchmove,399,279,1645222786336
42262453,touchmove,399,277,1645222786345
42262453,touchmove,398,276,1645222786353
42262453,touchmove,398,274,1645222786361
42262453,touchmove,397,273,1645222786370
42262453,touchmove,394,272,1645222786378
42262453,touchend,0,0,1645222786381
42262454,touchdown,271,292,1645222786704
42262454,touchmove,271,295,1645222786714
42262454,touchmove,271,299,1645222786720
42262454,touchmove,271,300,1645222786728
42262454,touchmove,271,302,1645222786736
42262454,touchmove,271,303,1645222786745
42262454,touchmove,271,302,1645222786803
42262454,touchmove,271,301,1645222786812
42262454,touchmove,271,300,1645222786820
42262454,touchend,0,0,1645222786840
42262455,touchdown,281,416,1645222787279
42262455,touchmove,284,425,1645222787307
42262455,touchmove,284,426,1645222787320
42262455,touchmove,284,427,1645222787329
42262455,touchmove,284,426,1645222787381
42262455,touchmove,284,425,1645222787395
42262455,touchmove,284,422,1645222787404
42262455,touchmove,284,420,1645222787412
42262455,touchmove,284,418,1645222787420
42262455,touchend,0,0,1645222787424
42262456,touchdown,392,405,1645222787788
42262456,touchmove,395,415,1645222787815
42262456,touchmove,395,417,1645222787829
42262456,touchmove,395,418,1645222787837
42262456,touchmove,395,419,1645222787845
42262456,touchmove,395,418,1645222787882
42262456,touchmove,395,415,1645222787904
42262456,touchmove,395,417,1645222787895
42262456,touchmove,395,413,1645222787912
42262456,touchmove,395,412,1645222787921
42262456,touchmove,395,410,1645222787929
42262456,touchmove,396,409,1645222787937
42262456,touchend,0,0,1645222787941
42262457,touchdown,533,411,1645222788272
42262457,touchend,0,0,1645222788374
42262458,touchdown,663,408,1645222788722
42262458,touchmove,664,419,1645222788766
42262458,touchmove,664,418,1645222788807
42262458,touchmove,664,417,1645222788821
42262458,touchmove,664,416,1645222788829
42262458,touchmove,664,414,1645222788838
42262458,touchmove,664,413,1645222788846
42262458,touchend,0,0,1645222788849
42262459,touchdown,785,424,1645222789231
42262459,touchmove,786,432,1645222789266
42262459,touchmove,786,433,1645222789279
42262459,touchmove,786,434,1645222789288
42262459,touchmove,787,432,1645222789324
42262459,touchmove,787,431,1645222789338
42262459,touchend,0,0,1645222789342
42262460,touchdown,928,432,1645222789690
42262460,touchmove,927,439,1645222789709
42262460,touchmove,927,442,1645222789730
42262460,touchmove,927,441,1645222789772
42262460,touchmove,927,439,1645222789788
42262460,touchmove,928,438,1645222789796
42262460,touchmove,928,437,1645222789805
42262460,touchmove,929,436,1645222789813
42262460,touchend,0,0,1645222789817
42262461,touchdown,909,559,1645222790189
42262461,touchmove,909,568,1645222790226
42262461,touchmove,909,569,1645222790238
42262461,touchmove,909,568,1645222790289
42262461,touchmove,909,566,1645222790297
42262461,touchmove,909,564,1645222790305
42262461,touchmove,908,563,1645222790313
42262461,touchend,0,0,1645222790317
42262462,touchmove,795,560,1645222790667
42262462,touchdown,797,552,1645222790636
42262462,touchmove,795,561,1645222790680
42262462,touchmove,794,561,1645222790705
42262462,touchmove,794,559,1645222790730
42262462,touchmove,794,558,1645222790739
42262462,touchmove,794,556,1645222790747
42262462,touchmove,794,554,1645222790755
42262462,touchmove,793,552,1645222790764
42262462,touchend,0,0,1645222790768
42262463,touchdown,661,535,1645222791157
42262463,touchmove,661,539,1645222791167
42262463,touchmove,661,543,1645222791173
42262463,touchmove,661,546,1645222791180
42262463,touchmove,661,548,1645222791189
42262463,touchmove,661,549,1645222791197
42262463,touchmove,661,550,1645222791214
42262463,touchmove,661,549,1645222791250
42262463,touchmove,660,549,1645222791264
42262463,touchmove,660,548,1645222791272
42262463,touchmove,660,547,1645222791281
42262463,touchmove,660,545,1645222791289
42262463,touchmove,660,544,1645222791297
42262463,touchmove,660,542,1645222791306
42262463,touchmove,659,541,1645222791314
42262463,touchend,0,0,1645222791318
42262464,touchdown,547,542,1645222791673
42262464,touchmove,547,556,1645222791714
42262464,touchmove,547,547,1645222791689
42262464,touchmove,548,558,1645222791731
42262464,touchmove,547,551,1645222791697
42262464,touchmove,548,557,1645222791798
42262464,touchmove,548,556,1645222791823
42262464,touchmove,548,555,1645222791831
42262464,touchmove,548,554,1645222791839
42262464,touchmove,548,552,1645222791848
42262464,touchmove,548,550,1645222791856
42262464,touchmove,548,548,1645222791864
42262464,touchmove,548,546,1645222791873
42262464,touchmove,548,544,1645222791881
42262464,touchend,0,0,1645222791885
42262465,touchdown,398,539,1645222792215
42262465,touchmove,398,542,1645222792225
42262465,touchmove,398,546,1645222792232
42262465,touchmove,398,549,1645222792239
42262465,touchmove,398,550,1645222792248
42262465,touchmove,397,550,1645222792331
42262465,touchmove,397,549,1645222792340
42262465,touchmove,397,547,1645222792356
42262465,touchmove,396,546,1645222792365
42262465,touchmove,396,544,1645222792373
42262465,touchmove,395,542,1645222792381
42262465,touchmove,394,540,1645222792390
42262465,touchmove,392,539,1645222792398
42262465,touchend,0,0,1645222792402
42262466,touchdown,259,546,1645222792707
42262466,touchmove,260,553,1645222792735
42262466,touchmove,260,554,1645222792748
42262466,touchmove,260,556,1645222792757
42262466,touchmove,260,557,1645222792765
42262466,touchmove,259,556,1645222792832
42262466,touchmove,259,555,1645222792840
42262466,touchmove,259,554,1645222792848
42262466,touchmove,258,553,1645222792857
42262466,touchmove,258,551,1645222792865
42262466,touchmove,257,549,1645222792873
42262466,touchmove,256,545,1645222792882
42262466,touchmove,255,543,1645222792890
42262466,touchend,0,0,1645222792894
42262467,touchdown,272,434,1645222793216
42262467,touchmove,273,442,1645222793252
42262467,touchmove,273,443,1645222793265
42262467,touchmove,273,444,1645222793273
42262467,touchmove,273,442,1645222793357
42262467,touchmove,273,443,1645222793349
42262467,touchmove,273,441,1645222793365
42262467,touchmove,273,440,1645222793374
42262467,touchmove,273,438,1645222793382
42262467,touchmove,273,437,1645222793390
42262467,touchend,0,0,1645222793394
42262468,touchdown,398,399,1645222793683
42262468,touchmove,399,406,1645222793700
42262468,touchmove,400,411,1645222793715
42262468,touchmove,399,403,1645222793693
42262468,touchmove,400,413,1645222793732
42262468,touchmove,400,412,1645222793782
42262468,touchmove,400,411,1645222793790
42262468,touchmove,400,410,1645222793799
42262468,touchmove,401,409,1645222793815
42262468,touchmove,402,408,1645222793832
42262468,touchend,0,0,1645222793836
42262469,touchdown,541,409,1645222794150
42262469,touchmove,541,412,1645222794160
42262469,touchmove,541,415,1645222794167
42262469,touchmove,541,417,1645222794174
42262469,touchmove,541,418,1645222794182
42262469,touchmove,541,416,1645222794241
42262469,touchmove,541,414,1645222794257
42262469,touchmove,541,415,1645222794249
42262469,touchend,0,0,1645222794261
42262470,touchdown,653,416,1645222794580
42262470,touchmove,653,427,1645222794619
42262470,touchmove,653,428,1645222794641
42262470,touchmove,653,427,1645222794669
42262470,touchmove,653,426,1645222794683
42262470,touchmove,653,425,1645222794691
42262470,touchmove,653,421,1645222794708
42262470,touchmove,653,423,1645222794699
42262470,touchmove,653,420,1645222794716
42262470,touchmove,654,420,1645222794724
42262470,touchend,0,0,1645222794728
42262471,touchdown,785,421,1645222795083
42262471,touchmove,786,428,1645222795119
42262471,touchmove,786,429,1645222795133
42262471,touchmove,786,430,1645222795141
42262471,touchmove,786,429,1645222795186
42262471,touchmove,786,428,1645222795199
42262471,touchmove,786,427,1645222795208
42262471,touchmove,786,425,1645222795216
42262471,touchmove,786,424,1645222795233
42262471,touchend,0,0,1645222795236
42262472,touchdown,908,428,1645222795522
42262472,touchend,0,0,1645222795653
42262473,touchdown,920,297,1645222795976
42262473,touchmove,917,303,1645222796054
42262473,touchmove,917,301,1645222796067
42262473,touchmove,917,298,1645222796075
42262473,touchmove,914,296,1645222796083
42262473,touchend,0,0,1645222796087
42262474,touchdown,787,287,1645222796401
42262474,touchmove,786,296,1645222796437
42262474,touchmove,786,297,1645222796450
42262474,touchmove,786,296,1645222796517
42262474,touchmove,785,295,1645222796525
42262474,touchmove,784,293,1645222796534
42262474,touchmove,782,290,1645222796542
42262474,touchmove,778,288,1645222796550
42262474,touchend,0,0,1645222796555
42262475,touchdown,659,285,1645222796840
42262475,touchmove,659,296,1645222796871
42262475,touchmove,659,298,1645222796884
42262475,touchmove,659,299,1645222796892
42262475,touchmove,659,300,1645222796901
42262475,touchmove,659,299,1645222796976
42262475,touchmove,659,298,1645222796984
42262475,touchmove,659,296,1645222796993
42262475,touchmove,659,294,1645222797001
42262475,touchmove,659,290,1645222797017
42262475,touchmove,659,292,1645222797009
42262475,touchmove,659,289,1645222797026
42262475,touchmove,658,287,1645222797034
42262475,touchend,0,0,1645222797038
42262476,touchdown,555,290,1645222797360
42262476,touchmove,557,300,1645222797396
42262476,touchmove,557,301,1645222797417
42262476,touchmove,557,300,1645222797454
42262476,touchmove,557,299,1645222797467
42262476,touchmove,557,298,1645222797476
42262476,touchmove,557,296,1645222797484
42262476,touchmove,557,295,1645222797493
42262476,touchmove,557,294,1645222797501
42262476,touchmove,557,293,1645222797509
42262476,touchend,0,0,1645222797513
42262477,touchdown,412,305,1645222797877
42262477,touchmove,412,310,1645222797963
42262477,touchmove,412,309,1645222797976
42262477,touchmove,411,306,1645222797993
42262477,touchmove,412,308,1645222797984
42262477,touchmove,411,305,1645222798001
42262477,touchend,0,0,1645222798005
42262478,touchmove,280,291,1645222798388
42262478,touchmove,279,289,1645222798443
42262478,touchdown,278,283,1645222798350
42262478,touchmove,279,287,1645222798451
42262478,touchmove,278,284,1645222798460
42262478,touchmove,278,281,1645222798468
42262478,touchmove,278,278,1645222798476
42262478,touchend,0,0,1645222798480
42262479,touchdown,293,170,1645222798812
42262479,touchend,0,0,1645222798947
42262480,touchdown,414,159,1645222799269
42262480,touchend,0,0,1645222799439
42262481,touchdown,534,158,1645222799787
42262481,touchmove,539,167,1645222799939
42262481,touchmove,540,167,1645222799952
42262481,touchmove,543,167,1645222799961
42262481,touchend,0,0,1645222799964
42262482,touchdown,674,159,1645222800261
42262482,touchend,0,0,1645222800431
42262483,touchdown,861,144,1645222800787
42262483,touchmove,858,150,1645222800848
42262483,touchmove,858,149,1645222800861
42262483,touchmove,858,148,1645222800869
42262483,touchmove,858,147,1645222800878
42262483,touchmove,858,146,1645222800894
42262483,touchmove,857,145,1645222800911
42262483,touchmove,857,144,1645222800919
42262483,touchmove,856,143,1645222800936
42262483,touchmove,856,142,1645222800944
42262483,touchmove,856,140,1645222800961
42262483,touchmove,856,137,1645222800978
42262483,touchmove,856,139,1645222800969
42262483,touchmove,854,136,1645222800986
42262483,touchend,0,0,1645222800990
42262484,touchdown,923,134,1645222801304
42262484,touchmove,920,148,1645222801340
42262484,touchmove,920,150,1645222801353
42262484,touchmove,920,151,1645222801361
42262484,touchmove,920,152,1645222801370
42262484,touchmove,919,152,1645222801378
42262484,touchmove,918,152,1645222801420
42262484,touchmove,918,151,1645222801428
42262484,touchmove,918,150,1645222801436
42262484,touchmove,918,149,1645222801445
42262484,touchmove,918,147,1645222801453
42262484,touchmove,918,145,1645222801461
42262484,touchmove,918,141,1645222801470
42262484,touchmove,915,132,1645222801486
42262484,touchmove,917,137,1645222801478
42262484,touchend,0,0,1645222801490
42262485,touchdown,916,49,1645222801804
42262485,touchmove,915,57,1645222801845
42262485,touchmove,915,58,1645222801853
42262485,touchmove,915,57,1645222801920
42262485,touchmove,915,55,1645222801928
42262485,touchmove,915,54,1645222801937
42262485,touchmove,915,52,1645222801945
42262485,touchmove,915,50,1645222801953
42262485,touchmove,916,49,1645222801962
42262485,touchend,0,0,1645222801966
42262486,touchdown,795,38,1645222802296
42262486,touchmove,793,49,1645222802323
42262486,touchmove,793,50,1645222802337
42262486,touchmove,793,51,1645222802345
42262486,touchmove,793,52,1645222802354
42262486,touchmove,792,52,1645222802378
42262486,touchmove,792,51,1645222802387
42262486,touchmove,791,51,1645222802395
42262486,touchmove,791,50,1645222802404
42262486,touchmove,791,49,1645222802412
42262486,touchmove,791,48,1645222802420
42262486,touchmove,790,46,1645222802429
42262486,touchmove,790,45,1645222802437
42262486,touchmove,790,43,1645222802446
42262486,touchmove,790,41,1645222802454
42262486,touchmove,790,38,1645222802462
42262486,touchmove,789,37,1645222802470
42262486,touchend,0,0,1645222802474
42262487,touchdown,665,39,1645222802730
42262487,touchmove,663,49,1645222802757
42262487,touchmove,663,52,1645222802770
42262487,touchmove,663,53,1645222802779
42262487,touchmove,663,54,1645222802795
42262487,touchmove,662,54,1645222802804
42262487,touchmove,661,54,1645222802871
42262487,touchmove,661,53,1645222802887
42262487,touchmove,661,52,1645222802895
42262487,touchmove,661,51,1645222802904
42262487,touchmove,661,50,1645222802912
42262487,touchmove,661,48,1645222802921
42262487,touchmove,661,47,1645222802929
42262487,touchmove,661,45,1645222802937
42262487,touchmove,661,41,1645222802954
42262487,touchmove,661,43,1645222802946
42262487,touchmove,661,39,1645222802962
42262487,touchend,0,0,1645222802966
42262488,touchdown,533,36,1645222803280
42262488,touchmove,529,46,1645222803332
42262488,touchmove,529,47,1645222803346
42262488,touchmove,529,48,1645222803362
42262488,touchmove,529,47,1645222803416
42262488,touchmove,529,46,1645222803429
42262488,touchmove,529,45,1645222803438
42262488,touchmove,529,43,1645222803446
42262488,touchmove,529,41,1645222803454
42262488,touchmove,529,39,1645222803463
42262488,touchmove,529,37,1645222803471
42262488,touchend,0,0,1645222803475
42262489,touchdown,410,38,1645222803813
42262489,touchmove,411,45,1645222803850
42262489,touchmove,411,46,1645222803863
42262489,touchmove,411,47,1645222803871
42262489,touchmove,411,48,1645222803879
42262489,touchmove,411,47,1645222803954
42262489,touchmove,411,45,1645222803963
42262489,touchmove,410,44,1645222803971
42262489,touchmove,410,42,1645222803979
42262489,touchmove,408,41,1645222803988
42262489,touchmove,406,39,1645222803996
42262489,touchend,0,0,1645222804000
42262490,touchdown,276,43,1645222804330
42262490,touchmove,278,52,1645222804367
42262490,touchmove,278,53,1645222804380
42262490,touchmove,278,52,1645222804424
42262490,touchmove,278,50,1645222804438
42262490,touchmove,278,49,1645222804446
42262490,touchmove,278,48,1645222804463
42262490,touchend,0,0,1645222804475
42262491,touchdown,302,157,1645222804847
42262491,touchend,0,0,1645222804942
42262492,touchdown,396,153,1645222805273
42262492,touchend,0,0,1645222805383
42262493,touchdown,535,161,1645222805790
42262493,touchend,0,0,1645222805875
42262494,touchdown,674,163,1645222806249
42262494,touchmove,673,166,1645222806259
42262494,touchmove,673,170,1645222806265
42262494,touchmove,673,172,1645222806272
42262494,touchmove,673,174,1645222806281
42262494,touchmove,673,175,1645222806289
42262494,touchmove,673,176,1645222806297
42262494,touchmove,673,175,1645222806368
42262494,touchmove,673,174,1645222806389
42262494,touchmove,673,173,1645222806397
42262494,touchmove,673,172,1645222806406
42262494,touchmove,673,170,1645222806414
42262494,touchmove,673,169,1645222806422
42262494,touchmove,674,168,1645222806431
42262494,touchmove,674,167,1645222806439
42262494,touchend,0,0,1645222806442
42262495,touchdown,819,141,1645222806749
42262495,touchmove,820,147,1645222806764
42262495,touchmove,820,151,1645222806781
42262495,touchmove,820,153,1645222806789
42262495,touchmove,820,149,1645222806772
42262495,touchmove,821,153,1645222806856
42262495,touchmove,821,151,1645222806864
42262495,touchmove,821,150,1645222806873
42262495,touchmove,821,149,1645222806881
42262495,touchmove,823,148,1645222806889
42262495,touchmove,825,148,1645222806898
42262495,touchend,0,0,1645222806901
42262496,touchdown,908,154,1645222807275
42262496,touchmove,908,160,1645222807289
42262496,touchmove,908,163,1645222807298
42262496,touchmove,908,165,1645222807306
42262496,touchmove,908,166,1645222807323
42262496,touchmove,908,165,1645222807360
42262496,touchmove,908,164,1645222807381
42262496,touchmove,908,163,1645222807390
42262496,touchmove,908,162,1645222807398
42262496,touchmove,908,161,1645222807406
42262496,touchmove,908,160,1645222807423
42262496,touchend,0,0,1645222807426
42262497,touchdown,926,272,1645222807798
42262497,touchmove,926,284,1645222807823
42262497,touchmove,926,286,1645222807831
42262497,touchmove,926,277,1645222807808
42262497,touchmove,926,281,1645222807815
42262497,touchmove,926,288,1645222807840
42262497,touchmove,926,289,1645222807848
42262497,touchmove,926,290,1645222807857
42262497,touchmove,925,290,1645222807915
42262497,touchmove,925,289,1645222807932
42262497,touchmove,925,287,1645222807940
42262497,touchmove,925,284,1645222807948
42262497,touchmove,925,282,1645222807957
42262497,touchend,0,0,1645222807961
42262498,touchdown,801,295,1645222808274
42262498,touchmove,801,303,1645222808293
42262498,touchmove,801,304,1645222808307
42262498,touchmove,801,305,1645222808315
42262498,touchmove,801,304,1645222808344
42262498,touchmove,801,303,1645222808357
42262498,touchmove,801,300,1645222808365
42262498,touchmove,801,298,1645222808374
42262498,touchmove,801,296,1645222808382
42262498,touchmove,801,293,1645222808390
42262498,touchmove,801,292,1645222808399
42262498,touchend,0,0,1645222808402
42262499,touchdown,674,291,1645222808705
42262499,touchmove,675,298,1645222808744
42262499,touchmove,675,299,1645222808757
42262499,touchmove,675,300,1645222808765
42262499,touchmove,675,299,1645222808857
42262499,touchmove,675,298,1645222808866
42262499,touchmove,675,297,1645222808874
42262499,touchmove,674,294,1645222808891
42262499,touchend,0,0,1645222808894
42262499,touchmove,675,295,1645222808882
42262500,touchdown,549,282,1645222809213
42262500,touchmove,548,289,1645222809253
42262500,touchmove,548,290,1645222809274
42262500,touchmove,548,289,1645222809357
42262500,touchmove,548,288,1645222809366
42262500,touchmove,548,287,1645222809374
42262500,touchmove,548,286,1645222809382
42262500,touchmove,548,285,1645222809391
42262500,touchend,0,0,1645222809394
