42254062,touchdown,267,24,1645032248149
42254062,touchmove,269,25,1645032248268
42254062,touchmove,271,25,1645032248277
42254062,touchmove,275,25,1645032248285
42254062,touchmove,281,25,1645032248293
42254062,touchmove,289,25,1645032248302
42254062,touchmove,298,25,1645032248310
42254062,touchmove,307,24,1645032248318
42254062,touchmove,316,23,1645032248327
42254062,touchmove,324,22,1645032248335
42254062,touchmove,331,21,1645032248343
42254062,touchmove,340,20,1645032248352
42254062,touchmove,346,19,1645032248360
42254062,touchmove,354,18,1645032248368
42254062,touchmove,360,17,1645032248377
42254062,touchmove,365,17,1645032248385
42254062,touchmove,372,16,1645032248393
42254062,touchmove,378,15,1645032248402
42254062,touchmove,383,15,1645032248410
42254062,touchmove,388,15,1645032248418
42254062,touchmove,393,15,1645032248427
42254062,touchmove,396,15,1645032248435
42254062,touchmove,400,15,1645032248443
42254062,touchmove,403,15,1645032248452
42254062,touchmove,406,15,1645032248460
42254062,touchmove,409,15,1645032248468
42254062,touchmove,411,15,1645032248477
42254062,touchmove,413,15,1645032248485
42254062,touchmove,415,15,1645032248493
42254062,touchmove,416,15,1645032248502
42254062,touchmove,417,15,1645032248510
42254062,touchmove,417,16,1645032248593
42254062,touchmove,417,17,1645032248627
42254062,touchmove,417,19,1645032248644
42254062,touchend,0,0,1645032248651
42254063,touchdown,269,148,1645032249017
42254063,touchmove,273,151,1645032249059
42254063,touchmove,276,151,1645032249069
42254063,touchmove,279,151,1645032249077
42254063,touchmove,284,151,1645032249086
42254063,touchmove,289,151,1645032249094
42254063,touchmove,295,152,1645032249102
42254063,touchmove,302,153,1645032249110
42254063,touchmove,349,157,1645032249160
42254063,touchmove,308,154,1645032249119
42254063,touchmove,315,155,1645032249127
42254063,touchmove,323,156,1645032249135
42254063,touchmove,331,156,1645032249144
42254063,touchmove,340,156,1645032249152
42254063,touchmove,357,157,1645032249169
42254063,touchmove,366,157,1645032249177
42254063,touchmove,376,157,1645032249186
42254063,touchmove,385,158,1645032249194
42254063,touchmove,394,158,1645032249202
42254063,touchmove,404,158,1645032249210
42254063,touchmove,412,158,1645032249219
42254063,touchmove,422,158,1645032249227
42254063,touchmove,432,158,1645032249235
42254063,touchmove,441,159,1645032249244
42254063,touchmove,451,159,1645032249252
42254063,touchmove,461,159,1645032249260
42254063,touchmove,470,159,1645032249269
42254063,touchmove,479,160,1645032249277
42254063,touchmove,497,161,1645032249294
42254063,touchmove,488,160,1645032249286
42254063,touchmove,505,161,1645032249302
42254063,touchmove,513,161,1645032249311
42254063,touchmove,520,162,1645032249319
42254063,touchmove,533,162,1645032249336
42254063,touchmove,537,162,1645032249344
42254063,touchmove,526,162,1645032249327
42254063,touchmove,542,163,1645032249352
42254063,touchmove,546,163,1645032249361
42254063,touchmove,549,163,1645032249369
42254063,touchmove,551,163,1645032249377
42254063,touchmove,553,164,1645032249386
42254063,touchmove,554,164,1645032249402
42254063,touchmove,553,165,1645032249511
42254063,touchmove,554,165,1645032249419
42254063,touchmove,552,166,1645032249527
42254063,touchend,0,0,1645032249535
42254064,touchdown,431,284,1645032249874
42254064,touchmove,433,286,1645032249953
42254064,touchmove,435,286,1645032249961
42254064,touchmove,438,287,1645032249969
42254064,touchmove,443,287,1645032249978
42254064,touchmove,447,288,1645032249986
42254064,touchmove,453,288,1645032249994
42254064,touchmove,459,288,1645032250002
42254064,touchmove,465,289,1645032250011
42254064,touchmove,472,289,1645032250019
42254064,touchmove,478,289,1645032250027
42254064,touchmove,484,290,1645032250036
42254064,touchmove,491,290,1645032250044
42254064,touchmove,497,290,1645032250052
42254064,touchmove,503,290,1645032250061
42254064,touchmove,509,291,1645032250069
42254064,touchmove,515,291,1645032250077
42254064,touchmove,520,292,1645032250086
42254064,touchmove,524,292,1645032250094
42254064,touchmove,529,293,1645032250103
42254064,touchmove,533,293,1645032250111
42254064,touchmove,537,294,1645032250120
42254064,touchmove,540,294,1645032250128
42254064,touchmove,544,295,1645032250136
42254064,touchmove,547,295,1645032250144
42254064,touchmove,550,296,1645032250153
42254064,touchmove,552,296,1645032250161
42254064,touchmove,555,297,1645032250169
42254064,touchmove,556,297,1645032250178
42254064,touchmove,558,297,1645032250186
42254064,touchmove,559,297,1645032250194
42254064,touchmove,559,298,1645032250211
42254064,touchend,0,0,1645032250344
42254065,touchdown,537,156,1645032250750
42254065,touchmove,540,158,1645032250819
42254065,touchmove,543,158,1645032250828
42254065,touchmove,546,158,1645032250836
42254065,touchmove,549,158,1645032250845
42254065,touchmove,553,158,1645032250853
42254065,touchmove,559,158,1645032250861
42254065,touchmove,564,158,1645032250870
42254065,touchmove,569,159,1645032250878
42254065,touchmove,576,159,1645032250886
42254065,touchmove,581,160,1645032250895
42254065,touchmove,587,160,1645032250903
42254065,touchmove,594,161,1645032250911
42254065,touchmove,600,161,1645032250920
42254065,touchmove,606,162,1645032250928
42254065,touchmove,613,162,1645032250936
42254065,touchmove,619,162,1645032250945
42254065,touchmove,625,163,1645032250953
42254065,touchmove,631,163,1645032250962
42254065,touchmove,637,163,1645032250970
42254065,touchmove,643,163,1645032250978
42254065,touchmove,648,164,1645032250986
42254065,touchmove,652,164,1645032250995
42254065,touchmove,656,165,1645032251003
42254065,touchmove,660,165,1645032251011
42254065,touchmove,663,165,1645032251020
42254065,touchmove,666,166,1645032251028
42254065,touchmove,669,166,1645032251037
42254065,touchmove,672,166,1645032251045
42254065,touchmove,674,167,1645032251053
42254065,touchmove,677,167,1645032251062
42254065,touchmove,679,167,1645032251070
42254065,touchmove,680,167,1645032251078
42254065,touchmove,681,167,1645032251087
42254065,touchmove,681,168,1645032251178
42254065,touchmove,680,169,1645032251187
42254065,touchmove,679,170,1645032251195
42254065,touchmove,676,172,1645032251203
42254065,touchend,0,0,1645032251211
42254066,touchdown,397,444,1645032251550
42254066,touchmove,402,443,1645032251603
42254066,touchmove,407,443,1645032251612
42254066,touchmove,414,443,1645032251620
42254066,touchmove,423,443,1645032251628
42254066,touchmove,432,443,1645032251637
42254066,touchmove,441,443,1645032251645
42254066,touchmove,451,442,1645032251653
42254066,touchmove,460,441,1645032251662
42254066,touchmove,469,441,1645032251670
42254066,touchmove,479,440,1645032251679
42254066,touchmove,489,439,1645032251687
42254066,touchmove,499,438,1645032251695
42254066,touchmove,509,437,1645032251704
42254066,touchmove,518,437,1645032251712
42254066,touchmove,527,436,1645032251720
42254066,touchmove,536,436,1645032251729
42254066,touchmove,544,436,1645032251737
42254066,touchmove,554,435,1645032251745
42254066,touchmove,564,435,1645032251754
42254066,touchmove,573,434,1645032251762
42254066,touchmove,582,434,1645032251770
42254066,touchmove,591,434,1645032251779
42254066,touchmove,600,434,1645032251787
42254066,touchmove,609,433,1645032251795
42254066,touchmove,617,433,1645032251804
42254066,touchmove,624,433,1645032251812
42254066,touchmove,633,433,1645032251820
42254066,touchmove,639,433,1645032251829
42254066,touchmove,646,433,1645032251837
42254066,touchmove,652,433,1645032251845
42254066,touchmove,657,433,1645032251854
42254066,touchmove,662,433,1645032251862
42254066,touchmove,666,433,1645032251870
42254066,touchmove,670,433,1645032251879
42254066,touchmove,674,433,1645032251887
42254066,touchmove,677,433,1645032251895
42254066,touchmove,679,433,1645032251904
42254066,touchmove,681,433,1645032251912
42254066,touchmove,682,433,1645032251920
42254066,touchmove,683,433,1645032251929
42254066,touchmove,684,433,1645032251937
42254066,touchmove,684,434,1645032252011
42254066,touchmove,684,435,1645032252037
42254066,touchmove,683,436,1645032252045
42254066,touchmove,682,437,1645032252054
42254066,touchmove,680,439,1645032252062
42254066,touchend,0,0,1645032252070
42254067,touchdown,519,556,1645032252309
42254067,touchmove,519,561,1645032252362
42254067,touchmove,522,562,1645032252371
42254067,touchmove,526,562,1645032252379
42254067,touchmove,531,563,1645032252387
42254067,touchmove,538,563,1645032252396
42254067,touchmove,545,563,1645032252404
42254067,touchmove,555,563,1645032252412
42254067,touchmove,564,563,1645032252421
42254067,touchmove,573,563,1645032252429
42254067,touchmove,583,563,1645032252437
42254067,touchmove,593,563,1645032252446
42254067,touchmove,602,563,1645032252454
42254067,touchmove,613,563,1645032252462
42254067,touchmove,622,562,1645032252471
42254067,touchmove,632,562,1645032252479
42254067,touchmove,642,561,1645032252487
42254067,touchmove,652,561,1645032252496
42254067,touchmove,661,561,1645032252504
42254067,touchmove,671,561,1645032252512
42254067,touchmove,681,561,1645032252521
42254067,touchmove,692,560,1645032252529
42254067,touchmove,703,560,1645032252537
42254067,touchmove,713,560,1645032252546
42254067,touchmove,723,560,1645032252554
42254067,touchmove,733,560,1645032252562
42254067,touchmove,743,560,1645032252571
42254067,touchmove,752,560,1645032252579
42254067,touchmove,762,560,1645032252587
42254067,touchmove,771,560,1645032252596
42254067,touchmove,779,560,1645032252604
42254067,touchmove,788,560,1645032252612
42254067,touchmove,795,560,1645032252621
42254067,touchmove,827,560,1645032252654
42254067,touchmove,812,560,1645032252637
42254067,touchmove,803,560,1645032252629
42254067,touchmove,820,560,1645032252646
42254067,touchmove,835,560,1645032252662
42254067,touchmove,842,559,1645032252671
42254067,touchmove,849,559,1645032252679
42254067,touchmove,856,559,1645032252687
42254067,touchmove,862,559,1645032252696
42254067,touchmove,868,558,1645032252704
42254067,touchmove,874,558,1645032252712
42254067,touchmove,880,558,1645032252721
42254067,touchmove,886,558,1645032252729
42254067,touchmove,891,558,1645032252737
42254067,touchmove,895,558,1645032252746
42254067,touchmove,899,558,1645032252754
42254067,touchmove,903,558,1645032252762
42254067,touchmove,906,558,1645032252771
42254067,touchmove,908,558,1645032252779
42254067,touchmove,911,558,1645032252788
42254067,touchmove,913,558,1645032252796
42254067,touchmove,914,558,1645032252804
42254067,touchmove,915,559,1645032252812
42254067,touchmove,916,559,1645032252821
42254067,touchmove,917,559,1645032252829
42254067,touchmove,915,559,1645032252904
42254067,touchend,0,0,1645032252912
42254068,touchdown,399,303,1645032253393
42254068,touchmove,407,298,1645032253429
42254068,touchmove,411,298,1645032253438
42254068,touchmove,417,298,1645032253446
42254068,touchmove,423,298,1645032253454
42254068,touchmove,431,299,1645032253463
42254068,touchmove,438,299,1645032253471
42254068,touchmove,446,299,1645032253480
42254068,touchmove,454,300,1645032253488
42254068,touchmove,462,300,1645032253496
42254068,touchmove,472,300,1645032253505
42254068,touchmove,480,301,1645032253513
42254068,touchmove,490,301,1645032253521
42254068,touchmove,499,301,1645032253530
42254068,touchmove,509,302,1645032253538
42254068,touchmove,518,302,1645032253546
42254068,touchmove,527,303,1645032253555
42254068,touchmove,536,303,1645032253563
42254068,touchmove,547,303,1645032253571
42254068,touchmove,557,303,1645032253580
42254068,touchmove,568,303,1645032253588
42254068,touchmove,579,304,1645032253596
42254068,touchmove,590,304,1645032253605
42254068,touchmove,600,304,1645032253613
42254068,touchmove,611,304,1645032253621
42254068,touchmove,621,304,1645032253630
42254068,touchmove,631,304,1645032253638
42254068,touchmove,642,304,1645032253646
42254068,touchmove,650,304,1645032253655
42254068,touchmove,658,304,1645032253663
42254068,touchmove,666,304,1645032253671
42254068,touchmove,674,304,1645032253680
42254068,touchmove,681,304,1645032253688
42254068,touchmove,689,304,1645032253696
42254068,touchmove,695,304,1645032253705
42254068,touchmove,701,304,1645032253713
42254068,touchmove,707,304,1645032253721
42254068,touchmove,712,304,1645032253730
42254068,touchmove,717,304,1645032253738
42254068,touchmove,720,304,1645032253746
42254068,touchmove,723,304,1645032253755
42254068,touchmove,725,304,1645032253763
42254068,touchmove,726,304,1645032253771
42254068,touchmove,727,304,1645032253780
42254068,touchmove,727,305,1645032253854
42254068,touchmove,726,305,1645032253863
42254068,touchmove,724,306,1645032253872
42254068,touchmove,723,308,1645032253880
42254068,touchend,0,0,1645032253888
42254069,touchdown,425,435,1645032254227
42254069,touchmove,424,434,1645032254288
42254069,touchmove,427,434,1645032254297
42254069,touchmove,432,434,1645032254305
42254069,touchmove,438,434,1645032254313
42254069,touchmove,445,434,1645032254322
42254069,touchmove,453,434,1645032254330
42254069,touchmove,462,433,1645032254338
42254069,touchmove,470,432,1645032254347
42254069,touchmove,479,432,1645032254355
42254069,touchmove,488,432,1645032254363
42254069,touchmove,497,431,1645032254372
42254069,touchmove,507,430,1645032254380
42254069,touchmove,517,430,1645032254388
42254069,touchmove,527,429,1645032254397
42254069,touchmove,536,429,1645032254405
42254069,touchmove,548,429,1645032254413
42254069,touchmove,558,428,1645032254422
42254069,touchmove,569,428,1645032254430
42254069,touchmove,581,427,1645032254438
42254069,touchmove,592,427,1645032254447
42254069,touchmove,603,427,1645032254455
42254069,touchmove,615,427,1645032254463
42254069,touchmove,625,427,1645032254472
42254069,touchmove,636,427,1645032254480
42254069,touchmove,648,427,1645032254489
42254069,touchmove,657,427,1645032254497
42254069,touchmove,668,427,1645032254505
42254069,touchmove,679,427,1645032254514
42254069,touchmove,690,427,1645032254522
42254069,touchmove,701,427,1645032254530
42254069,touchmove,712,427,1645032254539
42254069,touchmove,722,427,1645032254547
42254069,touchmove,733,427,1645032254555
42254069,touchmove,743,427,1645032254564
42254069,touchmove,753,427,1645032254572
42254069,touchmove,763,427,1645032254580
42254069,touchmove,773,428,1645032254589
42254069,touchmove,781,428,1645032254597
42254069,touchmove,789,428,1645032254605
42254069,touchmove,797,428,1645032254614
42254069,touchmove,805,429,1645032254622
42254069,touchmove,814,429,1645032254630
42254069,touchmove,823,429,1645032254639
42254069,touchmove,831,429,1645032254647
42254069,touchmove,838,429,1645032254655
42254069,touchmove,846,429,1645032254664
42254069,touchmove,853,429,1645032254672
42254069,touchmove,860,430,1645032254680
42254069,touchmove,867,430,1645032254689
42254069,touchmove,873,430,1645032254697
42254069,touchmove,880,430,1645032254705
42254069,touchmove,886,430,1645032254714
42254069,touchmove,892,430,1645032254722
42254069,touchmove,897,430,1645032254730
42254069,touchmove,902,430,1645032254739
42254069,touchmove,906,431,1645032254747
42254069,touchmove,910,431,1645032254755
42254069,touchmove,913,431,1645032254764
42254069,touchmove,916,431,1645032254772
42254069,touchmove,919,431,1645032254780
42254069,touchmove,921,431,1645032254789
42254069,touchmove,923,431,1645032254797
42254069,touchmove,925,431,1645032254805
42254069,touchmove,926,431,1645032254814
42254069,touchmove,927,431,1645032254830
42254069,touchmove,926,431,1645032254879
42254069,touchmove,924,431,1645032254889
42254069,touchend,0,0,1645032254896
42254070,touchdown,661,304,1645032255245
42254070,touchmove,664,300,1645032255281
42254070,touchmove,669,299,1645032255297
42254070,touchmove,677,299,1645032255314
42254070,touchmove,683,299,1645032255322
42254070,touchmove,689,299,1645032255331
42254070,touchmove,695,299,1645032255339
42254070,touchmove,700,299,1645032255347
42254070,touchmove,707,299,1645032255356
42254070,touchmove,712,299,1645032255364
42254070,touchmove,719,299,1645032255372
42254070,touchmove,726,299,1645032255381
42254070,touchmove,733,299,1645032255389
42254070,touchmove,740,299,1645032255397
42254070,touchmove,748,299,1645032255406
42254070,touchmove,756,299,1645032255414
42254070,touchmove,764,299,1645032255422
42254070,touchmove,772,299,1645032255431
42254070,touchmove,779,299,1645032255439
42254070,touchmove,787,299,1645032255447
42254070,touchmove,793,299,1645032255456
42254070,touchmove,800,299,1645032255464
42254070,touchmove,808,299,1645032255472
42254070,touchmove,816,299,1645032255481
42254070,touchmove,824,300,1645032255489
42254070,touchmove,832,300,1645032255497
42254070,touchmove,840,300,1645032255506
42254070,touchmove,847,300,1645032255514
42254070,touchmove,855,300,1645032255522
42254070,touchmove,862,300,1645032255531
42254070,touchmove,869,300,1645032255539
42254070,touchmove,875,300,1645032255547
42254070,touchmove,882,300,1645032255556
42254070,touchmove,888,300,1645032255564
42254070,touchmove,894,300,1645032255573
42254070,touchmove,900,300,1645032255581
42254070,touchmove,905,300,1645032255589
42254070,touchmove,909,300,1645032255597
42254070,touchmove,913,300,1645032255606
42254070,touchmove,916,300,1645032255614
42254070,touchmove,919,300,1645032255622
42254070,touchmove,921,300,1645032255631
42254070,touchmove,922,300,1645032255639
42254070,touchmove,924,300,1645032255648
42254070,touchmove,925,299,1645032255656
42254070,touchmove,926,299,1645032255672
42254070,touchmove,925,299,1645032255746
42254070,touchmove,924,299,1645032255772
42254070,touchmove,923,299,1645032255781
42254070,touchend,0,0,1645032255789
42254071,touchdown,274,172,1645032256262
42254071,touchmove,278,170,1645032256305
42254071,touchmove,283,171,1645032256315
42254071,touchmove,288,172,1645032256323
42254071,touchmove,294,173,1645032256331
42254071,touchmove,302,174,1645032256340
42254071,touchmove,310,175,1645032256348
42254071,touchmove,319,175,1645032256356
42254071,touchmove,329,176,1645032256365
42254071,touchmove,349,176,1645032256381
42254071,touchmove,338,176,1645032256373
42254071,touchmove,360,176,1645032256390
42254071,touchmove,371,176,1645032256398
42254071,touchmove,383,176,1645032256406
42254071,touchmove,394,176,1645032256415
42254071,touchmove,406,177,1645032256423
42254071,touchmove,418,177,1645032256431
42254071,touchmove,429,177,1645032256440
42254071,touchmove,441,177,1645032256448
42254071,touchmove,453,178,1645032256456
42254071,touchmove,464,178,1645032256465
42254071,touchmove,474,178,1645032256473
42254071,touchmove,486,178,1645032256481
42254071,touchmove,505,178,1645032256498
42254071,touchmove,514,178,1645032256506
42254071,touchmove,522,178,1645032256515
42254071,touchmove,529,179,1645032256523
42254071,touchmove,543,179,1645032256540
42254071,touchmove,536,179,1645032256531
42254071,touchmove,548,179,1645032256548
42254071,touchmove,553,179,1645032256556
42254071,touchmove,558,179,1645032256565
42254071,touchmove,561,179,1645032256573
42254071,touchmove,564,179,1645032256581
42254071,touchmove,566,179,1645032256590
42254071,touchend,0,0,1645032256898
42254072,touchdown,279,68,1645032257478
42254072,touchmove,279,74,1645032257515
42254072,touchmove,279,78,1645032257523
42254072,touchmove,279,82,1645032257532
42254072,touchmove,279,88,1645032257540
42254072,touchmove,279,93,1645032257549
42254072,touchmove,280,100,1645032257557
42254072,touchmove,281,106,1645032257565
42254072,touchmove,281,111,1645032257573
42254072,touchmove,282,118,1645032257582
42254072,touchmove,282,123,1645032257590
42254072,touchmove,283,129,1645032257599
42254072,touchmove,283,135,1645032257607
42254072,touchmove,283,141,1645032257615
42254072,touchmove,283,147,1645032257624
42254072,touchmove,283,152,1645032257632
42254072,touchmove,283,157,1645032257640
42254072,touchmove,283,162,1645032257649
42254072,touchmove,283,166,1645032257657
42254072,touchmove,283,170,1645032257665
42254072,touchmove,284,174,1645032257674
42254072,touchmove,284,177,1645032257682
42254072,touchmove,285,181,1645032257690
42254072,touchmove,285,183,1645032257699
42254072,touchmove,285,185,1645032257707
42254072,touchmove,286,188,1645032257715
42254072,touchmove,286,189,1645032257724
42254072,touchmove,286,191,1645032257732
42254072,touchmove,287,192,1645032257740
42254072,touchmove,287,193,1645032257749
42254072,touchmove,288,193,1645032257757
42254072,touchmove,288,194,1645032257765
42254072,touchmove,288,193,1645032257831
42254072,touchmove,289,191,1645032257840
42254072,touchend,0,0,1645032257848
42254073,touchdown,399,29,1645032258095
42254073,touchmove,400,32,1645032258140
42254073,touchmove,400,37,1645032258149
42254073,touchmove,400,44,1645032258157
42254073,touchmove,400,52,1645032258166
42254073,touchmove,400,60,1645032258174
42254073,touchmove,399,69,1645032258182
42254073,touchmove,398,78,1645032258191
42254073,touchmove,398,86,1645032258199
42254073,touchmove,397,94,1645032258207
42254073,touchmove,397,102,1645032258216
42254073,touchmove,397,110,1645032258224
42254073,touchmove,397,118,1645032258232
42254073,touchmove,397,126,1645032258241
42254073,touchmove,398,151,1645032258266
42254073,touchmove,399,158,1645032258274
42254073,touchmove,400,167,1645032258282
42254073,touchmove,397,134,1645032258249
42254073,touchmove,398,143,1645032258257
42254073,touchmove,400,175,1645032258291
42254073,touchmove,400,184,1645032258299
42254073,touchmove,401,194,1645032258308
42254073,touchmove,401,203,1645032258316
42254073,touchmove,401,212,1645032258324
42254073,touchmove,401,222,1645032258332
42254073,touchmove,401,231,1645032258341
42254073,touchmove,401,240,1645032258349
42254073,touchmove,401,249,1645032258357
42254073,touchmove,401,256,1645032258366
42254073,touchmove,401,271,1645032258382
42254073,touchmove,401,276,1645032258391
42254073,touchmove,401,264,1645032258374
42254073,touchmove,402,281,1645032258399
42254073,touchmove,403,286,1645032258407
42254073,touchmove,404,289,1645032258416
42254073,touchmove,406,292,1645032258424
42254073,touchmove,407,295,1645032258432
42254073,touchmove,407,297,1645032258441
42254073,touchmove,408,299,1645032258449
42254073,touchmove,409,301,1645032258457
42254073,touchmove,409,302,1645032258466
42254073,touchmove,410,303,1645032258474
42254073,touchend,0,0,1645032258523
42254074,touchdown,552,46,1645032258894
42254074,touchmove,553,50,1645032258940
42254074,touchmove,553,55,1645032258949
42254074,touchmove,553,60,1645032258958
42254074,touchmove,553,67,1645032258966
42254074,touchmove,554,74,1645032258974
42254074,touchmove,554,81,1645032258983
42254074,touchmove,555,88,1645032258991
42254074,touchmove,555,96,1645032258999
42254074,touchmove,556,104,1645032259008
42254074,touchmove,556,112,1645032259016
42254074,touchmove,556,121,1645032259024
42254074,touchmove,556,130,1645032259033
42254074,touchmove,556,139,1645032259041
42254074,touchmove,556,149,1645032259049
42254074,touchmove,555,158,1645032259058
42254074,touchmove,554,167,1645032259066
42254074,touchmove,554,177,1645032259075
42254074,touchmove,553,186,1645032259083
42254074,touchmove,553,196,1645032259091
42254074,touchmove,553,208,1645032259099
42254074,touchmove,553,218,1645032259108
42254074,touchmove,553,228,1645032259116
42254074,touchmove,553,239,1645032259124
42254074,touchmove,553,250,1645032259133
42254074,touchmove,553,260,1645032259141
42254074,touchmove,553,271,1645032259149
42254074,touchmove,553,281,1645032259158
42254074,touchmove,553,292,1645032259166
42254074,touchmove,553,303,1645032259175
42254074,touchmove,553,314,1645032259183
42254074,touchmove,553,324,1645032259191
42254074,touchmove,552,336,1645032259200
42254074,touchmove,551,345,1645032259208
42254074,touchmove,550,355,1645032259216
42254074,touchmove,549,364,1645032259225
42254074,touchmove,548,373,1645032259233
42254074,touchmove,548,380,1645032259241
42254074,touchmove,548,387,1645032259250
42254074,touchmove,547,393,1645032259258
42254074,touchmove,547,400,1645032259266
42254074,touchmove,547,406,1645032259275
42254074,touchmove,547,411,1645032259283
42254074,touchmove,547,416,1645032259291
42254074,touchmove,547,421,1645032259300
42254074,touchmove,547,424,1645032259308
42254074,touchmove,547,428,1645032259316
42254074,touchmove,546,430,1645032259325
42254074,touchmove,545,433,1645032259333
42254074,touchmove,545,435,1645032259341
42254074,touchmove,545,436,1645032259350
42254074,touchmove,545,437,1645032259358
42254074,touchmove,544,437,1645032259375
42254074,touchmove,543,436,1645032259425
42254074,touchmove,543,435,1645032259433
42254074,touchmove,542,432,1645032259441
42254074,touchend,0,0,1645032259449
42254075,touchdown,388,294,1645032259764
42254075,touchmove,389,300,1645032259791
42254075,touchmove,389,305,1645032259800
42254075,touchmove,389,312,1645032259808
42254075,touchmove,390,319,1645032259817
42254075,touchmove,392,326,1645032259825
42254075,touchmove,394,334,1645032259833
42254075,touchmove,395,341,1645032259842
42254075,touchmove,397,348,1645032259850
42254075,touchmove,398,356,1645032259858
42254075,touchmove,399,363,1645032259866
42254075,touchmove,400,371,1645032259875
42254075,touchmove,401,378,1645032259883
42254075,touchmove,402,385,1645032259892
42254075,touchmove,402,392,1645032259900
42254075,touchmove,402,399,1645032259908
42254075,touchmove,403,406,1645032259917
42254075,touchmove,403,413,1645032259925
42254075,touchmove,404,420,1645032259933
42254075,touchmove,404,425,1645032259942
42254075,touchmove,404,430,1645032259950
42254075,touchmove,405,435,1645032259958
42254075,touchmove,405,439,1645032259967
42254075,touchmove,406,443,1645032259975
42254075,touchmove,406,446,1645032259983
42254075,touchmove,406,448,1645032259992
42254075,touchmove,406,450,1645032260000
42254075,touchmove,406,451,1645032260008
42254075,touchmove,406,452,1645032260017
42254075,touchmove,407,452,1645032260133
42254075,touchend,0,0,1645032260149
42254076,touchdown,652,28,1645032260680
42254076,touchmove,654,33,1645032260725
42254076,touchmove,655,37,1645032260734
42254076,touchmove,657,44,1645032260742
42254076,touchmove,658,51,1645032260750
42254076,touchmove,659,59,1645032260759
42254076,touchmove,660,67,1645032260767
42254076,touchmove,660,77,1645032260775
42254076,touchmove,660,86,1645032260784
42254076,touchmove,660,96,1645032260792
42254076,touchmove,660,106,1645032260800
42254076,touchmove,660,118,1645032260809
42254076,touchmove,660,128,1645032260817
42254076,touchmove,660,140,1645032260825
42254076,touchmove,661,151,1645032260834
42254076,touchmove,661,162,1645032260842
42254076,touchmove,662,173,1645032260851
42254076,touchmove,662,184,1645032260859
42254076,touchmove,662,197,1645032260867
42254076,touchmove,662,210,1645032260875
42254076,touchmove,662,224,1645032260884
42254076,touchmove,662,237,1645032260892
42254076,touchmove,662,251,1645032260900
42254076,touchmove,662,264,1645032260909
42254076,touchmove,662,277,1645032260917
42254076,touchmove,662,290,1645032260926
42254076,touchmove,663,303,1645032260934
42254076,touchmove,663,316,1645032260942
42254076,touchmove,663,330,1645032260951
42254076,touchmove,663,343,1645032260959
42254076,touchmove,663,357,1645032260967
42254076,touchmove,663,370,1645032260976
42254076,touchmove,663,383,1645032260984
42254076,touchmove,663,395,1645032260992
42254076,touchmove,663,407,1645032261001
42254076,touchmove,662,418,1645032261009
42254076,touchmove,661,430,1645032261017
42254076,touchmove,661,440,1645032261026
42254076,touchmove,660,451,1645032261034
42254076,touchmove,660,462,1645032261042
42254076,touchmove,659,471,1645032261051
42254076,touchmove,659,480,1645032261059
42254076,touchmove,659,489,1645032261067
42254076,touchmove,659,496,1645032261076
42254076,touchmove,659,510,1645032261092
42254076,touchmove,659,503,1645032261084
42254076,touchmove,659,517,1645032261101
42254076,touchmove,659,523,1645032261109
42254076,touchmove,659,529,1645032261117
42254076,touchmove,659,534,1645032261126
42254076,touchmove,660,539,1645032261134
42254076,touchmove,660,543,1645032261142
42254076,touchmove,660,547,1645032261151
42254076,touchmove,660,549,1645032261159
42254076,touchmove,660,550,1645032261167
42254076,touchmove,660,552,1645032261176
42254076,touchmove,660,551,1645032261242
42254076,touchmove,660,548,1645032261251
42254076,touchmove,661,544,1645032261259
42254076,touchend,0,0,1645032261267
42254077,touchdown,799,153,1645032261557
42254077,touchmove,801,149,1645032261567
42254077,touchmove,802,147,1645032261574
42254077,touchmove,802,145,1645032261578
42254077,touchmove,803,144,1645032261584
42254077,touchmove,803,145,1645032261609
42254077,touchmove,803,148,1645032261617
42254077,touchmove,803,151,1645032261626
42254077,touchmove,803,154,1645032261634
42254077,touchmove,803,159,1645032261643
42254077,touchmove,803,164,1645032261651
42254077,touchmove,803,170,1645032261659
42254077,touchmove,802,176,1645032261668
42254077,touchmove,800,182,1645032261676
42254077,touchmove,799,189,1645032261684
42254077,touchmove,798,195,1645032261693
42254077,touchmove,797,201,1645032261701
42254077,touchmove,797,208,1645032261709
42254077,touchmove,796,214,1645032261718
42254077,touchmove,796,219,1645032261726
42254077,touchmove,796,225,1645032261734
42254077,touchmove,796,231,1645032261743
42254077,touchmove,796,236,1645032261751
42254077,touchmove,796,241,1645032261759
42254077,touchmove,796,246,1645032261768
42254077,touchmove,796,251,1645032261776
42254077,touchmove,796,256,1645032261784
42254077,touchmove,796,261,1645032261793
42254077,touchmove,796,265,1645032261801
42254077,touchmove,796,269,1645032261809
42254077,touchmove,796,273,1645032261818
42254077,touchmove,796,276,1645032261826
42254077,touchmove,796,279,1645032261834
42254077,touchmove,797,281,1645032261843
42254077,touchmove,797,283,1645032261851
42254077,touchmove,797,284,1645032261859
42254077,touchmove,797,285,1645032261868
42254077,touchmove,797,284,1645032261968
42254077,touchmove,797,283,1645032261976
42254077,touchend,0,0,1645032261984
42254078,touchdown,925,41,1645032262289
42254078,touchmove,926,43,1645032262326
42254078,touchmove,926,46,1645032262335
42254078,touchmove,926,52,1645032262343
42254078,touchmove,926,58,1645032262351
42254078,touchmove,926,64,1645032262360
42254078,touchmove,925,71,1645032262368
42254078,touchmove,924,79,1645032262376
42254078,touchmove,924,85,1645032262385
42254078,touchmove,922,92,1645032262393
42254078,touchmove,921,100,1645032262401
42254078,touchmove,921,108,1645032262410
42254078,touchmove,920,116,1645032262418
42254078,touchmove,919,125,1645032262426
42254078,touchmove,919,133,1645032262435
42254078,touchmove,918,141,1645032262443
42254078,touchmove,917,149,1645032262451
42254078,touchmove,917,157,1645032262460
42254078,touchmove,917,165,1645032262468
42254078,touchmove,917,173,1645032262476
42254078,touchmove,917,181,1645032262485
42254078,touchmove,917,189,1645032262493
42254078,touchmove,917,199,1645032262501
42254078,touchmove,917,208,1645032262510
42254078,touchmove,917,217,1645032262518
42254078,touchmove,917,226,1645032262526
42254078,touchmove,917,235,1645032262535
42254078,touchmove,917,243,1645032262543
42254078,touchmove,917,251,1645032262551
42254078,touchmove,917,258,1645032262560
42254078,touchmove,917,265,1645032262568
42254078,touchmove,917,271,1645032262576
42254078,touchmove,917,276,1645032262585
42254078,touchmove,917,281,1645032262593
42254078,touchmove,917,286,1645032262601
42254078,touchmove,917,290,1645032262610
42254078,touchmove,917,293,1645032262618
42254078,touchmove,917,296,1645032262626
42254078,touchmove,917,298,1645032262635
42254078,touchmove,917,300,1645032262643
42254078,touchmove,917,301,1645032262652
42254078,touchmove,917,302,1645032262660
42254078,touchmove,917,303,1645032262668
42254078,touchmove,917,302,1645032262752
42254078,touchmove,917,301,1645032262768
42254078,touchmove,917,300,1645032262777
42254078,touchmove,915,299,1645032262785
42254078,touchend,0,0,1645032262793
42254079,touchdown,525,164,1645032263191
42254079,touchmove,526,167,1645032263226
42254079,touchmove,526,171,1645032263235
42254079,touchmove,527,176,1645032263243
42254079,touchmove,529,182,1645032263252
42254079,touchmove,531,190,1645032263260
42254079,touchmove,532,198,1645032263268
42254079,touchmove,533,205,1645032263277
42254079,touchmove,534,212,1645032263285
42254079,touchmove,536,219,1645032263293
42254079,touchmove,536,227,1645032263302
42254079,touchmove,537,235,1645032263310
42254079,touchmove,538,242,1645032263319
42254079,touchmove,539,251,1645032263327
42254079,touchmove,540,260,1645032263335
42254079,touchmove,540,268,1645032263343
42254079,touchmove,541,277,1645032263352
42254079,touchmove,542,286,1645032263360
42254079,touchmove,542,295,1645032263369
42254079,touchmove,542,304,1645032263377
42254079,touchmove,543,313,1645032263385
42254079,touchmove,543,322,1645032263394
42254079,touchmove,543,331,1645032263402
42254079,touchmove,543,341,1645032263410
42254079,touchmove,543,350,1645032263419
42254079,touchmove,543,359,1645032263427
42254079,touchmove,542,369,1645032263435
42254079,touchmove,541,378,1645032263444
42254079,touchmove,540,387,1645032263452
42254079,touchmove,539,396,1645032263460
42254079,touchmove,538,404,1645032263469
42254079,touchmove,538,413,1645032263477
42254079,touchmove,537,421,1645032263485
42254079,touchmove,536,428,1645032263494
42254079,touchmove,536,435,1645032263502
42254079,touchmove,535,442,1645032263510
42254079,touchmove,534,449,1645032263519
42254079,touchmove,534,457,1645032263527
42254079,touchmove,533,465,1645032263535
42254079,touchmove,532,472,1645032263544
42254079,touchmove,531,479,1645032263552
42254079,touchmove,530,486,1645032263560
42254079,touchmove,529,493,1645032263569
42254079,touchmove,528,508,1645032263585
42254079,touchmove,526,532,1645032263619
42254079,touchmove,527,515,1645032263594
42254079,touchmove,527,521,1645032263602
42254079,touchmove,529,501,1645032263577
42254079,touchmove,526,527,1645032263610
42254079,touchmove,526,536,1645032263627
42254079,touchmove,526,540,1645032263635
42254079,touchmove,526,543,1645032263644
42254079,touchmove,526,545,1645032263652
42254079,touchmove,526,547,1645032263660
42254079,touchmove,526,548,1645032263677
42254079,touchmove,526,547,1645032263760
42254079,touchmove,526,546,1645032263777
42254079,touchend,0,0,1645032263793
42254079,touchmove,526,543,1645032263786
42254080,touchdown,675,157,1645032264175
42254080,touchmove,675,161,1645032264202
42254080,touchmove,675,164,1645032264211
42254080,touchmove,675,168,1645032264219
42254080,touchmove,675,172,1645032264227
42254080,touchmove,675,177,1645032264236
42254080,touchmove,675,182,1645032264244
42254080,touchmove,675,187,1645032264252
42254080,touchmove,675,192,1645032264261
42254080,touchmove,675,196,1645032264269
42254080,touchmove,674,202,1645032264277
42254080,touchmove,674,206,1645032264286
42254080,touchmove,673,211,1645032264294
42254080,touchmove,672,216,1645032264302
42254080,touchmove,672,221,1645032264311
42254080,touchmove,671,226,1645032264319
42254080,touchmove,671,231,1645032264327
42254080,touchmove,671,237,1645032264336
42254080,touchmove,671,242,1645032264344
42254080,touchmove,670,247,1645032264352
42254080,touchmove,670,252,1645032264361
42254080,touchmove,670,257,1645032264369
42254080,touchmove,670,263,1645032264378
42254080,touchmove,669,267,1645032264386
42254080,touchmove,669,271,1645032264394
42254080,touchmove,668,276,1645032264402
42254080,touchmove,668,279,1645032264411
42254080,touchmove,668,282,1645032264419
42254080,touchmove,667,285,1645032264428
42254080,touchmove,667,287,1645032264436
42254080,touchmove,667,289,1645032264444
42254080,touchmove,667,290,1645032264453
42254080,touchmove,667,292,1645032264461
42254080,touchmove,667,293,1645032264469
42254080,touchmove,667,294,1645032264486
42254080,touchmove,667,293,1645032264586
42254080,touchmove,667,292,1645032264595
42254080,touchmove,665,291,1645032264603
42254080,touchend,0,0,1645032264610
42254081,touchmove,385,179,1645032265028
42254081,touchmove,386,185,1645032265036
42254081,touchmove,385,170,1645032265011
42254081,touchdown,385,168,1645032264975
42254081,touchmove,385,173,1645032265019
42254081,touchmove,387,192,1645032265044
42254081,touchmove,388,199,1645032265053
42254081,touchmove,389,207,1645032265061
42254081,touchmove,390,214,1645032265069
42254081,touchmove,391,221,1645032265078
42254081,touchmove,392,229,1645032265086
42254081,touchmove,392,237,1645032265095
42254081,touchmove,393,244,1645032265103
42254081,touchmove,393,253,1645032265111
42254081,touchmove,393,262,1645032265120
42254081,touchmove,393,271,1645032265128
42254081,touchmove,393,280,1645032265136
42254081,touchmove,393,289,1645032265145
42254081,touchmove,393,298,1645032265153
42254081,touchmove,393,307,1645032265161
42254081,touchmove,393,317,1645032265169
42254081,touchmove,393,326,1645032265178
42254081,touchmove,392,337,1645032265186
42254081,touchmove,391,346,1645032265194
42254081,touchmove,390,356,1645032265203
42254081,touchmove,390,365,1645032265211
42254081,touchmove,389,374,1645032265219
42254081,touchmove,389,383,1645032265228
42254081,touchmove,389,391,1645032265236
42254081,touchmove,389,399,1645032265244
42254081,touchmove,389,406,1645032265253
42254081,touchmove,389,412,1645032265261
42254081,touchmove,389,418,1645032265270
42254081,touchmove,389,422,1645032265278
42254081,touchmove,389,426,1645032265286
42254081,touchmove,389,429,1645032265295
42254081,touchmove,389,431,1645032265303
42254081,touchmove,389,434,1645032265311
42254081,touchmove,389,435,1645032265320
42254081,touchmove,389,436,1645032265328
42254081,touchmove,390,436,1645032265336
42254081,touchmove,390,435,1645032265411
42254081,touchmove,390,434,1645032265420
42254081,touchmove,390,432,1645032265428
42254081,touchmove,389,428,1645032265436
42254081,touchmove,388,423,1645032265445
42254081,touchend,0,0,1645032265453
42254082,touchdown,302,52,1645032265926
42254082,touchmove,304,53,1645032265969
42254082,touchmove,307,55,1645032265978
42254082,touchmove,310,59,1645032265987
42254082,touchmove,314,63,1645032265995
42254082,touchmove,318,68,1645032266003
42254082,touchmove,322,72,1645032266012
42254082,touchmove,327,77,1645032266020
42254082,touchmove,331,82,1645032266028
42254082,touchmove,335,86,1645032266037
42254082,touchmove,339,90,1645032266045
42254082,touchmove,344,95,1645032266053
42254082,touchmove,348,99,1645032266062
42254082,touchmove,353,104,1645032266070
42254082,touchmove,357,108,1645032266078
42254082,touchmove,362,112,1645032266087
42254082,touchmove,367,117,1645032266095
42254082,touchmove,372,121,1645032266104
42254082,touchmove,400,146,1645032266153
42254082,touchmove,382,130,1645032266120
42254082,touchmove,387,134,1645032266129
42254082,touchmove,392,138,1645032266137
42254082,touchmove,396,142,1645032266145
42254082,touchmove,377,125,1645032266112
42254082,touchmove,404,149,1645032266162
42254082,touchmove,408,153,1645032266170
42254082,touchmove,415,159,1645032266187
42254082,touchmove,412,156,1645032266179
42254082,touchmove,418,162,1645032266195
42254082,touchmove,421,164,1645032266204
42254082,touchmove,424,167,1645032266212
42254082,touchmove,426,168,1645032266220
42254082,touchmove,429,170,1645032266229
42254082,touchmove,430,172,1645032266237
42254082,touchmove,431,173,1645032266245
42254082,touchmove,432,173,1645032266253
42254082,touchmove,432,174,1645032266262
42254082,touchmove,433,174,1645032266270
42254082,touchmove,432,174,1645032266404
42254082,touchmove,432,173,1645032266412
42254082,touchend,0,0,1645032266420
42254083,touchdown,405,22,1645032266743
42254083,touchmove,410,24,1645032266778
42254083,touchmove,413,26,1645032266787
42254083,touchmove,418,29,1645032266796
42254083,touchmove,422,33,1645032266804
42254083,touchmove,427,37,1645032266812
42254083,touchmove,433,41,1645032266820
42254083,touchmove,438,46,1645032266829
42254083,touchmove,443,52,1645032266837
42254083,touchmove,448,56,1645032266845
42254083,touchmove,453,62,1645032266854
42254083,touchmove,458,67,1645032266862
42254083,touchmove,463,73,1645032266871
42254083,touchmove,468,78,1645032266879
42254083,touchmove,473,84,1645032266887
42254083,touchmove,478,90,1645032266896
42254083,touchmove,509,125,1645032266946
42254083,touchmove,493,107,1645032266921
42254083,touchmove,514,131,1645032266954
42254083,touchmove,498,114,1645032266929
42254083,touchmove,520,137,1645032266962
42254083,touchmove,503,120,1645032266937
42254083,touchmove,482,96,1645032266904
42254083,touchmove,488,102,1645032266912
42254083,touchmove,524,142,1645032266971
42254083,touchmove,529,147,1645032266979
42254083,touchmove,533,152,1645032266987
42254083,touchmove,536,156,1645032266996
42254083,touchmove,539,160,1645032267004
42254083,touchmove,542,163,1645032267012
42254083,touchmove,545,167,1645032267021
42254083,touchmove,547,170,1645032267029
42254083,touchmove,550,173,1645032267037
42254083,touchmove,552,175,1645032267045
42254083,touchmove,553,177,1645032267054
42254083,touchmove,555,178,1645032267062
42254083,touchmove,556,179,1645032267071
42254083,touchmove,557,179,1645032267079
42254083,touchmove,557,180,1645032267087
42254083,touchmove,556,180,1645032267161
42254083,touchend,0,0,1645032267170
42254084,touchdown,399,295,1645032267493
42254084,touchmove,403,298,1645032267537
42254084,touchmove,407,300,1645032267546
42254084,touchmove,412,303,1645032267554
42254084,touchmove,417,308,1645032267563
42254084,touchmove,422,312,1645032267571
42254084,touchmove,428,317,1645032267579
42254084,touchmove,434,321,1645032267588
42254084,touchmove,439,326,1645032267596
42254084,touchmove,445,330,1645032267604
42254084,touchmove,451,335,1645032267613
42254084,touchmove,457,340,1645032267621
42254084,touchmove,463,345,1645032267629
42254084,touchmove,469,349,1645032267638
42254084,touchmove,475,354,1645032267646
42254084,touchmove,481,359,1645032267654
42254084,touchmove,487,364,1645032267663
42254084,touchmove,493,369,1645032267671
42254084,touchmove,499,374,1645032267679
42254084,touchmove,504,378,1645032267688
42254084,touchmove,510,383,1645032267696
42254084,touchmove,515,388,1645032267704
42254084,touchmove,521,392,1645032267713
42254084,touchmove,526,396,1645032267721
42254084,touchmove,530,401,1645032267729
42254084,touchmove,534,404,1645032267738
42254084,touchmove,538,408,1645032267746
42254084,touchmove,543,412,1645032267754
42254084,touchmove,546,415,1645032267763
42254084,touchmove,549,418,1645032267771
42254084,touchmove,552,420,1645032267779
42254084,touchmove,555,422,1645032267788
42254084,touchmove,557,424,1645032267796
42254084,touchmove,558,425,1645032267804
42254084,touchmove,560,426,1645032267813
42254084,touchmove,561,427,1645032267821
42254084,touchmove,562,428,1645032267838
42254084,touchmove,561,428,1645032267912
42254084,touchmove,560,428,1645032267921
42254084,touchmove,557,428,1645032267930
42254084,touchend,0,0,1645032267937
42254085,touchdown,291,196,1645032268335
42254085,touchmove,296,201,1645032268354
42254085,touchmove,300,205,1645032268363
42254085,touchmove,309,214,1645032268380
42254085,touchmove,304,209,1645032268371
42254085,touchmove,315,219,1645032268388
42254085,touchmove,321,224,1645032268396
42254085,touchmove,327,230,1645032268405
42254085,touchmove,333,236,1645032268413
42254085,touchmove,341,243,1645032268421
42254085,touchmove,348,249,1645032268430
42254085,touchmove,355,256,1645032268438
42254085,touchmove,363,264,1645032268447
42254085,touchmove,371,271,1645032268455
42254085,touchmove,379,279,1645032268463
42254085,touchmove,387,286,1645032268471
42254085,touchmove,395,294,1645032268480
42254085,touchmove,403,302,1645032268488
42254085,touchmove,411,310,1645032268496
42254085,touchmove,420,318,1645032268505
42254085,touchmove,428,327,1645032268513
42254085,touchmove,436,335,1645032268521
42254085,touchmove,444,343,1645032268530
42254085,touchmove,452,351,1645032268538
42254085,touchmove,460,358,1645032268547
42254085,touchmove,468,365,1645032268555
42254085,touchmove,476,373,1645032268563
42254085,touchmove,483,379,1645032268571
42254085,touchmove,490,386,1645032268580
42254085,touchmove,497,393,1645032268588
42254085,touchmove,503,399,1645032268597
42254085,touchmove,509,405,1645032268605
42254085,touchmove,514,411,1645032268613
42254085,touchmove,519,416,1645032268622
42254085,touchmove,523,421,1645032268630
42254085,touchmove,527,425,1645032268638
42254085,touchmove,531,429,1645032268647
42254085,touchmove,534,432,1645032268655
42254085,touchmove,538,435,1645032268663
42254085,touchmove,540,438,1645032268672
42254085,touchmove,543,440,1645032268680
42254085,touchmove,545,442,1645032268688
42254085,touchmove,546,443,1645032268697
42254085,touchmove,547,443,1645032268705
42254085,touchmove,548,444,1645032268713
42254085,touchmove,548,443,1645032268788
42254085,touchmove,547,442,1645032268805
42254085,touchmove,546,441,1645032268813
42254085,touchmove,545,437,1645032268822
42254085,touchend,0,0,1645032268829
42254086,touchdown,410,159,1645032269210
42254086,touchmove,413,163,1645032269246
42254086,touchmove,415,166,1645032269255
42254086,touchmove,417,169,1645032269263
42254086,touchmove,421,173,1645032269272
42254086,touchmove,424,177,1645032269280
42254086,touchmove,428,180,1645032269289
42254086,touchmove,432,184,1645032269297
42254086,touchmove,436,189,1645032269305
42254086,touchmove,441,193,1645032269314
42254086,touchmove,445,197,1645032269322
42254086,touchmove,450,202,1645032269330
42254086,touchmove,455,207,1645032269339
42254086,touchmove,460,212,1645032269347
42254086,touchmove,465,218,1645032269355
42254086,touchmove,470,223,1645032269364
42254086,touchmove,475,229,1645032269372
42254086,touchmove,480,235,1645032269380
42254086,touchmove,485,240,1645032269389
42254086,touchmove,491,246,1645032269397
42254086,touchmove,496,252,1645032269405
42254086,touchmove,502,257,1645032269414
42254086,touchmove,507,263,1645032269422
42254086,touchmove,513,269,1645032269430
42254086,touchmove,518,274,1645032269439
42254086,touchmove,523,279,1645032269447
42254086,touchmove,528,285,1645032269455
42254086,touchmove,533,290,1645032269464
42254086,touchmove,538,294,1645032269472
42254086,touchmove,542,300,1645032269480
42254086,touchmove,547,305,1645032269489
42254086,touchmove,550,310,1645032269497
42254086,touchmove,555,315,1645032269505
42254086,touchmove,559,319,1645032269514
42254086,touchmove,563,324,1645032269522
42254086,touchmove,568,327,1645032269530
42254086,touchmove,572,331,1645032269539
42254086,touchmove,575,334,1645032269547
42254086,touchmove,579,336,1645032269555
42254086,touchmove,582,338,1645032269564
42254086,touchmove,585,340,1645032269572
42254086,touchmove,587,341,1645032269580
42254086,touchmove,589,342,1645032269589
42254086,touchmove,591,343,1645032269597
42254086,touchmove,592,344,1645032269605
42254086,touchmove,593,345,1645032269614
42254086,touchmove,595,346,1645032269622
42254086,touchmove,596,347,1645032269639
42254086,touchmove,597,349,1645032269647
42254086,touchmove,597,350,1645032269656
42254086,touchend,0,0,1645032269663
42254087,touchdown,524,164,1645032270320
42254087,touchmove,527,157,1645032270355
42254087,touchmove,527,156,1645032270364
42254087,touchmove,528,156,1645032270389
42254087,touchmove,529,156,1645032270398
42254087,touchmove,530,158,1645032270406
42254087,touchmove,532,160,1645032270414
42254087,touchmove,534,162,1645032270423
42254087,touchmove,535,165,1645032270431
42254087,touchmove,537,168,1645032270439
42254087,touchmove,539,172,1645032270448
42254087,touchmove,541,176,1645032270456
42254087,touchmove,544,181,1645032270464
42254087,touchmove,548,186,1645032270473
42254087,touchmove,552,192,1645032270481
42254087,touchmove,557,198,1645032270489
42254087,touchmove,561,204,1645032270498
42254087,touchmove,566,209,1645032270506
42254087,touchmove,572,215,1645032270514
42254087,touchmove,577,220,1645032270523
42254087,touchmove,582,225,1645032270531
42254087,touchmove,588,231,1645032270539
42254087,touchmove,593,236,1645032270548
42254087,touchmove,598,241,1645032270556
42254087,touchmove,604,246,1645032270564
42254087,touchmove,610,251,1645032270573
42254087,touchmove,615,256,1645032270581
42254087,touchmove,622,261,1645032270589
42254087,touchmove,627,265,1645032270598
42254087,touchmove,632,270,1645032270606
42254087,touchmove,637,274,1645032270614
42254087,touchmove,642,278,1645032270623
42254087,touchmove,647,282,1645032270631
42254087,touchmove,651,286,1645032270639
42254087,touchmove,654,290,1645032270648
42254087,touchmove,657,293,1645032270656
42254087,touchmove,660,296,1645032270664
42254087,touchmove,663,299,1645032270673
42254087,touchmove,666,302,1645032270681
42254087,touchmove,668,304,1645032270689
42254087,touchmove,670,307,1645032270698
42254087,touchmove,672,308,1645032270706
42254087,touchmove,674,310,1645032270714
42254087,touchmove,675,312,1645032270723
42254087,touchmove,676,313,1645032270731
42254087,touchmove,677,314,1645032270739
42254087,touchmove,678,315,1645032270748
42254087,touchmove,679,315,1645032270756
42254087,touchmove,678,315,1645032270831
42254087,touchmove,677,315,1645032270840
42254087,touchmove,674,315,1645032270848
42254087,touchmove,671,315,1645032270856
42254087,touchend,0,0,1645032270864
42254088,touchdown,520,297,1645032271095
42254088,touchmove,524,298,1645032271147
42254088,touchmove,527,300,1645032271156
42254088,touchmove,531,303,1645032271165
42254088,touchmove,536,307,1645032271173
42254088,touchmove,541,312,1645032271181
42254088,touchmove,547,317,1645032271190
42254088,touchmove,552,321,1645032271198
42254088,touchmove,558,327,1645032271206
42254088,touchmove,563,331,1645032271215
42254088,touchmove,568,336,1645032271223
42254088,touchmove,574,341,1645032271231
42254088,touchmove,580,346,1645032271240
42254088,touchmove,586,351,1645032271248
42254088,touchmove,593,356,1645032271256
42254088,touchmove,599,361,1645032271265
42254088,touchmove,605,366,1645032271273
42254088,touchmove,613,371,1645032271281
42254088,touchmove,619,376,1645032271290
42254088,touchmove,626,381,1645032271298
42254088,touchmove,633,387,1645032271306
42254088,touchmove,641,392,1645032271315
42254088,touchmove,648,397,1645032271323
42254088,touchmove,655,402,1645032271331
42254088,touchmove,662,407,1645032271340
42254088,touchmove,669,413,1645032271348
42254088,touchmove,676,418,1645032271356
42254088,touchmove,684,423,1645032271365
42254088,touchmove,691,429,1645032271373
42254088,touchmove,698,435,1645032271381
42254088,touchmove,705,441,1645032271390
42254088,touchmove,712,447,1645032271398
42254088,touchmove,719,453,1645032271406
42254088,touchmove,726,458,1645032271415
42254088,touchmove,733,464,1645032271423
42254088,touchmove,740,469,1645032271431
42254088,touchmove,747,475,1645032271440
42254088,touchmove,754,481,1645032271448
42254088,touchmove,760,486,1645032271456
42254088,touchmove,767,491,1645032271465
42254088,touchmove,773,496,1645032271473
42254088,touchmove,779,501,1645032271481
42254088,touchmove,785,506,1645032271490
42254088,touchmove,790,511,1645032271498
42254088,touchmove,795,515,1645032271506
42254088,touchmove,800,519,1645032271515
42254088,touchmove,805,524,1645032271523
42254088,touchmove,808,528,1645032271532
42254088,touchmove,812,531,1645032271540
42254088,touchmove,815,534,1645032271548
42254088,touchmove,818,536,1645032271556
42254088,touchmove,820,539,1645032271565
42254088,touchmove,822,542,1645032271573
42254088,touchmove,824,543,1645032271582
42254088,touchmove,826,545,1645032271590
42254088,touchmove,827,547,1645032271598
42254088,touchmove,829,549,1645032271607
42254088,touchmove,830,550,1645032271615
42254088,touchmove,831,551,1645032271623
42254088,touchmove,832,552,1645032271632
42254088,touchmove,832,553,1645032271640
42254088,touchmove,833,553,1645032271648
42254088,touchmove,833,554,1645032271657
42254088,touchmove,834,554,1645032271665
42254088,touchmove,833,554,1645032271740
42254088,touchmove,832,554,1645032271748
42254088,touchmove,831,553,1645032271757
42254088,touchend,0,0,1645032271764
42254089,touchdown,667,287,1645032272112
42254089,touchmove,671,290,1645032272156
42254089,touchmove,674,294,1645032272165
42254089,touchmove,678,298,1645032272174
42254089,touchmove,682,303,1645032272182
42254089,touchmove,688,308,1645032272190
42254089,touchmove,691,314,1645032272199
42254089,touchmove,696,319,1645032272207
42254089,touchmove,701,325,1645032272215
42254089,touchmove,705,330,1645032272224
42254089,touchmove,709,336,1645032272232
42254089,touchmove,714,341,1645032272240
42254089,touchmove,718,346,1645032272249
42254089,touchmove,723,352,1645032272257
42254089,touchmove,727,357,1645032272265
42254089,touchmove,732,362,1645032272274
42254089,touchmove,737,367,1645032272282
42254089,touchmove,743,373,1645032272290
42254089,touchmove,748,378,1645032272299
42254089,touchmove,753,383,1645032272307
42254089,touchmove,759,388,1645032272315
42254089,touchmove,764,393,1645032272324
42254089,touchmove,769,398,1645032272332
42254089,touchmove,775,403,1645032272340
42254089,touchmove,779,408,1645032272349
42254089,touchmove,783,412,1645032272357
42254089,touchmove,788,417,1645032272365
42254089,touchmove,791,421,1645032272374
42254089,touchmove,794,424,1645032272382
42254089,touchmove,798,427,1645032272390
42254089,touchmove,801,430,1645032272399
42254089,touchmove,803,433,1645032272407
42254089,touchmove,806,436,1645032272415
42254089,touchmove,808,438,1645032272424
42254089,touchmove,810,440,1645032272432
42254089,touchmove,812,442,1645032272440
42254089,touchmove,814,444,1645032272449
42254089,touchmove,815,445,1645032272457
42254089,touchmove,816,446,1645032272465
42254089,touchmove,817,446,1645032272474
42254089,touchmove,818,447,1645032272482
42254089,touchmove,817,447,1645032272556
42254089,touchmove,816,447,1645032272565
42254089,touchmove,814,447,1645032272574
42254089,touchmove,812,447,1645032272582
42254089,touchend,0,0,1645032272589
42254090,touchdown,663,141,1645032273038
42254090,touchmove,665,142,1645032273074
42254090,touchmove,667,145,1645032273082
42254090,touchmove,671,149,1645032273091
42254090,touchmove,675,154,1645032273099
42254090,touchmove,679,160,1645032273107
42254090,touchmove,684,165,1645032273116
42254090,touchmove,688,171,1645032273124
42254090,touchmove,693,176,1645032273132
42254090,touchmove,696,181,1645032273141
42254090,touchmove,701,186,1645032273149
42254090,touchmove,705,191,1645032273157
42254090,touchmove,709,197,1645032273166
42254090,touchmove,713,203,1645032273174
42254090,touchmove,717,209,1645032273182
42254090,touchmove,721,214,1645032273191
42254090,touchmove,724,220,1645032273199
42254090,touchmove,728,225,1645032273207
42254090,touchmove,731,230,1645032273216
42254090,touchmove,735,236,1645032273224
42254090,touchmove,739,241,1645032273232
42254090,touchmove,742,246,1645032273241
42254090,touchmove,746,251,1645032273249
42254090,touchmove,750,255,1645032273257
42254090,touchmove,753,259,1645032273266
42254090,touchmove,757,264,1645032273274
42254090,touchmove,760,267,1645032273282
42254090,touchmove,764,271,1645032273291
42254090,touchmove,767,275,1645032273299
42254090,touchmove,770,278,1645032273308
42254090,touchmove,773,280,1645032273316
42254090,touchmove,776,283,1645032273324
42254090,touchmove,778,285,1645032273333
42254090,touchmove,780,286,1645032273341
42254090,touchmove,781,288,1645032273349
42254090,touchmove,783,289,1645032273357
42254090,touchmove,784,290,1645032273374
42254090,touchmove,785,290,1645032273391
42254090,touchmove,784,290,1645032273474
42254090,touchmove,783,290,1645032273483
42254090,touchmove,781,289,1645032273491
42254090,touchmove,778,289,1645032273499
42254090,touchend,0,0,1645032273507
42254091,touchdown,526,42,1645032273863
42254091,touchmove,533,46,1645032273890
42254091,touchmove,536,49,1645032273899
42254091,touchmove,541,53,1645032273908
42254091,touchmove,546,58,1645032273916
42254091,touchmove,551,62,1645032273925
42254091,touchmove,556,68,1645032273933
42254091,touchmove,562,74,1645032273941
42254091,touchmove,567,79,1645032273949
42254091,touchmove,573,85,1645032273958
42254091,touchmove,579,92,1645032273966
42254091,touchmove,585,97,1645032273974
42254091,touchmove,590,104,1645032273983
42254091,touchmove,597,111,1645032273991
42254091,touchmove,603,118,1645032274000
42254091,touchmove,609,124,1645032274008
42254091,touchmove,616,132,1645032274016
42254091,touchmove,623,138,1645032274025
42254091,touchmove,630,145,1645032274033
42254091,touchmove,637,153,1645032274041
42254091,touchmove,643,159,1645032274050
42254091,touchmove,649,166,1645032274058
42254091,touchmove,656,173,1645032274066
42254091,touchmove,662,180,1645032274075
42254091,touchmove,669,187,1645032274083
42254091,touchmove,676,195,1645032274091
42254091,touchmove,682,203,1645032274100
42254091,touchmove,689,211,1645032274108
42254091,touchmove,696,219,1645032274116
42254091,touchmove,702,226,1645032274125
42254091,touchmove,709,234,1645032274133
42254091,touchmove,715,242,1645032274141
42254091,touchmove,722,248,1645032274150
42254091,touchmove,728,255,1645032274158
42254091,touchmove,735,262,1645032274166
42254091,touchmove,741,268,1645032274175
42254091,touchmove,746,274,1645032274183
42254091,touchmove,751,279,1645032274191
42254091,touchmove,757,285,1645032274200
42254091,touchmove,762,290,1645032274208
42254091,touchmove,766,294,1645032274216
42254091,touchmove,774,301,1645032274233
42254091,touchmove,770,298,1645032274225
42254091,touchmove,777,304,1645032274241
42254091,touchmove,780,307,1645032274250
42254091,touchmove,783,310,1645032274258
42254091,touchmove,785,312,1645032274266
42254091,touchmove,788,314,1645032274275
42254091,touchmove,790,317,1645032274283
42254091,touchmove,792,318,1645032274291
42254091,touchmove,793,319,1645032274300
42254091,touchmove,794,321,1645032274308
42254091,touchmove,796,322,1645032274316
42254091,touchmove,797,322,1645032274333
42254091,touchmove,797,323,1645032274341
42254091,touchmove,798,323,1645032274350
42254091,touchmove,798,322,1645032274449
42254091,touchmove,797,322,1645032274475
42254091,touchmove,797,321,1645032274517
42254091,touchmove,796,321,1645032274574
42254091,touchend,0,0,1645032274599
42254092,touchdown,521,53,1645032275081
42254092,touchmove,517,54,1645032275116
42254092,touchmove,515,57,1645032275125
42254092,touchmove,512,61,1645032275134
42254092,touchmove,507,66,1645032275142
42254092,touchmove,502,71,1645032275150
42254092,touchmove,497,76,1645032275159
42254092,touchmove,492,81,1645032275167
42254092,touchmove,486,87,1645032275175
42254092,touchmove,479,92,1645032275184
42254092,touchmove,473,97,1645032275192
42254092,touchmove,467,102,1645032275200
42254092,touchmove,461,107,1645032275209
42254092,touchmove,455,112,1645032275217
42254092,touchmove,448,118,1645032275225
42254092,touchmove,443,122,1645032275234
42254092,touchmove,437,126,1645032275242
42254092,touchmove,431,131,1645032275250
42254092,touchmove,427,135,1645032275259
42254092,touchmove,422,139,1645032275267
42254092,touchmove,417,142,1645032275275
42254092,touchmove,414,145,1645032275284
42254092,touchmove,411,147,1645032275292
42254092,touchmove,408,149,1645032275300
42254092,touchmove,407,151,1645032275309
42254092,touchmove,406,151,1645032275317
42254092,touchmove,405,151,1645032275325
42254092,touchmove,406,151,1645032275416
42254092,touchmove,408,151,1645032275434
42254092,touchmove,410,151,1645032275442
42254092,touchmove,414,151,1645032275450
42254092,touchend,0,0,1645032275458
42254093,touchdown,659,43,1645032275698
42254093,touchmove,657,44,1645032275741
42254093,touchmove,653,46,1645032275751
42254093,touchmove,647,51,1645032275759
42254093,touchmove,640,57,1645032275767
42254093,touchmove,633,62,1645032275775
42254093,touchmove,625,68,1645032275784
42254093,touchmove,616,74,1645032275792
42254093,touchmove,609,80,1645032275801
42254093,touchmove,600,87,1645032275809
42254093,touchmove,591,93,1645032275817
42254093,touchmove,583,100,1645032275826
42254093,touchmove,575,107,1645032275834
42254093,touchmove,566,115,1645032275842
42254093,touchmove,557,123,1645032275851
42254093,touchmove,548,131,1645032275859
42254093,touchmove,540,139,1645032275867
42254093,touchmove,532,146,1645032275876
42254093,touchmove,526,153,1645032275884
42254093,touchmove,519,161,1645032275892
42254093,touchmove,513,168,1645032275901
42254093,touchmove,505,177,1645032275909
42254093,touchmove,496,185,1645032275917
42254093,touchmove,488,194,1645032275926
42254093,touchmove,479,203,1645032275934
42254093,touchmove,472,210,1645032275942
42254093,touchmove,465,219,1645032275951
42254093,touchmove,457,227,1645032275959
42254093,touchmove,450,234,1645032275967
42254093,touchmove,443,242,1645032275976
42254093,touchmove,436,249,1645032275984
42254093,touchmove,431,254,1645032275992
42254093,touchmove,427,259,1645032276001
42254093,touchmove,423,264,1645032276009
42254093,touchmove,420,268,1645032276017
42254093,touchmove,417,271,1645032276026
42254093,touchmove,416,273,1645032276034
42254093,touchmove,415,275,1645032276042
42254093,touchmove,414,276,1645032276051
42254093,touchmove,414,277,1645032276059
42254093,touchmove,414,278,1645032276076
42254093,touchmove,415,278,1645032276159
42254093,touchmove,417,279,1645032276168
42254093,touchmove,420,279,1645032276176
42254093,touchmove,424,279,1645032276184
42254093,touchend,0,0,1645032276192
42254094,touchdown,673,170,1645032276395
42254094,touchmove,679,167,1645032276410
42254094,touchmove,681,167,1645032276417
42254094,touchmove,679,168,1645032276476
42254094,touchmove,676,171,1645032276484
42254094,touchmove,674,173,1645032276493
42254094,touchmove,670,176,1645032276501
42254094,touchmove,667,178,1645032276510
42254094,touchmove,662,182,1645032276518
42254094,touchmove,657,186,1645032276526
42254094,touchmove,651,191,1645032276534
42254094,touchmove,644,196,1645032276543
42254094,touchmove,636,202,1645032276551
42254094,touchmove,629,207,1645032276559
42254094,touchmove,623,212,1645032276568
42254094,touchmove,615,217,1645032276576
42254094,touchmove,608,223,1645032276584
42254094,touchmove,601,228,1645032276593
42254094,touchmove,593,234,1645032276601
42254094,touchmove,586,240,1645032276609
42254094,touchmove,579,246,1645032276618
42254094,touchmove,572,252,1645032276626
42254094,touchmove,566,257,1645032276634
42254094,touchmove,560,263,1645032276643
42254094,touchmove,554,269,1645032276651
42254094,touchmove,549,274,1645032276659
42254094,touchmove,544,279,1645032276668
42254094,touchmove,540,284,1645032276676
42254094,touchmove,537,287,1645032276684
42254094,touchmove,535,290,1645032276693
42254094,touchmove,533,292,1645032276701
42254094,touchmove,531,294,1645032276709
42254094,touchmove,531,295,1645032276718
42254094,touchmove,530,296,1645032276726
42254094,touchmove,530,297,1645032276734
42254094,touchmove,531,297,1645032276876
42254094,touchmove,532,297,1645032276885
42254094,touchmove,533,297,1645032276893
42254094,touchend,0,0,1645032276900
42254095,touchdown,666,292,1645032277098
42254095,touchmove,666,297,1645032277151
42254095,touchmove,664,299,1645032277160
42254095,touchmove,661,302,1645032277168
42254095,touchmove,658,305,1645032277176
42254095,touchmove,653,309,1645032277185
42254095,touchmove,647,314,1645032277193
42254095,touchmove,641,319,1645032277201
42254095,touchmove,635,324,1645032277210
42254095,touchmove,628,330,1645032277218
42254095,touchmove,622,335,1645032277226
42254095,touchmove,615,340,1645032277235
42254095,touchmove,608,346,1645032277243
42254095,touchmove,601,351,1645032277251
42254095,touchmove,595,357,1645032277260
42254095,touchmove,587,363,1645032277268
42254095,touchmove,581,369,1645032277276
42254095,touchmove,574,374,1645032277285
42254095,touchmove,567,381,1645032277293
42254095,touchmove,562,387,1645032277301
42254095,touchmove,556,393,1645032277310
42254095,touchmove,550,399,1645032277318
42254095,touchmove,546,404,1645032277327
42254095,touchmove,541,410,1645032277335
42254095,touchmove,536,416,1645032277343
42254095,touchmove,533,421,1645032277351
42254095,touchmove,529,425,1645032277360
42254095,touchmove,526,430,1645032277368
42254095,touchmove,522,435,1645032277376
42254095,touchmove,518,441,1645032277385
42254095,touchmove,513,448,1645032277393
42254095,touchmove,508,454,1645032277402
42254095,touchmove,503,461,1645032277410
42254095,touchmove,498,468,1645032277418
42254095,touchmove,494,474,1645032277427
42254095,touchmove,489,481,1645032277435
42254095,touchmove,483,488,1645032277443
42254095,touchmove,478,494,1645032277452
42254095,touchmove,472,500,1645032277460
42254095,touchmove,467,507,1645032277468
42254095,touchmove,462,514,1645032277476
42254095,touchmove,457,520,1645032277485
42254095,touchmove,452,527,1645032277493
42254095,touchmove,447,533,1645032277502
42254095,touchmove,443,538,1645032277510
42254095,touchmove,439,543,1645032277518
42254095,touchmove,436,548,1645032277527
42254095,touchmove,434,551,1645032277535
42254095,touchmove,431,554,1645032277543
42254095,touchmove,429,557,1645032277552
42254095,touchmove,428,559,1645032277560
42254095,touchmove,427,560,1645032277568
42254095,touchmove,427,561,1645032277577
42254095,touchmove,429,559,1645032277685
42254095,touchmove,431,557,1645032277693
42254095,touchmove,433,554,1645032277702
42254095,touchend,0,0,1645032277709
42254096,touchdown,789,138,1645032278124
42254096,touchmove,784,138,1645032278160
42254096,touchmove,781,141,1645032278169
42254096,touchmove,778,145,1645032278177
42254096,touchmove,772,150,1645032278185
42254096,touchmove,767,155,1645032278194
42254096,touchmove,762,161,1645032278202
42254096,touchmove,756,167,1645032278210
42254096,touchmove,750,172,1645032278219
42254096,touchmove,742,179,1645032278227
42254096,touchmove,734,185,1645032278235
42254096,touchmove,727,191,1645032278244
42254096,touchmove,718,198,1645032278252
42254096,touchmove,710,205,1645032278260
42254096,touchmove,702,212,1645032278269
42254096,touchmove,694,219,1645032278277
42254096,touchmove,685,226,1645032278285
42254096,touchmove,677,233,1645032278294
42254096,touchmove,668,241,1645032278302
42254096,touchmove,660,248,1645032278310
42254096,touchmove,651,255,1645032278319
42254096,touchmove,641,263,1645032278327
42254096,touchmove,632,270,1645032278335
42254096,touchmove,623,278,1645032278344
42254096,touchmove,614,285,1645032278352
42254096,touchmove,606,292,1645032278361
42254096,touchmove,598,299,1645032278369
42254096,touchmove,590,306,1645032278377
42254096,touchmove,582,313,1645032278385
42254096,touchmove,575,319,1645032278394
42254096,touchmove,567,326,1645032278402
42254096,touchmove,561,332,1645032278410
42254096,touchmove,555,338,1645032278419
42254096,touchmove,548,345,1645032278427
42254096,touchmove,542,350,1645032278435
42254096,touchmove,536,356,1645032278444
42254096,touchmove,530,362,1645032278452
42254096,touchmove,524,367,1645032278460
42254096,touchmove,519,373,1645032278469
42254096,touchmove,513,378,1645032278477
42254096,touchmove,507,384,1645032278485
42254096,touchmove,502,389,1645032278494
42254096,touchmove,496,394,1645032278502
42254096,touchmove,491,399,1645032278511
42254096,touchmove,486,405,1645032278519
42254096,touchmove,480,411,1645032278527
42254096,touchmove,474,416,1645032278535
42254096,touchmove,469,421,1645032278544
42254096,touchmove,463,426,1645032278552
42254096,touchmove,457,431,1645032278560
42254096,touchmove,452,436,1645032278569
42254096,touchmove,446,441,1645032278577
42254096,touchmove,441,445,1645032278586
42254096,touchmove,436,450,1645032278594
42254096,touchmove,431,454,1645032278602
42254096,touchmove,427,459,1645032278611
42254096,touchmove,422,463,1645032278619
42254096,touchmove,417,468,1645032278627
42254096,touchmove,413,472,1645032278636
42254096,touchmove,410,476,1645032278644
42254096,touchmove,405,480,1645032278652
42254096,touchmove,402,483,1645032278660
42254096,touchmove,398,486,1645032278669
42254096,touchmove,395,490,1645032278677
42254096,touchmove,392,491,1645032278686
42254096,touchmove,390,493,1645032278694
42254096,touchmove,388,495,1645032278702
42254096,touchmove,386,496,1645032278711
42254096,touchmove,385,496,1645032278727
42254096,touchmove,386,496,1645032278852
42254096,touchmove,387,496,1645032278861
42254096,touchmove,389,495,1645032278869
42254096,touchmove,392,492,1645032278877
42254096,touchend,0,0,1645032278885
42254097,touchdown,903,166,1645032279324
42254097,touchmove,902,170,1645032279385
42254097,touchmove,900,173,1645032279394
42254097,touchmove,896,177,1645032279403
42254097,touchmove,891,181,1645032279411
42254097,touchmove,886,186,1645032279419
42254097,touchmove,880,192,1645032279428
42254097,touchmove,874,198,1645032279436
42254097,touchmove,867,203,1645032279444
42254097,touchmove,861,208,1645032279453
42254097,touchmove,855,214,1645032279461
42254097,touchmove,849,219,1645032279469
42254097,touchmove,843,224,1645032279478
42254097,touchmove,837,229,1645032279486
42254097,touchmove,831,235,1645032279494
42254097,touchmove,826,240,1645032279503
42254097,touchmove,820,246,1645032279511
42254097,touchmove,814,251,1645032279519
42254097,touchmove,809,256,1645032279528
42254097,touchmove,804,262,1645032279536
42254097,touchmove,800,267,1645032279544
42254097,touchmove,795,272,1645032279553
42254097,touchmove,791,277,1645032279561
42254097,touchmove,787,282,1645032279569
42254097,touchmove,783,287,1645032279578
42254097,touchmove,779,291,1645032279586
42254097,touchmove,775,296,1645032279594
42254097,touchmove,771,300,1645032279603
42254097,touchmove,766,306,1645032279611
42254097,touchmove,761,311,1645032279619
42254097,touchmove,757,316,1645032279628
42254097,touchmove,752,320,1645032279636
42254097,touchmove,748,324,1645032279644
42254097,touchmove,745,329,1645032279653
42254097,touchmove,741,332,1645032279661
42254097,touchmove,738,336,1645032279669
42254097,touchmove,736,338,1645032279678
42254097,touchmove,734,341,1645032279686
42254097,touchmove,733,343,1645032279694
42254097,touchmove,731,345,1645032279703
42254097,touchmove,731,346,1645032279711
42254097,touchmove,730,348,1645032279719
42254097,touchmove,729,349,1645032279728
42254097,touchmove,729,350,1645032279736
42254097,touchmove,728,351,1645032279745
42254097,touchmove,727,352,1645032279753
42254097,touchmove,727,354,1645032279761
42254097,touchmove,726,355,1645032279770
42254097,touchmove,724,357,1645032279778
42254097,touchmove,722,359,1645032279786
42254097,touchmove,721,360,1645032279795
42254097,touchmove,718,362,1645032279803
42254097,touchmove,715,364,1645032279811
42254097,touchmove,713,365,1645032279820
42254097,touchmove,710,367,1645032279828
42254097,touchmove,706,369,1645032279836
42254097,touchmove,703,371,1645032279845
42254097,touchmove,699,374,1645032279853
42254097,touchmove,696,376,1645032279861
42254097,touchmove,693,378,1645032279869
42254097,touchmove,690,381,1645032279878
42254097,touchmove,687,383,1645032279886
42254097,touchmove,685,386,1645032279894
42254097,touchmove,682,388,1645032279903
42254097,touchmove,680,391,1645032279911
42254097,touchmove,678,393,1645032279920
42254097,touchmove,676,396,1645032279928
42254097,touchmove,674,398,1645032279936
42254097,touchmove,672,400,1645032279945
42254097,touchmove,670,402,1645032279953
42254097,touchmove,667,405,1645032279970
42254097,touchmove,668,403,1645032279961
42254097,touchmove,666,406,1645032279978
42254097,touchmove,665,408,1645032280028
42254097,touchmove,665,407,1645032279986
42254097,touchmove,666,408,1645032280036
42254097,touchmove,668,408,1645032280045
42254097,touchend,0,0,1645032280053
42254098,touchdown,812,439,1645032280241
42254098,touchmove,807,443,1645032280269
42254098,touchmove,802,447,1645032280278
42254098,touchmove,796,451,1645032280286
42254098,touchmove,791,456,1645032280295
42254098,touchmove,784,462,1645032280303
42254098,touchmove,778,468,1645032280311
42254098,touchmove,771,474,1645032280320
42254098,touchmove,764,480,1645032280328
42254098,touchmove,757,486,1645032280336
42254098,touchmove,748,491,1645032280345
42254098,touchmove,740,498,1645032280353
42254098,touchmove,731,503,1645032280361
42254098,touchmove,723,510,1645032280370
42254098,touchmove,714,516,1645032280378
42254098,touchmove,705,521,1645032280387
42254098,touchmove,698,528,1645032280395
42254098,touchmove,690,533,1645032280403
42254098,touchmove,682,538,1645032280412
42254098,touchmove,676,543,1645032280420
42254098,touchmove,670,548,1645032280428
42254098,touchmove,665,552,1645032280436
42254098,touchmove,661,555,1645032280445
42254098,touchmove,657,558,1645032280453
42254098,touchmove,654,561,1645032280462
42254098,touchmove,651,563,1645032280470
42254098,touchmove,648,566,1645032280478
42254098,touchmove,646,567,1645032280487
42254098,touchmove,644,569,1645032280495
42254098,touchmove,643,569,1645032280503
42254098,touchmove,642,570,1645032280512
42254098,touchmove,642,571,1645032280520
42254098,touchmove,642,570,1645032280611
42254098,touchmove,642,569,1645032280628
42254098,touchmove,642,568,1645032280645
42254098,touchmove,642,567,1645032280653
42254098,touchend,0,0,1645032280661
42254099,touchdown,663,301,1645032280992
42254099,touchmove,656,302,1645032281028
42254099,touchmove,653,305,1645032281037
42254099,touchmove,648,310,1645032281045
42254099,touchmove,642,315,1645032281054
42254099,touchmove,636,321,1645032281062
42254099,touchmove,629,328,1645032281070
42254099,touchmove,622,334,1645032281079
42254099,touchmove,615,341,1645032281087
42254099,touchmove,608,347,1645032281095
42254099,touchmove,600,353,1645032281104
42254099,touchmove,591,360,1645032281112
42254099,touchmove,582,367,1645032281120
42254099,touchmove,573,374,1645032281129
42254099,touchmove,564,382,1645032281137
42254099,touchmove,555,389,1645032281145
42254099,touchmove,546,397,1645032281154
42254099,touchmove,538,405,1645032281162
42254099,touchmove,530,413,1645032281170
42254099,touchmove,523,420,1645032281179
42254099,touchmove,515,427,1645032281187
42254099,touchmove,507,435,1645032281195
42254099,touchmove,497,444,1645032281204
42254099,touchmove,488,454,1645032281212
42254099,touchmove,481,462,1645032281220
42254099,touchmove,472,470,1645032281229
42254099,touchmove,465,479,1645032281237
42254099,touchmove,458,486,1645032281245
42254099,touchmove,450,494,1645032281254
42254099,touchmove,443,502,1645032281262
42254099,touchmove,436,509,1645032281270
42254099,touchmove,430,516,1645032281279
42254099,touchmove,424,523,1645032281287
42254099,touchmove,419,528,1645032281295
42254099,touchmove,414,533,1645032281304
42254099,touchmove,410,538,1645032281312
42254099,touchmove,406,541,1645032281320
42254099,touchmove,403,543,1645032281329
42254099,touchmove,401,545,1645032281337
42254099,touchmove,400,546,1645032281345
42254099,touchmove,399,546,1645032281354
42254099,touchmove,400,544,1645032281462
42254099,touchmove,402,542,1645032281471
42254099,touchend,0,0,1645032281478
42254100,touchdown,550,280,1645032281768
42254100,touchmove,543,279,1645032281795
42254100,touchmove,540,279,1645032281804
42254100,touchmove,536,282,1645032281812
42254100,touchmove,533,285,1645032281821
42254100,touchmove,529,289,1645032281829
42254100,touchmove,525,293,1645032281837
42254100,touchmove,520,298,1645032281846
42254100,touchmove,515,303,1645032281854
42254100,touchmove,510,309,1645032281862
42254100,touchmove,503,315,1645032281871
42254100,touchmove,497,321,1645032281879
42254100,touchmove,491,327,1645032281887
42254100,touchmove,485,332,1645032281896
42254100,touchmove,478,339,1645032281904
42254100,touchmove,472,345,1645032281912
42254100,touchmove,465,351,1645032281921
42254100,touchmove,458,357,1645032281929
42254100,touchmove,451,364,1645032281937
42254100,touchmove,444,369,1645032281946
42254100,touchmove,437,376,1645032281954
42254100,touchmove,430,381,1645032281962
42254100,touchmove,424,387,1645032281971
42254100,touchmove,417,393,1645032281979
42254100,touchmove,412,397,1645032281987
42254100,touchmove,407,402,1645032281996
42254100,touchmove,403,406,1645032282004
42254100,touchmove,400,408,1645032282012
42254100,touchmove,398,411,1645032282021
42254100,touchmove,396,412,1645032282029
42254100,touchmove,395,413,1645032282037
42254100,touchmove,395,412,1645032282154
42254100,touchmove,395,410,1645032282163
42254100,touchmove,397,407,1645032282171
42254100,touchend,0,0,1645032282179
42254101,touchdown,550,158,1645032282467
42254101,touchmove,543,161,1645032282495
42254101,touchmove,539,163,1645032282504
42254101,touchmove,535,166,1645032282513
42254101,touchmove,530,170,1645032282521
42254101,touchmove,525,174,1645032282529
42254101,touchmove,519,180,1645032282538
42254101,touchmove,512,186,1645032282546
42254101,touchmove,506,192,1645032282554
42254101,touchmove,500,199,1645032282563
42254101,touchmove,492,205,1645032282571
42254101,touchmove,485,212,1645032282579
42254101,touchmove,478,219,1645032282588
42254101,touchmove,469,227,1645032282596
42254101,touchmove,461,235,1645032282604
42254101,touchmove,426,268,1645032282638
42254101,touchmove,453,243,1645032282613
42254101,touchmove,418,277,1645032282646
42254101,touchmove,410,285,1645032282654
42254101,touchmove,444,251,1645032282621
42254101,touchmove,435,259,1645032282629
42254101,touchmove,403,292,1645032282663
42254101,touchmove,396,300,1645032282671
42254101,touchmove,380,317,1645032282688
42254101,touchmove,389,308,1645032282679
42254101,touchmove,371,326,1645032282696
42254101,touchmove,364,334,1645032282704
42254101,touchmove,356,341,1645032282713
42254101,touchmove,349,349,1645032282721
42254101,touchmove,342,356,1645032282730
42254101,touchmove,336,363,1645032282738
42254101,touchmove,329,370,1645032282746
42254101,touchmove,323,376,1645032282755
42254101,touchmove,317,382,1645032282763
42254101,touchmove,312,388,1645032282771
42254101,touchmove,307,393,1645032282780
42254101,touchmove,303,398,1645032282788
42254101,touchmove,299,403,1645032282796
42254101,touchmove,295,407,1645032282805
42254101,touchmove,291,411,1645032282813
42254101,touchmove,288,414,1645032282821
42254101,touchmove,286,417,1645032282830
42254101,touchmove,283,419,1645032282838
42254101,touchmove,281,421,1645032282846
42254101,touchmove,279,421,1645032282855
42254101,touchmove,278,422,1645032282863
42254101,touchmove,279,422,1645032283030
42254101,touchend,0,0,1645032283046
42254101,touchmove,281,423,1645032283038
