42255287,touchdown,603,163,1645034206748
42255288,touchdown,371,349,1645034206762
42255288,touchend,0,0,1645034207100
42255287,touchend,0,0,1645034207125
42255289,touchdown,658,423,1645034207641
42255290,touchdown,623,503,1645034207642
42255289,touchmove,662,425,1645034207992
42255289,touchmove,662,424,1645034208018
42255290,touchend,0,0,1645034208009
42255289,touchend,0,0,1645034208025
42255291,touchdown,594,87,1645034208498
42255292,touchdown,298,201,1645034208526
42255292,touchend,0,0,1645034208843
42255291,touchmove,591,88,1645034208851
42255291,touchmove,592,88,1645034208860
42255291,touchend,0,0,1645034208900
42255291,touchmove,593,88,1645034208885
42255293,touchdown,547,390,1645034209283
42255294,touchdown,455,585,1645034209283
42255294,touchmove,459,587,1645034209343
42255294,touchmove,460,587,1645034209352
42255294,touchmove,461,587,1645034209377
42255294,touchmove,461,586,1645034209543
42255294,touchmove,459,586,1645034209593
42255294,touchmove,460,586,1645034209560
42255293,touchmove,549,390,1645034209627
42255294,touchend,0,0,1645034209643
42255293,touchmove,549,389,1645034209643
42255293,touchend,0,0,1645034209652
42255295,touchdown,904,349,1645034210048
42255296,touchdown,589,435,1645034210063
42255296,touchend,0,0,1645034210427
42255295,touchmove,902,350,1645034210436
42255295,touchmove,903,350,1645034210444
42255295,touchend,0,0,1645034210493
42255297,touchdown,772,561,1645034210773
42255298,touchdown,906,446,1645034210774
42255297,touchend,0,0,1645034211128
42255298,touchend,0,0,1645034211152
42255299,touchdown,842,342,1645034211509
42255300,touchdown,445,431,1645034211528
42255300,touchend,0,0,1645034211819
42255299,touchend,0,0,1645034211836
42255302,touchdown,502,270,1645034212193
42255301,touchdown,435,340,1645034212192
42255301,touchend,0,0,1645034212520
42255302,touchend,0,0,1645034212544
42255303,touchdown,696,299,1645034212937
42255304,touchdown,753,199,1645034212937
42255303,touchend,0,0,1645034213237
42255304,touchend,0,0,1645034213237
42255305,touchdown,689,402,1645034213576
42255306,touchdown,659,448,1645034213576
42255306,touchend,0,0,1645034213879
42255305,touchend,0,0,1645034213888
42255307,touchdown,594,360,1645034214237
42255308,touchdown,341,565,1645034214237
42255308,touchmove,341,563,1645034214513
42255308,touchmove,340,563,1645034214521
42255308,touchend,0,0,1645034214546
42255307,touchend,0,0,1645034214587
42255309,touchdown,700,164,1645034215011
42255310,touchdown,362,255,1645034215023
42255310,touchend,0,0,1645034215338
42255309,touchend,0,0,1645034215380
42255311,touchdown,592,246,1645034217453
42255312,touchdown,383,274,1645034217468
42255312,touchend,0,0,1645034217806
42255311,touchend,0,0,1645034217831
42255313,touchdown,653,401,1645034218245
42255314,touchdown,840,476,1645034218246
42255314,touchmove,841,476,1645034218557
42255314,touchmove,842,476,1645034218582
42255313,touchend,0,0,1645034218598
42255314,touchmove,843,476,1645034218607
42255314,touchend,0,0,1645034218656
42255315,touchdown,517,443,1645034218960
42255316,touchdown,319,512,1645034218975
42255316,touchend,0,0,1645034219274
42255315,touchend,0,0,1645034219323
42255317,touchdown,859,214,1645034219662
42255318,touchdown,695,195,1645034219678
42255318,touchend,0,0,1645034219991
42255317,touchend,0,0,1645034220023
42255319,touchdown,590,287,1645034220330
42255320,touchdown,376,399,1645034220345
42255320,touchmove,375,399,1645034220349
42255320,touchmove,374,399,1645034220358
42255320,touchmove,373,399,1645034220366
42255320,touchmove,373,398,1645034220491
42255319,touchend,0,0,1645034220649
42255320,touchend,0,0,1645034220649
42255321,touchdown,694,427,1645034221006
42255322,touchdown,641,439,1645034221076
42255322,touchend,0,0,1645034221400
42255321,touchend,0,0,1645034221416
42255323,touchdown,517,459,1645034221831
42255324,touchdown,826,531,1645034221851
42255323,touchend,0,0,1645034222125
42255324,touchend,0,0,1645034222150
42255325,touchdown,572,299,1645034222598
42255326,touchdown,667,259,1645034222598
42255325,touchend,0,0,1645034222926
42255326,touchend,0,0,1645034222942
42255327,touchdown,335,155,1645034223389
42255328,touchdown,628,201,1645034223409
42255327,touchmove,337,158,1645034223718
42255327,touchend,0,0,1645034223726
42255328,touchend,0,0,1645034223759
42255329,touchdown,427,493,1645034224175
42255330,touchdown,355,524,1645034224175
42255330,touchend,0,0,1645034224551
42255329,touchend,0,0,1645034224585
42255331,touchdown,625,106,1645034225985
42255332,touchdown,438,149,1645034225985
42255333,touchdown,706,165,1645034225997
42255334,touchdown,305,455,1645034226006
42255335,touchdown,802,305,1645034226006
42255332,touchmove,438,152,1645034226329
42255332,touchmove,438,151,1645034226337
42255335,touchend,0,0,1645034226370
42255333,touchend,0,0,1645034226379
42255332,touchmove,438,150,1645034226371
42255334,touchend,0,0,1645034226380
42255331,touchend,0,0,1645034226386
42255332,touchend,0,0,1645034226387
42255336,touchdown,821,229,1645034226777
42255337,touchdown,862,465,1645034226777
42255338,touchdown,658,167,1645034226789
42255339,touchdown,870,320,1645034226789
42255340,touchdown,387,353,1645034226789
42255340,touchmove,384,352,1645034227146
42255340,touchmove,385,353,1645034227170
42255337,touchmove,864,465,1645034227171
42255337,touchmove,864,466,1645034227162
42255340,touchend,0,0,1645034227179
42255338,touchend,0,0,1645034227195
42255339,touchend,0,0,1645034227195
42255336,touchend,0,0,1645034227203
42255337,touchmove,864,464,1645034227203
42255337,touchend,0,0,1645034227211
42255341,touchdown,740,109,1645034227643
42255342,touchdown,845,189,1645034227658
42255343,touchdown,521,137,1645034227658
42255344,touchdown,921,354,1645034227672
42255345,touchdown,325,536,1645034227705
42255345,touchend,0,0,1645034228013
42255343,touchend,0,0,1645034228062
42255344,touchend,0,0,1645034228070
42255341,touchend,0,0,1645034228079
42255342,touchend,0,0,1645034228079
42255346,touchdown,631,307,1645034228508
42255347,touchdown,369,376,1645034228524
42255348,touchdown,570,218,1645034228529
42255349,touchdown,502,195,1645034228538
42255350,touchdown,416,247,1645034228554
42255347,touchmove,374,376,1645034228854
42255346,touchmove,634,311,1645034228888
42255346,touchmove,634,310,1645034228896
42255347,touchend,0,0,1645034228905
42255350,touchend,0,0,1645034228929
42255346,touchmove,634,309,1645034228937
42255346,touchend,0,0,1645034228954
42255349,touchend,0,0,1645034228962
42255348,touchend,0,0,1645034228970
42255351,touchdown,903,495,1645034229434
42255352,touchdown,883,343,1645034229455
42255353,touchdown,820,256,1645034229464
42255354,touchdown,649,225,1645034229481
42255355,touchdown,307,520,1645034229481
42255354,touchend,0,0,1645034229872
42255355,touchend,0,0,1645034229873
42255353,touchend,0,0,1645034229889
42255352,touchend,0,0,1645034229912
42255351,touchend,0,0,1645034229921
42255356,touchdown,510,79,1645034230445
42255360,touchdown,406,69,1645034230475
42255359,touchdown,300,159,1645034230475
42255358,touchdown,649,154,1645034230475
42255357,touchdown,317,397,1645034230475
42255357,touchmove,327,401,1645034230772
42255357,touchmove,326,401,1645034230781
42255358,touchmove,652,160,1645034230797
42255359,touchmove,302,160,1645034230798
42255357,touchmove,325,400,1645034230806
42255358,touchmove,652,159,1645034230806
42255357,touchmove,324,400,1645034230814
42255357,touchmove,323,399,1645034230823
42255358,touchmove,652,158,1645034230830
42255359,touchmove,302,159,1645034230831
42255360,touchmove,406,71,1645034230831
42255356,touchmove,513,83,1645034230839
42255357,touchmove,322,398,1645034230856
42255357,touchmove,322,399,1645034230839
42255356,touchmove,513,82,1645034230856
42255357,touchend,0,0,1645034230864
42255359,touchend,0,0,1645034230864
42255358,touchmove,652,157,1645034230865
42255360,touchmove,406,70,1645034230872
42255360,touchend,0,0,1645034230880
42255356,touchend,0,0,1645034230888
42255358,touchend,0,0,1645034230912
42255361,touchdown,927,432,1645034231427
42255362,touchdown,883,258,1645034231442
42255363,touchdown,787,161,1645034231449
42255364,touchdown,592,153,1645034231457
42255365,touchdown,307,486,1645034231457
42255364,touchmove,592,152,1645034231506
42255364,touchmove,592,151,1645034231531
42255365,touchend,0,0,1645034231840
42255364,touchmove,592,150,1645034231840
42255363,touchmove,782,165,1645034231840
42255363,touchmove,783,164,1645034231849
42255364,touchmove,592,149,1645034231856
42255363,touchmove,783,163,1645034231865
42255364,touchend,0,0,1645034231872
42255361,touchend,0,0,1645034231881
42255363,touchmove,784,163,1645034231873
42255363,touchmove,785,162,1645034231889
42255362,touchend,0,0,1645034231897
42255363,touchend,0,0,1645034231897
42255366,touchdown,902,387,1645034232446
42255367,touchdown,889,280,1645034232475
42255368,touchdown,412,209,1645034232475
42255369,touchdown,786,186,1645034232491
42255370,touchdown,844,548,1645034232492
42255369,touchmove,784,185,1645034232824
42255369,touchmove,785,185,1645034232832
42255369,touchmove,786,185,1645034232849
42255369,touchend,0,0,1645034232865
42255368,touchend,0,0,1645034232875
42255367,touchend,0,0,1645034232906
42255370,touchend,0,0,1645034232922
42255366,touchend,0,0,1645034232931
42255371,touchdown,498,210,1645034233413
42255375,touchdown,366,284,1645034233429
42255374,touchdown,720,335,1645034233429
42255373,touchdown,315,555,1645034233429
42255372,touchdown,589,240,1645034233429
42255373,touchmove,321,556,1645034233758
42255373,touchmove,320,556,1645034233766
42255373,touchmove,319,556,1645034233774
42255373,touchmove,318,556,1645034233799
42255374,touchmove,722,340,1645034233799
42255373,touchmove,317,555,1645034233807
42255372,touchmove,591,242,1645034233824
42255373,touchmove,316,554,1645034233824
42255374,touchmove,721,340,1645034233824
42255373,touchend,0,0,1645034233841
42255375,touchend,0,0,1645034233850
42255371,touchend,0,0,1645034233865
42255372,touchmove,591,241,1645034233882
42255374,touchmove,721,339,1645034233889
42255372,touchend,0,0,1645034233889
42255374,touchend,0,0,1645034233897
42255376,touchmove,751,149,1645034234292
42255377,touchmove,632,87,1645034234292
42255378,touchmove,434,147,1645034234292
42255378,touchdown,432,143,1645034234282
42255377,touchdown,632,83,1645034234282
42255376,touchdown,753,144,1645034234282
42255379,touchdown,859,306,1645034234296
42255377,touchmove,632,90,1645034234296
42255376,touchmove,751,152,1645034234296
42255378,touchmove,435,152,1645034234296
42255377,touchmove,631,91,1645034234307
42255376,touchmove,751,153,1645034234307
42255380,touchdown,295,510,1645034234309
42255378,touchmove,435,156,1645034234307
42255377,touchmove,631,92,1645034234309
42255378,touchmove,435,158,1645034234309
42255378,touchmove,435,157,1645034234341
42255378,touchmove,435,155,1645034234349
42255378,touchmove,435,154,1645034234358
42255378,touchmove,435,153,1645034234408
42255377,touchmove,631,91,1645034234425
42255378,touchmove,435,152,1645034234441
42255378,touchmove,434,152,1645034234450
42255378,touchmove,434,151,1645034234483
42255377,touchmove,630,91,1645034234500
42255377,touchmove,630,90,1645034234508
42255378,touchmove,434,150,1645034234642
42255378,touchmove,433,150,1645034234650
42255378,touchmove,433,149,1645034234683
42255380,touchmove,287,509,1645034234683
42255377,touchmove,630,89,1645034234700
42255378,touchmove,433,148,1645034234742
42255380,touchmove,286,509,1645034234742
42255377,touchmove,630,88,1645034234767
42255376,touchmove,751,152,1645034234767
42255378,touchmove,432,147,1645034234792
42255379,touchmove,860,307,1645034234800
42255376,touchmove,751,151,1645034234800
42255379,touchmove,860,306,1645034234809
42255378,touchmove,432,146,1645034234817
42255378,touchend,0,0,1645034234825
42255379,touchmove,860,305,1645034234826
42255377,touchmove,630,87,1645034234826
42255380,touchend,0,0,1645034234834
42255376,touchmove,751,150,1645034234834
42255379,touchmove,860,304,1645034234841
42255377,touchmove,630,86,1645034234841
42255376,touchmove,751,149,1645034234841
42255377,touchend,0,0,1645034234849
42255379,touchmove,861,304,1645034234849
42255376,touchmove,752,148,1645034234849
42255376,touchend,0,0,1645034234865
42255379,touchmove,861,303,1645034234857
42255379,touchend,0,0,1645034234865
42255381,touchdown,563,160,1645034237324
42255382,touchdown,356,483,1645034237324
42255381,touchmove,561,162,1645034237367
42255381,touchmove,558,165,1645034237375
42255381,touchmove,555,167,1645034237384
42255381,touchmove,551,170,1645034237392
42255381,touchmove,547,173,1645034237400
42255381,touchmove,543,176,1645034237409
42255381,touchmove,538,180,1645034237417
42255381,touchmove,533,183,1645034237426
42255381,touchmove,529,187,1645034237434
42255381,touchmove,524,191,1645034237442
42255381,touchmove,521,195,1645034237450
42255382,touchmove,358,479,1645034237459
42255381,touchmove,517,200,1645034237459
42255382,touchmove,358,474,1645034237467
42255381,touchmove,514,204,1645034237467
42255382,touchmove,360,468,1645034237476
42255381,touchmove,512,209,1645034237476
42255382,touchmove,362,463,1645034237484
42255381,touchmove,511,214,1645034237484
42255382,touchmove,364,458,1645034237492
42255381,touchmove,509,217,1645034237492
42255381,touchmove,508,221,1645034237501
42255381,touchmove,507,224,1645034237509
42255382,touchmove,367,455,1645034237501
42255382,touchmove,369,452,1645034237509
42255382,touchmove,371,450,1645034237517
42255381,touchmove,506,226,1645034237517
42255382,touchmove,372,449,1645034237525
42255381,touchmove,505,228,1645034237526
42255382,touchmove,374,448,1645034237534
42255381,touchmove,505,229,1645034237534
42255382,touchmove,374,447,1645034237542
42255381,touchmove,504,231,1645034237542
42255382,touchmove,376,446,1645034237551
42255381,touchmove,503,232,1645034237551
42255382,touchmove,377,444,1645034237559
42255381,touchmove,502,234,1645034237559
42255382,touchmove,378,442,1645034237567
42255381,touchmove,502,237,1645034237567
42255382,touchmove,380,441,1645034237575
42255381,touchmove,500,239,1645034237575
42255382,touchmove,382,439,1645034237584
42255381,touchmove,499,242,1645034237584
42255382,touchmove,384,436,1645034237592
42255381,touchmove,498,244,1645034237592
42255382,touchmove,386,434,1645034237600
42255381,touchmove,496,247,1645034237600
42255382,touchmove,388,432,1645034237609
42255381,touchmove,495,250,1645034237609
42255382,touchmove,389,431,1645034237617
42255381,touchmove,493,252,1645034237617
42255382,touchmove,390,431,1645034237626
42255381,touchmove,491,255,1645034237626
42255382,touchmove,391,431,1645034237634
42255381,touchmove,490,257,1645034237634
42255381,touchmove,488,259,1645034237642
42255381,touchmove,486,262,1645034237651
42255381,touchmove,484,264,1645034237659
42255382,touchmove,392,431,1645034237667
42255381,touchmove,482,266,1645034237667
42255381,touchmove,479,270,1645034237676
42255381,touchmove,477,272,1645034237684
42255381,touchmove,474,275,1645034237692
42255381,touchmove,472,279,1645034237701
42255381,touchmove,469,282,1645034237709
42255381,touchmove,467,285,1645034237718
42255381,touchmove,465,288,1645034237726
42255381,touchmove,464,290,1645034237734
42255381,touchmove,462,292,1645034237742
42255381,touchmove,460,295,1645034237751
42255381,touchmove,459,297,1645034237759
42255381,touchmove,458,298,1645034237767
42255381,touchmove,457,300,1645034237776
42255382,touchmove,393,431,1645034237784
42255381,touchmove,455,303,1645034237784
42255381,touchmove,454,304,1645034237792
42255381,touchmove,453,306,1645034237801
42255381,touchmove,451,308,1645034237809
42255381,touchmove,450,310,1645034237817
42255381,touchmove,448,312,1645034237826
42255381,touchmove,447,313,1645034237834
42255381,touchmove,446,314,1645034237842
42255381,touchmove,446,315,1645034237851
42255382,touchmove,392,431,1645034237943
42255382,touchend,0,0,1645034237959
42255381,touchend,0,0,1645034237975
42255383,touchdown,844,196,1645034238524
42255384,touchdown,623,538,1645034238535
42255384,touchmove,626,534,1645034238567
42255384,touchmove,627,532,1645034238576
42255384,touchmove,628,529,1645034238584
42255384,touchmove,629,526,1645034238593
42255383,touchmove,841,200,1645034238593
42255384,touchmove,630,524,1645034238601
42255383,touchmove,840,202,1645034238601
42255384,touchmove,631,520,1645034238610
42255383,touchmove,837,204,1645034238610
42255384,touchmove,633,516,1645034238618
42255383,touchmove,834,207,1645034238618
42255384,touchmove,634,513,1645034238626
42255383,touchmove,831,210,1645034238626
42255384,touchmove,635,510,1645034238634
42255383,touchmove,827,214,1645034238634
42255384,touchmove,637,507,1645034238643
42255383,touchmove,824,217,1645034238643
42255384,touchmove,638,505,1645034238651
42255383,touchmove,821,220,1645034238651
42255383,touchmove,818,223,1645034238660
42255384,touchmove,639,502,1645034238660
42255384,touchmove,641,500,1645034238668
42255383,touchmove,815,225,1645034238668
42255384,touchmove,642,497,1645034238676
42255384,touchmove,644,495,1645034238684
42255383,touchmove,813,228,1645034238676
42255383,touchmove,811,230,1645034238685
42255384,touchmove,646,492,1645034238693
42255383,touchmove,808,233,1645034238693
42255384,touchmove,647,490,1645034238701
42255383,touchmove,805,236,1645034238701
42255384,touchmove,649,487,1645034238709
42255383,touchmove,803,239,1645034238709
42255384,touchmove,652,484,1645034238718
42255383,touchmove,800,243,1645034238718
42255384,touchmove,654,481,1645034238726
42255383,touchmove,797,247,1645034238726
42255384,touchmove,657,477,1645034238735
42255383,touchmove,794,251,1645034238735
42255384,touchmove,658,474,1645034238743
42255383,touchmove,791,255,1645034238743
42255384,touchmove,661,472,1645034238751
42255383,touchmove,785,263,1645034238760
42255383,touchmove,788,259,1645034238751
42255384,touchmove,663,469,1645034238759
42255384,touchmove,665,467,1645034238768
42255383,touchmove,783,266,1645034238768
42255384,touchmove,667,465,1645034238776
42255383,touchmove,780,270,1645034238776
42255384,touchmove,668,463,1645034238785
42255383,touchmove,777,274,1645034238785
42255384,touchmove,670,462,1645034238793
42255383,touchmove,775,277,1645034238793
42255383,touchmove,772,281,1645034238801
42255384,touchmove,671,460,1645034238801
42255384,touchmove,672,458,1645034238809
42255383,touchmove,769,285,1645034238810
42255384,touchmove,674,456,1645034238818
42255383,touchmove,767,288,1645034238818
42255383,touchmove,765,292,1645034238827
42255384,touchmove,676,454,1645034238827
42255383,touchmove,763,296,1645034238835
42255384,touchmove,677,453,1645034238835
42255384,touchmove,679,451,1645034238843
42255383,touchmove,762,299,1645034238843
42255384,touchmove,680,449,1645034238851
42255383,touchmove,760,303,1645034238852
42255384,touchmove,681,448,1645034238860
42255383,touchmove,758,306,1645034238860
42255384,touchmove,682,447,1645034238868
42255383,touchmove,757,308,1645034238868
42255384,touchmove,683,446,1645034238876
42255383,touchmove,755,310,1645034238876
42255383,touchmove,754,312,1645034238885
42255384,touchmove,684,445,1645034238885
42255383,touchmove,753,314,1645034238893
42255384,touchmove,685,444,1645034238901
42255383,touchmove,752,316,1645034238902
42255383,touchmove,751,318,1645034238910
42255384,touchmove,686,444,1645034238926
42255383,touchmove,750,319,1645034238918
42255383,touchmove,748,321,1645034238927
42255383,touchmove,747,322,1645034238935
42255383,touchmove,746,324,1645034238943
42255383,touchmove,745,326,1645034238951
42255383,touchmove,744,328,1645034238960
42255383,touchmove,743,330,1645034238968
42255383,touchmove,741,331,1645034238976
42255383,touchmove,740,332,1645034238985
42255383,touchmove,740,334,1645034238993
42255383,touchmove,739,334,1645034239001
42255383,touchmove,738,335,1645034239010
42255383,touchmove,738,336,1645034239026
42255383,touchmove,738,335,1645034239185
42255383,touchmove,737,335,1645034239227
42255383,touchend,0,0,1645034239235
42255384,touchmove,685,444,1645034239235
42255384,touchmove,684,444,1645034239252
42255384,touchend,0,0,1645034239259
42255385,touchdown,788,74,1645034239815
42255386,touchdown,502,319,1645034239835
42255386,touchmove,506,317,1645034239877
42255386,touchmove,509,315,1645034239885
42255385,touchmove,784,79,1645034239894
42255385,touchmove,781,81,1645034239902
42255386,touchmove,510,312,1645034239894
42255385,touchmove,786,77,1645034239885
42255386,touchmove,513,309,1645034239902
42255385,touchmove,777,83,1645034239910
42255386,touchmove,515,306,1645034239910
42255385,touchmove,772,86,1645034239919
42255386,touchmove,518,303,1645034239919
42255385,touchmove,767,89,1645034239927
42255386,touchmove,521,299,1645034239927
42255385,touchmove,762,92,1645034239935
42255386,touchmove,524,297,1645034239935
42255385,touchmove,757,95,1645034239944
42255386,touchmove,526,295,1645034239944
42255385,touchmove,753,97,1645034239952
42255386,touchmove,528,294,1645034239952
42255385,touchmove,749,99,1645034239960
42255386,touchmove,529,294,1645034239960
42255385,touchmove,745,101,1645034239969
42255385,touchmove,741,102,1645034239977
42255385,touchmove,737,104,1645034239985
42255385,touchmove,732,106,1645034239994
42255385,touchmove,727,109,1645034240002
42255385,touchmove,722,111,1645034240010
42255385,touchmove,715,115,1645034240019
42255385,touchmove,709,119,1645034240027
42255386,touchmove,529,293,1645034240027
42255385,touchmove,703,124,1645034240035
42255386,touchmove,531,291,1645034240035
42255385,touchmove,697,129,1645034240044
42255386,touchmove,533,289,1645034240044
42255385,touchmove,692,134,1645034240052
42255386,touchmove,534,286,1645034240052
42255385,touchmove,688,138,1645034240060
42255386,touchmove,536,284,1645034240061
42255385,touchmove,684,141,1645034240069
42255386,touchmove,539,282,1645034240069
42255385,touchmove,681,144,1645034240077
42255386,touchmove,540,280,1645034240077
42255385,touchmove,679,146,1645034240085
42255385,touchmove,677,148,1645034240094
42255386,touchmove,542,279,1645034240086
42255386,touchmove,543,278,1645034240094
42255385,touchmove,675,149,1645034240102
42255386,touchmove,544,277,1645034240102
42255385,touchmove,673,151,1645034240110
42255386,touchmove,545,276,1645034240110
42255385,touchmove,671,153,1645034240119
42255386,touchmove,547,275,1645034240119
42255385,touchmove,670,154,1645034240127
42255386,touchmove,549,273,1645034240127
42255385,touchmove,668,156,1645034240135
42255386,touchmove,550,271,1645034240135
42255385,touchmove,667,158,1645034240144
42255385,touchmove,665,160,1645034240152
42255386,touchmove,554,269,1645034240152
42255386,touchmove,553,270,1645034240144
42255385,touchmove,663,162,1645034240160
42255386,touchmove,556,267,1645034240160
42255385,touchmove,662,164,1645034240168
42255386,touchmove,558,266,1645034240169
42255385,touchmove,660,166,1645034240177
42255386,touchmove,559,265,1645034240177
42255385,touchmove,658,167,1645034240185
42255386,touchmove,560,264,1645034240185
42255385,touchmove,657,168,1645034240194
42255386,touchmove,561,263,1645034240194
42255385,touchmove,655,170,1645034240202
42255386,touchmove,562,262,1645034240202
42255385,touchmove,654,171,1645034240210
42255386,touchmove,563,261,1645034240210
42255385,touchmove,653,172,1645034240219
42255386,touchmove,564,261,1645034240219
42255385,touchmove,652,173,1645034240227
42255386,touchmove,565,260,1645034240227
42255385,touchmove,651,174,1645034240235
42255386,touchmove,566,260,1645034240235
42255385,touchmove,650,175,1645034240244
42255386,touchmove,566,259,1645034240244
42255385,touchmove,649,176,1645034240252
42255386,touchmove,567,259,1645034240252
42255385,touchmove,648,177,1645034240260
42255385,touchmove,647,177,1645034240269
42255385,touchmove,647,178,1645034240277
42255385,touchmove,646,178,1645034240285
42255385,touchmove,645,179,1645034240294
42255385,touchmove,644,180,1645034240302
42255385,touchmove,643,180,1645034240319
42255385,touchmove,643,181,1645034240335
42255385,touchmove,643,180,1645034240485
42255386,touchmove,568,259,1645034240511
42255386,touchend,0,0,1645034240527
42255385,touchmove,643,179,1645034240536
42255385,touchend,0,0,1645034240552
42255387,touchdown,468,580,1645034241082
42255388,touchdown,652,295,1645034241103
42255387,touchmove,471,577,1645034241119
42255387,touchmove,472,573,1645034241128
42255388,touchmove,649,299,1645034241136
42255387,touchmove,474,569,1645034241136
42255388,touchmove,648,302,1645034241144
42255387,touchmove,477,564,1645034241144
42255387,touchmove,480,559,1645034241153
42255388,touchmove,647,304,1645034241153
42255388,touchmove,645,307,1645034241161
42255387,touchmove,483,554,1645034241161
42255388,touchmove,643,311,1645034241169
42255387,touchmove,486,549,1645034241169
42255388,touchmove,641,314,1645034241178
42255387,touchmove,490,544,1645034241178
42255388,touchmove,638,318,1645034241186
42255387,touchmove,493,540,1645034241186
42255388,touchmove,636,322,1645034241194
42255387,touchmove,496,536,1645034241194
42255388,touchmove,633,326,1645034241203
42255387,touchmove,499,533,1645034241203
42255388,touchmove,631,329,1645034241211
42255387,touchmove,501,530,1645034241211
42255388,touchmove,629,332,1645034241219
42255387,touchmove,503,528,1645034241219
42255388,touchmove,627,336,1645034241228
42255387,touchmove,505,526,1645034241228
42255388,touchmove,624,338,1645034241236
42255387,touchmove,506,525,1645034241236
42255388,touchmove,622,341,1645034241244
42255387,touchmove,507,523,1645034241244
42255388,touchmove,619,345,1645034241252
42255387,touchmove,509,522,1645034241253
42255388,touchmove,617,348,1645034241261
42255387,touchmove,510,521,1645034241261
42255388,touchmove,614,351,1645034241269
42255387,touchmove,511,519,1645034241269
42255388,touchmove,612,355,1645034241278
42255387,touchmove,513,517,1645034241278
42255388,touchmove,609,359,1645034241286
42255387,touchmove,514,515,1645034241286
42255388,touchmove,607,362,1645034241294
42255387,touchmove,515,514,1645034241294
42255388,touchmove,605,365,1645034241303
42255388,touchmove,603,369,1645034241311
42255387,touchmove,517,512,1645034241303
42255387,touchmove,518,510,1645034241311
42255388,touchmove,601,371,1645034241319
42255387,touchmove,519,510,1645034241319
42255387,touchmove,520,509,1645034241328
42255388,touchmove,599,374,1645034241327
42255388,touchmove,597,377,1645034241336
42255387,touchmove,520,508,1645034241336
42255388,touchmove,595,380,1645034241344
42255387,touchmove,521,507,1645034241344
42255388,touchmove,593,383,1645034241353
42255387,touchmove,522,506,1645034241353
42255388,touchmove,591,387,1645034241361
42255387,touchmove,523,505,1645034241361
42255388,touchmove,588,390,1645034241369
42255387,touchmove,524,503,1645034241369
42255388,touchmove,586,394,1645034241378
42255388,touchmove,584,398,1645034241386
42255387,touchmove,525,502,1645034241378
42255388,touchmove,582,401,1645034241394
42255387,touchmove,526,500,1645034241386
42255387,touchmove,528,499,1645034241394
42255388,touchmove,581,405,1645034241403
42255387,touchmove,529,498,1645034241403
42255388,touchmove,579,407,1645034241411
42255387,touchmove,529,496,1645034241411
42255388,touchmove,578,410,1645034241419
42255387,touchmove,530,496,1645034241420
42255388,touchmove,576,412,1645034241428
42255387,touchmove,530,495,1645034241428
42255387,touchmove,531,495,1645034241436
42255388,touchmove,575,413,1645034241436
42255388,touchmove,574,414,1645034241444
42255388,touchmove,573,415,1645034241453
42255388,touchmove,572,416,1645034241461
42255388,touchmove,572,417,1645034241469
42255388,touchmove,572,418,1645034241478
42255388,touchmove,571,418,1645034241486
42255388,touchmove,571,419,1645034241494
42255388,touchmove,570,420,1645034241503
42255388,touchmove,569,421,1645034241511
42255388,touchmove,567,423,1645034241544
42255388,touchmove,568,422,1645034241528
42255388,touchend,0,0,1645034241711
42255387,touchmove,531,494,1645034241728
42255387,touchend,0,0,1645034241736
42255389,touchdown,372,374,1645034242336
42255390,touchdown,441,243,1645034242336
42255389,touchmove,379,373,1645034242370
42255389,touchmove,382,373,1645034242378
42255390,touchmove,442,246,1645034242378
42255389,touchmove,385,371,1645034242387
42255390,touchmove,442,250,1645034242387
42255390,touchmove,442,255,1645034242395
42255389,touchmove,388,369,1645034242395
42255390,touchmove,442,260,1645034242403
42255389,touchmove,392,368,1645034242403
42255389,touchmove,395,365,1645034242412
42255389,touchmove,398,364,1645034242420
42255390,touchmove,442,265,1645034242412
42255390,touchmove,442,270,1645034242420
42255390,touchmove,441,275,1645034242429
42255389,touchmove,401,362,1645034242428
42255389,touchmove,403,360,1645034242437
42255390,touchmove,441,280,1645034242437
42255389,touchmove,404,359,1645034242445
42255390,touchmove,440,283,1645034242445
42255389,touchmove,406,359,1645034242453
42255390,touchmove,439,285,1645034242453
42255390,touchmove,437,290,1645034242470
42255389,touchmove,408,357,1645034242470
42255390,touchmove,438,288,1645034242462
42255389,touchmove,407,357,1645034242462
42255389,touchmove,409,356,1645034242478
42255390,touchmove,436,292,1645034242479
42255389,touchmove,410,355,1645034242487
42255390,touchmove,436,294,1645034242487
42255389,touchmove,410,354,1645034242495
42255389,touchmove,411,353,1645034242503
42255389,touchmove,411,352,1645034242512
42255389,touchmove,412,352,1645034242520
42255389,touchmove,412,351,1645034242528
42255389,touchmove,412,350,1645034242545
42255389,touchmove,413,350,1645034242553
42255390,touchmove,436,295,1645034242620
42255390,touchmove,436,296,1645034242637
42255390,touchmove,435,296,1645034242645
42255390,touchmove,435,297,1645034242653
42255390,touchmove,435,298,1645034242679
42255390,touchmove,434,298,1645034242804
42255390,touchmove,434,299,1645034242820
42255389,touchend,0,0,1645034242845
42255390,touchend,0,0,1645034242854
42255391,touchdown,882,253,1645034243277
42255392,touchdown,547,577,1645034243321
42255391,touchmove,875,259,1645034243378
42255391,touchmove,872,259,1645034243387
42255391,touchmove,868,259,1645034243396
42255391,touchmove,864,259,1645034243404
42255391,touchmove,857,260,1645034243412
42255392,touchmove,544,570,1645034243421
42255391,touchmove,850,262,1645034243421
42255392,touchmove,544,566,1645034243429
42255391,touchmove,843,264,1645034243429
42255392,touchmove,544,562,1645034243437
42255391,touchmove,836,266,1645034243438
42255392,touchmove,544,559,1645034243446
42255391,touchmove,831,268,1645034243446
42255392,touchmove,544,556,1645034243454
42255391,touchmove,822,271,1645034243462
42255392,touchmove,544,553,1645034243462
42255391,touchmove,826,269,1645034243454
42255392,touchmove,544,550,1645034243471
42255391,touchmove,817,273,1645034243471
42255392,touchmove,545,547,1645034243479
42255391,touchmove,813,275,1645034243479
42255392,touchmove,547,544,1645034243487
42255391,touchmove,810,276,1645034243487
42255392,touchmove,549,540,1645034243496
42255391,touchmove,806,278,1645034243496
42255392,touchmove,552,535,1645034243504
42255391,touchmove,802,280,1645034243504
42255392,touchmove,555,530,1645034243512
42255391,touchmove,797,283,1645034243512
42255392,touchmove,559,525,1645034243521
42255391,touchmove,793,286,1645034243521
42255392,touchmove,563,520,1645034243529
42255391,touchmove,789,289,1645034243529
42255392,touchmove,568,515,1645034243537
42255391,touchmove,784,292,1645034243537
42255392,touchmove,572,510,1645034243546
42255392,touchmove,575,507,1645034243554
42255391,touchmove,780,296,1645034243546
42255391,touchmove,776,298,1645034243554
42255392,touchmove,578,505,1645034243562
42255391,touchmove,772,300,1645034243563
42255392,touchmove,581,502,1645034243571
42255391,touchmove,768,302,1645034243571
42255392,touchmove,583,500,1645034243579
42255391,touchmove,764,304,1645034243579
42255392,touchmove,586,496,1645034243587
42255391,touchmove,759,306,1645034243587
42255392,touchmove,589,493,1645034243596
42255391,touchmove,754,309,1645034243596
42255392,touchmove,592,491,1645034243604
42255391,touchmove,750,312,1645034243604
42255392,touchmove,595,488,1645034243612
42255391,touchmove,746,314,1645034243612
42255392,touchmove,599,484,1645034243620
42255391,touchmove,742,318,1645034243621
42255392,touchmove,602,481,1645034243629
42255391,touchmove,738,322,1645034243629
42255392,touchmove,606,478,1645034243637
42255391,touchmove,735,325,1645034243637
42255392,touchmove,610,475,1645034243646
42255391,touchmove,732,329,1645034243646
42255392,touchmove,613,473,1645034243654
42255391,touchmove,729,332,1645034243654
42255392,touchmove,615,471,1645034243662
42255391,touchmove,727,335,1645034243662
42255392,touchmove,616,469,1645034243670
42255391,touchmove,724,337,1645034243671
42255392,touchmove,618,468,1645034243679
42255391,touchmove,722,338,1645034243679
42255392,touchmove,619,467,1645034243687
42255391,touchmove,721,339,1645034243687
42255392,touchmove,620,465,1645034243695
42255391,touchmove,720,340,1645034243696
42255392,touchmove,621,464,1645034243704
42255391,touchmove,719,341,1645034243704
42255392,touchmove,622,463,1645034243712
42255391,touchmove,718,342,1645034243712
42255392,touchmove,624,462,1645034243720
42255391,touchmove,717,344,1645034243721
42255392,touchmove,625,460,1645034243729
42255392,touchmove,626,459,1645034243737
42255391,touchmove,716,345,1645034243729
42255391,touchmove,715,345,1645034243737
42255392,touchmove,628,458,1645034243746
42255391,touchmove,714,346,1645034243746
42255392,touchmove,628,457,1645034243754
42255392,touchmove,629,456,1645034243762
42255392,touchmove,629,455,1645034243770
42255391,touchmove,713,346,1645034243771
42255392,touchmove,630,454,1645034243779
42255392,touchmove,631,453,1645034243796
42255392,touchmove,632,452,1645034243812
42255392,touchmove,632,451,1645034243821
42255392,touchmove,632,450,1645034243854
42255391,touchmove,713,345,1645034243854
42255391,touchend,0,0,1645034243862
42255392,touchend,0,0,1645034243862
42255393,touchdown,453,105,1645034244360
42255394,touchdown,417,515,1645034244360
42255394,touchmove,413,511,1645034244397
42255393,touchmove,448,109,1645034244405
42255394,touchmove,413,508,1645034244404
42255394,touchmove,412,505,1645034244413
42255393,touchmove,448,111,1645034244413
42255394,touchmove,411,502,1645034244421
42255393,touchmove,448,114,1645034244421
42255394,touchmove,411,500,1645034244429
42255393,touchmove,448,116,1645034244430
42255394,touchmove,410,498,1645034244438
42255393,touchmove,448,118,1645034244438
42255394,touchmove,410,497,1645034244446
42255393,touchmove,448,121,1645034244446
42255394,touchmove,410,496,1645034244454
42255393,touchmove,448,124,1645034244454
42255394,touchmove,410,495,1645034244463
42255393,touchmove,448,126,1645034244463
42255394,touchmove,409,493,1645034244471
42255393,touchmove,448,130,1645034244471
42255394,touchmove,409,491,1645034244479
42255393,touchmove,448,133,1645034244479
42255394,touchmove,409,489,1645034244488
42255393,touchmove,448,135,1645034244488
42255393,touchmove,448,139,1645034244496
42255394,touchmove,409,487,1645034244496
42255394,touchmove,409,484,1645034244504
42255393,touchmove,448,142,1645034244504
42255394,touchmove,409,481,1645034244513
42255393,touchmove,448,145,1645034244513
42255394,touchmove,409,478,1645034244521
42255393,touchmove,448,149,1645034244521
42255394,touchmove,409,474,1645034244529
42255393,touchmove,448,152,1645034244529
42255394,touchmove,409,470,1645034244538
42255393,touchmove,448,156,1645034244538
42255394,touchmove,409,467,1645034244546
42255393,touchmove,448,159,1645034244546
42255394,touchmove,409,463,1645034244555
42255393,touchmove,448,163,1645034244555
42255394,touchmove,410,458,1645034244563
42255393,touchmove,448,167,1645034244563
42255394,touchmove,410,454,1645034244571
42255393,touchmove,448,170,1645034244571
42255394,touchmove,411,449,1645034244580
42255393,touchmove,448,175,1645034244580
42255394,touchmove,412,445,1645034244588
42255393,touchmove,448,178,1645034244588
42255394,touchmove,413,441,1645034244596
42255393,touchmove,448,182,1645034244596
42255394,touchmove,414,437,1645034244605
42255393,touchmove,448,187,1645034244605
42255394,touchmove,414,434,1645034244613
42255393,touchmove,448,191,1645034244613
42255394,touchmove,415,430,1645034244621
42255393,touchmove,448,195,1645034244621
42255394,touchmove,416,427,1645034244630
42255393,touchmove,448,199,1645034244630
42255394,touchmove,416,425,1645034244638
42255393,touchmove,448,203,1645034244638
42255394,touchmove,416,422,1645034244646
42255393,touchmove,448,207,1645034244646
42255394,touchmove,416,419,1645034244655
42255393,touchmove,448,210,1645034244655
42255394,touchmove,417,416,1645034244663
42255393,touchmove,448,214,1645034244663
42255394,touchmove,417,414,1645034244671
42255394,touchmove,417,411,1645034244679
42255393,touchmove,448,218,1645034244671
42255393,touchmove,447,222,1645034244680
42255394,touchmove,417,408,1645034244688
42255393,touchmove,447,225,1645034244688
42255394,touchmove,417,406,1645034244696
42255393,touchmove,446,229,1645034244696
42255394,touchmove,418,403,1645034244705
42255393,touchmove,446,233,1645034244705
42255394,touchmove,418,401,1645034244713
42255393,touchmove,446,237,1645034244713
42255394,touchmove,418,399,1645034244721
42255393,touchmove,445,241,1645034244721
42255394,touchmove,418,398,1645034244729
42255393,touchmove,445,244,1645034244729
42255394,touchmove,418,397,1645034244738
42255393,touchmove,445,247,1645034244738
42255393,touchmove,444,249,1645034244746
42255394,touchmove,418,396,1645034244754
42255393,touchmove,444,251,1645034244754
42255393,touchmove,444,252,1645034244763
42255394,touchmove,418,395,1645034244779
42255393,touchmove,444,253,1645034244779
42255393,touchmove,444,254,1645034244813
42255393,touchmove,444,255,1645034244830
42255393,touchmove,444,256,1645034244846
42255393,touchmove,444,257,1645034244863
42255394,touchmove,419,395,1645034244871
42255393,touchend,0,0,1645034244879
42255394,touchend,0,0,1645034244896
42255395,touchdown,448,237,1645034245343
42255396,touchdown,879,142,1645034245364
42255396,touchmove,875,145,1645034245405
42255396,touchmove,872,145,1645034245413
42255396,touchmove,866,145,1645034245422
42255396,touchmove,861,145,1645034245430
42255395,touchmove,454,237,1645034245430
42255396,touchmove,855,145,1645034245438
42255395,touchmove,455,237,1645034245438
42255396,touchmove,850,145,1645034245447
42255395,touchmove,456,236,1645034245447
42255396,touchmove,844,145,1645034245455
42255395,touchmove,458,235,1645034245455
42255396,touchmove,839,145,1645034245463
42255395,touchmove,460,233,1645034245463
42255396,touchmove,834,145,1645034245472
42255395,touchmove,462,232,1645034245472
42255396,touchmove,829,145,1645034245480
42255395,touchmove,464,231,1645034245480
42255396,touchmove,824,145,1645034245488
42255395,touchmove,467,229,1645034245489
42255396,touchmove,819,145,1645034245497
42255395,touchmove,471,228,1645034245497
42255396,touchmove,813,145,1645034245505
42255395,touchmove,474,226,1645034245505
42255396,touchmove,808,145,1645034245513
42255395,touchmove,478,225,1645034245513
42255396,touchmove,803,145,1645034245521
42255395,touchmove,483,223,1645034245522
42255396,touchmove,797,145,1645034245530
42255395,touchmove,487,222,1645034245530
42255396,touchmove,793,145,1645034245538
42255395,touchmove,491,221,1645034245538
42255396,touchmove,788,145,1645034245547
42255395,touchmove,495,220,1645034245547
42255396,touchmove,783,145,1645034245555
42255395,touchmove,498,219,1645034245555
42255395,touchmove,502,218,1645034245563
42255396,touchmove,779,145,1645034245563
42255396,touchmove,774,146,1645034245572
42255396,touchmove,769,146,1645034245580
42255395,touchmove,505,217,1645034245572
42255395,touchmove,507,217,1645034245580
42255396,touchmove,765,146,1645034245588
42255395,touchmove,510,216,1645034245588
42255396,touchmove,760,146,1645034245597
42255395,touchmove,512,215,1645034245597
42255396,touchmove,755,146,1645034245605
42255395,touchmove,515,214,1645034245605
42255396,touchmove,750,147,1645034245613
42255395,touchmove,518,214,1645034245613
42255396,touchmove,745,147,1645034245622
42255395,touchmove,520,213,1645034245622
42255396,touchmove,740,147,1645034245630
42255395,touchmove,522,213,1645034245630
42255396,touchmove,735,148,1645034245638
42255395,touchmove,523,212,1645034245639
42255396,touchmove,732,148,1645034245647
42255396,touchmove,728,148,1645034245655
42255396,touchmove,721,149,1645034245672
42255395,touchmove,524,212,1645034245655
42255396,touchmove,724,148,1645034245663
42255396,touchmove,718,149,1645034245680
42255396,touchmove,712,150,1645034245697
42255396,touchmove,714,149,1645034245689
42255396,touchmove,709,150,1645034245705
42255396,touchmove,706,151,1645034245713
42255396,touchmove,704,151,1645034245722
42255396,touchmove,703,151,1645034245730
42255396,touchmove,701,151,1645034245738
42255396,touchmove,700,152,1645034245772
42255396,touchmove,700,151,1645034245755
42255395,touchmove,524,213,1645034245855
42255395,touchend,0,0,1645034245864
42255396,touchmove,702,152,1645034245864
42255396,touchmove,705,152,1645034245872
42255396,touchmove,708,152,1645034245880
42255396,touchend,0,0,1645034245887
42255397,touchdown,486,509,1645034246336
42255398,touchdown,882,385,1645034246356
42255398,touchmove,879,387,1645034246397
42255398,touchmove,875,387,1645034246406
42255398,touchmove,870,387,1645034246414
42255398,touchmove,864,387,1645034246422
42255398,touchmove,858,387,1645034246431
42255398,touchmove,851,387,1645034246439
42255398,touchmove,844,386,1645034246447
42255398,touchmove,837,386,1645034246456
42255398,touchmove,830,385,1645034246464
42255398,touchmove,823,385,1645034246472
42255398,touchmove,815,385,1645034246480
42255398,touchmove,808,385,1645034246489
42255397,touchmove,491,507,1645034246489
42255398,touchmove,802,387,1645034246498
42255397,touchmove,491,506,1645034246498
42255398,touchmove,794,388,1645034246506
42255397,touchmove,493,504,1645034246506
42255398,touchmove,788,390,1645034246514
42255397,touchmove,497,502,1645034246514
42255398,touchmove,783,392,1645034246522
42255397,touchmove,500,500,1645034246522
42255398,touchmove,778,393,1645034246530
42255397,touchmove,504,498,1645034246531
42255398,touchmove,774,394,1645034246539
42255397,touchmove,507,496,1645034246539
42255398,touchmove,769,396,1645034246547
42255397,touchmove,511,495,1645034246547
42255398,touchmove,765,397,1645034246555
42255397,touchmove,514,494,1645034246555
42255398,touchmove,762,398,1645034246564
42255397,touchmove,517,493,1645034246564
42255398,touchmove,759,400,1645034246572
42255397,touchmove,520,493,1645034246572
42255398,touchmove,755,401,1645034246580
42255397,touchmove,523,492,1645034246581
42255398,touchmove,751,402,1645034246589
42255397,touchmove,525,491,1645034246589
42255398,touchmove,747,403,1645034246597
42255397,touchmove,528,491,1645034246597
42255398,touchmove,743,405,1645034246606
42255397,touchmove,530,490,1645034246606
42255398,touchmove,740,406,1645034246614
42255397,touchmove,533,490,1645034246614
42255398,touchmove,736,408,1645034246622
42255398,touchmove,732,409,1645034246630
42255397,touchmove,536,490,1645034246622
42255397,touchmove,539,489,1645034246631
42255398,touchmove,728,411,1645034246639
42255397,touchmove,541,488,1645034246639
42255398,touchmove,725,412,1645034246648
42255397,touchmove,543,488,1645034246648
42255398,touchmove,722,413,1645034246656
42255397,touchmove,546,487,1645034246656
42255398,touchmove,720,415,1645034246664
42255397,touchmove,548,487,1645034246664
42255398,touchmove,718,415,1645034246672
42255397,touchmove,549,487,1645034246673
42255398,touchmove,717,416,1645034246681
42255397,touchmove,551,486,1645034246681
42255398,touchmove,716,416,1645034246689
42255397,touchmove,552,486,1645034246689
42255397,touchmove,553,486,1645034246698
42255398,touchmove,715,416,1645034246697
42255398,touchmove,714,417,1645034246706
42255398,touchmove,713,417,1645034246714
42255397,touchmove,554,486,1645034246706
42255397,touchmove,555,486,1645034246714
42255398,touchmove,712,417,1645034246722
42255397,touchmove,557,486,1645034246723
42255398,touchmove,711,418,1645034246731
42255397,touchmove,558,485,1645034246731
42255398,touchmove,710,418,1645034246739
42255397,touchmove,559,485,1645034246739
42255397,touchmove,560,484,1645034246747
42255398,touchmove,709,418,1645034246747
42255397,touchmove,561,484,1645034246756
42255398,touchmove,708,418,1645034246764
42255397,touchmove,562,483,1645034246764
42255397,touchmove,563,483,1645034246772
42255397,touchmove,564,483,1645034246781
42255397,touchmove,565,482,1645034246789
42255397,touchmove,566,482,1645034246797
42255397,touchmove,567,482,1645034246806
42255397,touchmove,568,482,1645034246814
42255397,touchmove,568,481,1645034246822
42255397,touchmove,569,481,1645034246831
42255397,touchend,0,0,1645034246847
42255398,touchmove,709,417,1645034246856
42255398,touchend,0,0,1645034246863
42255399,touchdown,330,238,1645034247403
42255400,touchdown,272,608,1645034247414
42255400,touchmove,274,602,1645034247423
42255400,touchmove,274,598,1645034247431
42255400,touchmove,274,593,1645034247439
42255400,touchmove,274,589,1645034247448
42255400,touchmove,274,585,1645034247456
42255400,touchmove,275,580,1645034247464
42255400,touchmove,275,576,1645034247473
42255399,touchmove,326,240,1645034247473
42255400,touchmove,276,571,1645034247481
42255399,touchmove,326,242,1645034247481
42255400,touchmove,276,567,1645034247489
42255399,touchmove,326,245,1645034247489
42255400,touchmove,277,563,1645034247498
42255399,touchmove,325,249,1645034247498
42255400,touchmove,277,560,1645034247506
42255399,touchmove,324,253,1645034247506
42255400,touchmove,278,556,1645034247514
42255399,touchmove,322,259,1645034247514
42255400,touchmove,278,553,1645034247523
42255399,touchmove,320,265,1645034247523
42255400,touchmove,278,550,1645034247531
42255399,touchmove,318,270,1645034247531
42255400,touchmove,278,547,1645034247539
42255399,touchmove,317,276,1645034247539
42255400,touchmove,278,545,1645034247548
42255399,touchmove,315,281,1645034247548
42255400,touchmove,278,543,1645034247556
42255399,touchmove,313,285,1645034247556
42255400,touchmove,279,540,1645034247564
42255399,touchmove,312,290,1645034247565
42255400,touchmove,279,538,1645034247573
42255399,touchmove,311,295,1645034247573
42255400,touchmove,279,535,1645034247581
42255399,touchmove,310,300,1645034247581
42255400,touchmove,279,531,1645034247589
42255399,touchmove,309,305,1645034247589
42255400,touchmove,280,528,1645034247598
42255399,touchmove,309,309,1645034247598
42255400,touchmove,280,524,1645034247606
42255399,touchmove,309,313,1645034247606
42255400,touchmove,281,521,1645034247614
42255399,touchmove,309,318,1645034247614
42255400,touchmove,281,519,1645034247623
42255399,touchmove,309,321,1645034247623
42255400,touchmove,282,516,1645034247631
42255399,touchmove,309,324,1645034247631
42255400,touchmove,283,514,1645034247640
42255399,touchmove,309,327,1645034247640
42255400,touchmove,284,512,1645034247648
42255399,touchmove,309,330,1645034247648
42255400,touchmove,285,511,1645034247656
42255399,touchmove,309,333,1645034247656
42255400,touchmove,285,509,1645034247664
42255399,touchmove,308,337,1645034247664
42255400,touchmove,286,507,1645034247673
42255399,touchmove,308,341,1645034247673
42255400,touchmove,288,505,1645034247681
42255399,touchmove,308,345,1645034247681
42255400,touchmove,289,503,1645034247689
42255399,touchmove,308,349,1645034247689
42255400,touchmove,290,501,1645034247698
42255399,touchmove,308,352,1645034247698
42255400,touchmove,291,498,1645034247706
42255399,touchmove,308,355,1645034247706
42255399,touchmove,308,358,1645034247714
42255400,touchmove,291,497,1645034247714
42255400,touchmove,293,495,1645034247723
42255399,touchmove,308,360,1645034247723
42255399,touchmove,308,361,1645034247731
42255399,touchmove,308,362,1645034247740
42255400,touchmove,293,494,1645034247740
42255400,touchmove,294,494,1645034247756
42255400,touchmove,295,494,1645034247781
42255399,touchend,0,0,1645034248039
42255400,touchend,0,0,1645034248049
42255401,touchdown,555,311,1645034249012
42255402,touchdown,528,365,1645034249012
42255401,touchmove,557,305,1645034249073
42255401,touchmove,559,302,1645034249082
42255401,touchmove,561,299,1645034249090
42255401,touchmove,564,296,1645034249099
42255401,touchmove,566,292,1645034249107
42255401,touchmove,569,288,1645034249115
42255401,touchmove,572,284,1645034249124
42255401,touchmove,576,279,1645034249132
42255401,touchmove,579,274,1645034249140
42255401,touchmove,583,270,1645034249149
42255401,touchmove,586,266,1645034249157
42255401,touchmove,591,262,1645034249165
42255401,touchmove,595,257,1645034249174
42255401,touchmove,600,253,1645034249182
42255402,touchmove,529,371,1645034249182
42255401,touchmove,605,249,1645034249190
42255402,touchmove,529,372,1645034249191
42255401,touchmove,610,245,1645034249199
42255402,touchmove,529,373,1645034249199
42255401,touchmove,614,242,1645034249207
42255402,touchmove,529,374,1645034249207
42255401,touchmove,619,238,1645034249215
42255401,touchmove,624,235,1645034249224
42255402,touchmove,528,375,1645034249224
42255401,touchmove,629,231,1645034249232
42255402,touchmove,527,376,1645034249232
42255401,touchmove,635,226,1645034249240
42255402,touchmove,526,378,1645034249241
42255401,touchmove,641,222,1645034249249
42255402,touchmove,525,379,1645034249249
42255401,touchmove,648,217,1645034249257
42255402,touchmove,524,380,1645034249257
42255401,touchmove,655,213,1645034249265
42255402,touchmove,523,382,1645034249265
42255401,touchmove,661,209,1645034249274
42255402,touchmove,521,384,1645034249274
42255401,touchmove,668,205,1645034249282
42255402,touchmove,520,385,1645034249282
42255401,touchmove,675,201,1645034249290
42255402,touchmove,519,387,1645034249290
42255401,touchmove,681,198,1645034249299
42255402,touchmove,518,389,1645034249299
42255401,touchmove,688,194,1645034249307
42255402,touchmove,517,390,1645034249307
42255401,touchmove,695,191,1645034249315
42255402,touchmove,516,392,1645034249315
42255401,touchmove,701,188,1645034249324
42255402,touchmove,516,393,1645034249324
42255401,touchmove,708,185,1645034249332
42255402,touchmove,515,394,1645034249332
42255401,touchmove,713,183,1645034249340
42255402,touchmove,515,395,1645034249340
42255401,touchmove,717,181,1645034249349
42255402,touchmove,515,396,1645034249349
42255401,touchmove,722,179,1645034249357
42255401,touchmove,726,177,1645034249365
42255402,touchmove,515,397,1645034249365
42255401,touchmove,729,176,1645034249374
42255401,touchmove,733,174,1645034249382
42255401,touchmove,736,172,1645034249390
42255401,touchmove,740,171,1645034249399
42255401,touchmove,743,169,1645034249407
42255401,touchmove,747,167,1645034249415
42255402,touchmove,516,397,1645034249416
42255401,touchmove,751,166,1645034249424
42255401,touchmove,754,164,1645034249432
42255401,touchmove,757,163,1645034249440
42255401,touchmove,760,162,1645034249449
42255401,touchmove,761,161,1645034249457
42255402,touchmove,517,397,1645034249457
42255401,touchmove,763,160,1645034249465
42255401,touchmove,764,160,1645034249474
42255401,touchmove,764,159,1645034249482
42255401,touchmove,764,158,1645034249499
42255402,touchmove,517,396,1645034249590
42255401,touchend,0,0,1645034249632
42255402,touchmove,516,397,1645034249641
42255402,touchend,0,0,1645034249649
42255403,touchdown,738,418,1645034250046
42255404,touchdown,696,469,1645034250047
42255404,touchmove,698,475,1645034250091
42255404,touchmove,698,476,1645034250099
42255403,touchmove,741,416,1645034250099
42255404,touchmove,698,477,1645034250108
42255403,touchmove,746,413,1645034250108
42255404,touchmove,698,478,1645034250116
42255403,touchmove,753,408,1645034250116
42255404,touchmove,698,479,1645034250125
42255403,touchmove,760,403,1645034250125
42255404,touchmove,698,480,1645034250133
42255403,touchmove,768,398,1645034250133
42255404,touchmove,698,481,1645034250141
42255403,touchmove,776,393,1645034250141
42255403,touchmove,784,389,1645034250149
42255404,touchmove,696,481,1645034250149
42255404,touchmove,695,482,1645034250157
42255403,touchmove,793,385,1645034250158
42255404,touchmove,694,483,1645034250166
42255403,touchmove,801,381,1645034250166
42255404,touchmove,693,484,1645034250174
42255403,touchmove,809,378,1645034250174
42255404,touchmove,691,486,1645034250182
42255403,touchmove,817,375,1645034250183
42255403,touchmove,824,372,1645034250191
42255404,touchmove,690,487,1645034250199
42255403,touchmove,832,370,1645034250199
42255404,touchmove,689,488,1645034250208
42255403,touchmove,839,368,1645034250208
42255403,touchmove,846,366,1645034250216
42255404,touchmove,689,489,1645034250224
42255403,touchmove,854,364,1645034250224
42255403,touchmove,861,363,1645034250232
42255404,touchmove,689,490,1645034250241
42255403,touchmove,869,361,1645034250241
42255403,touchmove,877,360,1645034250249
42255403,touchmove,884,359,1645034250257
42255403,touchmove,892,357,1645034250266
42255404,touchmove,690,491,1645034250274
42255403,touchmove,900,357,1645034250274
42255403,touchmove,907,356,1645034250283
42255404,touchmove,691,491,1645034250291
42255403,touchmove,915,355,1645034250291
42255404,touchmove,691,492,1645034250299
42255403,touchmove,922,354,1645034250299
42255404,touchmove,692,492,1645034250307
42255403,touchmove,927,353,1645034250308
42255404,touchmove,693,492,1645034250316
42255403,touchmove,933,352,1645034250316
42255404,touchmove,693,493,1645034250324
42255403,touchmove,938,352,1645034250324
42255403,touchmove,941,351,1645034250332
42255403,touchmove,944,350,1645034250341
42255404,touchmove,694,493,1645034250341
42255403,touchmove,946,349,1645034250349
42255403,touchmove,946,348,1645034250358
42255404,touchmove,695,493,1645034250366
42255403,touchmove,947,348,1645034250366
42255403,touchmove,947,347,1645034250374
42255403,touchmove,948,346,1645034250383
42255403,touchmove,948,345,1645034250408
42255404,touchmove,695,492,1645034250450
42255404,touchmove,695,491,1645034250474
42255404,touchmove,694,491,1645034250483
42255404,touchmove,694,490,1645034250500
42255404,touchmove,693,490,1645034250508
42255403,touchmove,947,345,1645034250516
42255403,touchend,0,0,1645034250524
42255404,touchmove,692,489,1645034250525
42255404,touchmove,691,488,1645034250533
42255404,touchmove,691,487,1645034250549
42255404,touchend,0,0,1645034250557
42255405,touchdown,460,355,1645034251007
42255406,touchdown,453,448,1645034251007
42255405,touchmove,453,347,1645034251049
42255406,touchmove,457,451,1645034251058
42255405,touchmove,453,344,1645034251058
42255406,touchmove,457,453,1645034251066
42255405,touchmove,454,340,1645034251066
42255406,touchmove,457,454,1645034251075
42255405,touchmove,455,336,1645034251075
42255406,touchmove,457,456,1645034251083
42255405,touchmove,455,331,1645034251083
42255406,touchmove,457,458,1645034251091
42255405,touchmove,456,326,1645034251092
42255406,touchmove,457,460,1645034251100
42255405,touchmove,457,322,1645034251100
42255406,touchmove,457,463,1645034251108
42255405,touchmove,457,317,1645034251108
42255406,touchmove,457,465,1645034251116
42255405,touchmove,458,311,1645034251116
42255406,touchmove,457,467,1645034251125
42255405,touchmove,459,305,1645034251125
42255406,touchmove,457,468,1645034251133
42255405,touchmove,462,298,1645034251133
42255406,touchmove,456,470,1645034251142
42255405,touchmove,464,290,1645034251142
42255406,touchmove,456,471,1645034251150
42255405,touchmove,468,280,1645034251150
42255406,touchmove,455,473,1645034251158
42255405,touchmove,474,268,1645034251158
42255406,touchmove,455,474,1645034251166
42255405,touchmove,482,255,1645034251166
42255406,touchmove,455,475,1645034251175
42255405,touchmove,491,243,1645034251175
42255406,touchmove,455,476,1645034251183
42255405,touchmove,498,233,1645034251183
42255406,touchmove,456,476,1645034251191
42255405,touchmove,506,224,1645034251191
42255406,touchmove,458,476,1645034251200
42255405,touchmove,512,218,1645034251200
42255406,touchmove,460,476,1645034251208
42255405,touchmove,517,213,1645034251208
42255406,touchmove,462,476,1645034251217
42255405,touchmove,523,208,1645034251217
42255406,touchmove,464,476,1645034251225
42255405,touchmove,526,204,1645034251225
42255406,touchmove,466,476,1645034251233
42255405,touchmove,530,200,1645034251233
42255406,touchmove,468,476,1645034251241
42255405,touchmove,532,197,1645034251241
42255406,touchmove,470,476,1645034251250
42255405,touchmove,534,195,1645034251250
42255406,touchmove,471,476,1645034251258
42255405,touchmove,535,192,1645034251258
42255406,touchmove,472,476,1645034251267
42255405,touchmove,536,190,1645034251267
42255405,touchmove,536,189,1645034251275
42255405,touchmove,537,187,1645034251283
42255405,touchmove,537,186,1645034251291
42255405,touchmove,538,185,1645034251300
42255405,touchmove,538,184,1645034251308
42255406,touchmove,472,475,1645034251317
42255405,touchmove,538,183,1645034251333
42255406,touchmove,471,474,1645034251342
42255406,touchmove,470,474,1645034251358
42255406,touchmove,469,474,1645034251384
42255406,touchmove,468,474,1645034251417
42255406,touchmove,467,474,1645034251433
42255406,touchmove,466,474,1645034251458
42255405,touchmove,539,183,1645034251459
42255406,touchmove,465,474,1645034251467
42255405,touchmove,540,183,1645034251467
42255406,touchmove,464,474,1645034251475
42255405,touchend,0,0,1645034251483
42255406,touchmove,463,473,1645034251483
42255406,touchmove,462,473,1645034251491
42255406,touchend,0,0,1645034251507
42255407,touchdown,374,144,1645034251988
42255408,touchdown,330,238,1645034252004
42255407,touchmove,371,139,1645034252004
42255407,touchmove,371,137,1645034252008
42255407,touchmove,371,135,1645034252017
42255407,touchmove,371,134,1645034252025
42255407,touchmove,371,132,1645034252033
42255408,touchmove,330,243,1645034252042
42255407,touchmove,373,130,1645034252042
42255408,touchmove,330,245,1645034252050
42255407,touchmove,375,128,1645034252050
42255408,touchmove,330,247,1645034252059
42255407,touchmove,378,125,1645034252059
42255408,touchmove,330,249,1645034252067
42255407,touchmove,381,121,1645034252067
42255408,touchmove,329,251,1645034252075
42255407,touchmove,384,118,1645034252075
42255408,touchmove,328,253,1645034252083
42255407,touchmove,388,114,1645034252084
42255408,touchmove,328,255,1645034252092
42255407,touchmove,392,110,1645034252092
42255408,touchmove,327,257,1645034252100
42255407,touchmove,397,105,1645034252100
42255408,touchmove,326,258,1645034252108
42255407,touchmove,403,101,1645034252109
42255408,touchmove,326,260,1645034252117
42255407,touchmove,409,95,1645034252117
42255407,touchmove,417,90,1645034252125
42255408,touchmove,325,261,1645034252125
42255408,touchmove,324,262,1645034252134
42255407,touchmove,425,85,1645034252134
42255408,touchmove,324,263,1645034252142
42255407,touchmove,432,80,1645034252142
42255408,touchmove,324,264,1645034252150
42255407,touchmove,440,76,1645034252150
42255407,touchmove,446,72,1645034252159
42255407,touchmove,453,68,1645034252167
42255407,touchmove,459,64,1645034252175
42255407,touchmove,465,61,1645034252184
42255407,touchmove,471,58,1645034252192
42255408,touchmove,325,264,1645034252200
42255407,touchmove,476,55,1645034252200
42255408,touchmove,326,264,1645034252209
42255407,touchmove,481,52,1645034252209
42255407,touchmove,484,50,1645034252217
42255407,touchmove,486,49,1645034252225
42255408,touchmove,327,264,1645034252234
42255407,touchmove,488,48,1645034252234
42255407,touchmove,490,46,1645034252242
42255408,touchmove,328,264,1645034252250
42255407,touchmove,491,45,1645034252250
42255407,touchmove,492,44,1645034252259
42255407,touchmove,493,43,1645034252275
42255408,touchmove,328,263,1645034252359
42255407,touchmove,494,43,1645034252442
42255407,touchend,0,0,1645034252450
42255408,touchmove,327,263,1645034252451
42255408,touchmove,327,265,1645034252467
42255408,touchmove,327,266,1645034252476
42255408,touchmove,327,269,1645034252484
42255408,touchend,0,0,1645034252492
42255409,touchdown,736,217,1645034252940
42255409,touchmove,736,214,1645034252950
42255409,touchmove,736,210,1645034252957
42255409,touchmove,736,206,1645034252961
42255410,touchdown,623,323,1645034252968
42255409,touchmove,736,203,1645034252968
42255409,touchmove,736,201,1645034252976
42255409,touchmove,737,200,1645034252984
42255409,touchmove,738,198,1645034252992
42255409,touchmove,740,197,1645034253001
42255409,touchmove,741,195,1645034253009
42255409,touchmove,745,192,1645034253017
42255410,touchmove,620,327,1645034253026
42255409,touchmove,748,190,1645034253026
42255410,touchmove,619,328,1645034253034
42255409,touchmove,753,187,1645034253034
42255409,touchmove,759,184,1645034253043
42255410,touchmove,617,329,1645034253042
42255410,touchmove,615,331,1645034253051
42255409,touchmove,765,180,1645034253051
42255410,touchmove,615,332,1645034253059
42255409,touchmove,772,177,1645034253059
42255410,touchmove,614,332,1645034253067
42255409,touchmove,779,174,1645034253067
42255410,touchmove,614,333,1645034253076
42255409,touchmove,785,172,1645034253076
42255409,touchmove,790,170,1645034253084
42255409,touchmove,794,168,1645034253092
42255410,touchmove,614,334,1645034253101
42255409,touchmove,798,167,1645034253101
42255409,touchmove,803,165,1645034253109
42255410,touchmove,615,334,1645034253117
42255409,touchmove,808,163,1645034253118
42255409,touchmove,814,161,1645034253126
42255410,touchmove,616,334,1645034253134
42255409,touchmove,821,159,1645034253134
42255409,touchmove,827,157,1645034253143
42255409,touchmove,832,156,1645034253151
42255410,touchmove,617,334,1645034253159
42255409,touchmove,838,154,1645034253159
42255409,touchmove,842,153,1645034253167
42255410,touchmove,618,334,1645034253176
42255409,touchmove,847,151,1645034253176
42255409,touchmove,852,150,1645034253184
42255410,touchmove,619,334,1645034253193
42255409,touchmove,856,149,1645034253193
42255410,touchmove,619,335,1645034253201
42255409,touchmove,860,148,1645034253201
42255409,touchmove,865,146,1645034253209
42255410,touchmove,620,335,1645034253218
42255409,touchmove,868,145,1645034253218
42255409,touchmove,871,144,1645034253226
42255409,touchmove,873,144,1645034253234
42255410,touchmove,621,335,1645034253243
42255409,touchmove,875,143,1645034253243
42255410,touchmove,622,335,1645034253251
42255409,touchmove,876,142,1645034253251
42255409,touchmove,877,142,1645034253259
42255409,touchmove,878,142,1645034253276
42255409,touchmove,878,141,1645034253284
42255410,touchmove,621,334,1645034253418
42255409,touchend,0,0,1645034253426
42255410,touchmove,620,334,1645034253426
42255410,touchmove,619,333,1645034253443
42255410,touchmove,618,332,1645034253459
42255410,touchmove,618,331,1645034253468
42255410,touchend,0,0,1645034253476
42255411,touchdown,570,115,1645034253849
42255411,touchmove,570,111,1645034253859
42255411,touchmove,570,107,1645034253865
42255411,touchmove,570,104,1645034253869
42255412,touchdown,479,246,1645034253876
42255411,touchmove,571,100,1645034253876
42255411,touchmove,573,97,1645034253884
42255411,touchmove,576,95,1645034253893
42255411,touchmove,580,91,1645034253901
42255411,touchmove,586,88,1645034253909
42255411,touchmove,594,84,1645034253918
42255412,touchmove,476,252,1645034253926
42255411,touchmove,602,79,1645034253926
42255411,touchmove,610,76,1645034253934
42255412,touchmove,476,254,1645034253943
42255411,touchmove,619,72,1645034253943
42255412,touchmove,476,255,1645034253951
42255411,touchmove,628,69,1645034253951
42255412,touchmove,476,256,1645034253960
42255411,touchmove,634,67,1645034253960
42255411,touchmove,642,64,1645034253968
42255412,touchmove,476,257,1645034253976
42255411,touchmove,648,62,1645034253976
42255411,touchmove,654,60,1645034253985
42255412,touchmove,477,257,1645034253993
42255411,touchmove,659,59,1645034253993
42255411,touchmove,663,57,1645034254002
42255412,touchmove,478,257,1645034254001
42255412,touchmove,478,258,1645034254010
42255411,touchmove,668,55,1645034254010
42255412,touchmove,479,258,1645034254018
42255411,touchmove,671,54,1645034254018
42255411,touchmove,675,53,1645034254026
42255412,touchmove,480,258,1645034254035
42255411,touchmove,679,52,1645034254035
42255411,touchmove,682,50,1645034254043
42255412,touchmove,481,258,1645034254051
42255411,touchmove,685,49,1645034254051
42255411,touchmove,686,48,1645034254060
42255411,touchmove,688,48,1645034254068
42255411,touchmove,689,47,1645034254076
42255411,touchmove,689,46,1645034254093
42255412,touchmove,481,257,1645034254143
42255412,touchmove,481,256,1645034254243
42255411,touchmove,690,48,1645034254243
42255411,touchend,0,0,1645034254260
42255412,touchmove,480,256,1645034254268
42255412,touchmove,480,257,1645034254277
42255412,touchend,0,0,1645034254284
42255413,touchdown,391,506,1645034254774
42255414,touchdown,394,427,1645034254774
42255414,touchmove,389,421,1645034254818
42255414,touchmove,389,420,1645034254827
42255414,touchmove,389,418,1645034254835
42255413,touchmove,397,508,1645034254835
42255414,touchmove,389,416,1645034254844
42255413,touchmove,398,508,1645034254852
42255414,touchmove,390,413,1645034254852
42255414,touchmove,391,409,1645034254860
42255414,touchmove,392,404,1645034254869
42255414,touchmove,394,399,1645034254877
42255414,touchmove,396,392,1645034254885
42255414,touchmove,398,385,1645034254894
42255414,touchmove,402,377,1645034254902
42255414,touchmove,408,367,1645034254910
42255414,touchmove,414,358,1645034254919
42255413,touchmove,397,508,1645034254919
42255414,touchmove,421,347,1645034254927
42255414,touchmove,429,336,1645034254935
42255414,touchmove,436,327,1645034254944
42255414,touchmove,444,318,1645034254952
42255414,touchmove,451,310,1645034254960
42255414,touchmove,458,304,1645034254969
42255413,touchmove,398,508,1645034254969
42255414,touchmove,464,298,1645034254977
42255413,touchmove,399,508,1645034254977
42255414,touchmove,469,293,1645034254985
42255413,touchmove,401,508,1645034254985
42255414,touchmove,474,288,1645034254994
42255413,touchmove,402,509,1645034254994
42255414,touchmove,479,284,1645034255002
42255413,touchmove,403,509,1645034255002
42255414,touchmove,482,280,1645034255010
42255413,touchmove,405,509,1645034255010
42255414,touchmove,484,277,1645034255019
42255413,touchmove,407,509,1645034255019
42255414,touchmove,486,274,1645034255027
42255414,touchmove,488,272,1645034255035
42255413,touchmove,409,509,1645034255035
42255414,touchmove,488,270,1645034255043
42255414,touchmove,488,269,1645034255052
42255413,touchmove,410,509,1645034255052
42255414,touchmove,489,267,1645034255060
42255414,touchmove,489,266,1645034255069
42255414,touchmove,490,265,1645034255077
42255414,touchmove,490,264,1645034255085
42255414,touchmove,490,263,1645034255094
42255414,touchmove,491,262,1645034255102
42255414,touchmove,491,261,1645034255119
42255413,touchmove,409,509,1645034255144
42255414,touchmove,492,261,1645034255152
42255414,touchmove,493,261,1645034255160
42255413,touchmove,408,508,1645034255161
42255414,touchmove,495,261,1645034255169
42255413,touchmove,407,508,1645034255169
42255414,touchmove,496,261,1645034255177
42255413,touchmove,406,508,1645034255186
42255414,touchmove,498,261,1645034255185
42255413,touchmove,405,507,1645034255194
42255414,touchend,0,0,1645034255193
42255413,touchmove,404,507,1645034255210
42255413,touchmove,403,507,1645034255219
42255413,touchend,0,0,1645034255226
42255415,touchdown,656,488,1645034255682
42255416,touchdown,595,521,1645034255698
42255415,touchmove,662,481,1645034255710
42255415,touchmove,665,479,1645034255719
42255415,touchmove,670,477,1645034255727
42255415,touchmove,676,476,1645034255736
42255415,touchmove,683,474,1645034255744
42255415,touchmove,690,472,1645034255752
42255415,touchmove,698,470,1645034255761
42255415,touchmove,706,469,1645034255769
42255415,touchmove,715,467,1645034255777
42255415,touchmove,723,467,1645034255786
42255415,touchmove,732,465,1645034255794
42255415,touchmove,742,465,1645034255802
42255415,touchmove,751,465,1645034255811
42255415,touchmove,760,464,1645034255819
42255415,touchmove,769,464,1645034255827
42255415,touchmove,778,464,1645034255836
42255415,touchmove,786,464,1645034255844
42255415,touchmove,793,464,1645034255852
42255415,touchmove,800,464,1645034255861
42255415,touchmove,807,464,1645034255869
42255415,touchmove,813,464,1645034255877
42255416,touchmove,597,529,1645034255886
42255415,touchmove,819,464,1645034255886
42255416,touchmove,597,530,1645034255894
42255415,touchmove,824,464,1645034255894
42255415,touchmove,828,464,1645034255902
42255415,touchmove,832,464,1645034255911
42255416,touchmove,597,531,1645034255919
42255415,touchmove,836,464,1645034255919
42255415,touchmove,839,464,1645034255927
42255415,touchmove,841,464,1645034255936
42255415,touchmove,843,464,1645034255944
42255415,touchmove,844,464,1645034255952
42255415,touchmove,845,464,1645034255961
42255415,touchmove,846,463,1645034255969
42255416,touchmove,598,531,1645034255977
42255415,touchmove,847,463,1645034255978
42255415,touchmove,848,463,1645034255986
42255415,touchmove,849,462,1645034255994
42255415,touchmove,850,462,1645034256011
42255415,touchmove,850,461,1645034256019
42255415,touchmove,851,461,1645034256036
42255415,touchmove,851,460,1645034256044
42255416,touchmove,598,530,1645034256052
42255416,touchmove,598,529,1645034256061
42255416,touchmove,598,528,1645034256077
42255415,touchmove,851,459,1645034256095
42255416,touchend,0,0,1645034256094
42255415,touchend,0,0,1645034256110
42255417,touchdown,590,308,1645034256559
42255418,touchdown,528,380,1645034256571
42255417,touchmove,591,303,1645034256571
42255417,touchmove,591,301,1645034256578
42255417,touchmove,592,299,1645034256586
42255417,touchmove,594,298,1645034256594
42255417,touchmove,596,297,1645034256603
42255417,touchmove,598,295,1645034256611
42255418,touchmove,525,387,1645034256611
42255417,touchmove,601,293,1645034256619
42255418,touchmove,524,388,1645034256620
42255417,touchmove,603,291,1645034256628
42255418,touchmove,523,390,1645034256628
42255417,touchmove,607,289,1645034256636
42255418,touchmove,520,392,1645034256636
42255417,touchmove,610,286,1645034256644
42255418,touchmove,518,393,1645034256644
42255417,touchmove,614,282,1645034256653
42255418,touchmove,516,394,1645034256653
42255417,touchmove,619,278,1645034256661
42255418,touchmove,513,396,1645034256661
42255417,touchmove,624,273,1645034256669
42255418,touchmove,511,397,1645034256670
42255417,touchmove,631,268,1645034256678
42255418,touchmove,509,398,1645034256678
42255417,touchmove,639,262,1645034256686
42255418,touchmove,506,399,1645034256686
42255417,touchmove,647,257,1645034256694
42255418,touchmove,504,400,1645034256694
42255418,touchmove,503,401,1645034256703
42255417,touchmove,656,252,1645034256703
42255417,touchmove,664,248,1645034256711
42255418,touchmove,502,402,1645034256711
42255417,touchmove,672,245,1645034256720
42255417,touchmove,680,242,1645034256728
42255417,touchmove,688,239,1645034256736
42255417,touchmove,695,237,1645034256744
42255417,touchmove,702,235,1645034256753
42255417,touchmove,708,233,1645034256761
42255418,touchmove,503,403,1645034256761
42255417,touchmove,714,232,1645034256769
42255417,touchmove,720,231,1645034256778
42255418,touchmove,504,403,1645034256778
42255418,touchmove,505,403,1645034256786
42255417,touchmove,725,229,1645034256786
42255417,touchmove,729,228,1645034256795
42255417,touchmove,731,227,1645034256803
42255418,touchmove,506,403,1645034256803
42255417,touchmove,733,226,1645034256811
42255417,touchmove,734,225,1645034256820
42255418,touchmove,507,403,1645034256820
42255417,touchmove,735,225,1645034256828
42255417,touchmove,736,224,1645034256836
42255417,touchmove,736,223,1645034256861
42255418,touchmove,506,403,1645034256945
42255418,touchmove,506,402,1645034256961
42255418,touchmove,505,402,1645034256978
42255418,touchmove,505,401,1645034256995
42255418,touchmove,504,401,1645034257003
42255418,touchend,0,0,1645034257019
42255417,touchend,0,0,1645034257029
42255419,touchdown,812,284,1645034257550
42255420,touchdown,735,359,1645034257565
42255419,touchmove,811,277,1645034257578
42255419,touchmove,811,275,1645034257587
42255419,touchmove,811,274,1645034257595
42255419,touchmove,812,272,1645034257603
42255419,touchmove,812,271,1645034257612
42255419,touchmove,813,269,1645034257620
42255419,touchmove,815,267,1645034257628
42255419,touchmove,817,265,1645034257637
42255419,touchmove,819,262,1645034257645
42255419,touchmove,822,259,1645034257653
42255419,touchmove,825,256,1645034257662
42255419,touchmove,829,252,1645034257670
42255419,touchmove,834,249,1645034257679
42255419,touchmove,840,245,1645034257687
42255419,touchmove,846,241,1645034257695
42255419,touchmove,853,237,1645034257703
42255419,touchmove,858,234,1645034257712
42255419,touchmove,863,231,1645034257720
42255419,touchmove,868,228,1645034257728
42255419,touchmove,872,225,1645034257737
42255419,touchmove,877,223,1645034257745
42255420,touchmove,737,365,1645034257745
42255419,touchmove,881,220,1645034257753
42255420,touchmove,738,365,1645034257754
42255419,touchmove,885,217,1645034257762
42255419,touchmove,889,214,1645034257770
42255420,touchmove,740,366,1645034257770
42255419,touchmove,893,212,1645034257778
42255420,touchmove,741,366,1645034257787
42255419,touchmove,897,210,1645034257787
42255420,touchmove,741,367,1645034257795
42255419,touchmove,900,209,1645034257795
42255419,touchmove,902,207,1645034257803
42255420,touchmove,742,367,1645034257804
42255419,touchmove,904,205,1645034257812
42255419,touchmove,905,204,1645034257820
42255420,touchmove,743,368,1645034257820
42255419,touchmove,906,203,1645034257828
42255419,touchmove,907,202,1645034257845
42255420,touchmove,744,368,1645034257845
42255419,touchmove,907,201,1645034257854
42255419,touchmove,907,200,1645034257870
42255420,touchmove,744,367,1645034257945
42255420,touchmove,743,367,1645034258003
42255420,touchmove,743,366,1645034258037
42255420,touchmove,742,365,1645034258095
42255420,touchmove,741,365,1645034258120
42255420,touchmove,741,364,1645034258137
42255419,touchend,0,0,1645034258153
42255420,touchmove,740,364,1645034258154
42255420,touchmove,740,363,1645034258170
42255420,touchend,0,0,1645034258178
