42255421,touchdown,921,562,1645034432473
42255421,touchmove,919,556,1645034432499
42255421,touchmove,919,554,1645034432509
42255421,touchmove,919,553,1645034432517
42255421,touchmove,919,552,1645034432526
42255421,touchend,0,0,1645034432667
42255422,touchdown,801,569,1645034433365
42255422,touchend,0,0,1645034433492
42255423,touchdown,646,559,1645034434040
42255423,touchend,0,0,1645034434192
42255424,touchdown,502,570,1645034434840
42255424,touchend,0,0,1645034434951
42255425,touchdown,368,557,1645034435550
42255425,touchend,0,0,1645034435660
42255426,touchdown,266,566,1645034436307
42255426,touchend,0,0,1645034436360
42255427,touchdown,920,440,1645034436984
42255427,touchend,0,0,1645034437052
42255428,touchdown,786,434,1645034437783
42255428,touchend,0,0,1645034437894
42255429,touchdown,661,445,1645034438543
42255429,touchend,0,0,1645034438653
42255430,touchdown,533,431,1645034439292
42255430,touchend,0,0,1645034439378
42255431,touchdown,405,432,1645034440035
42255431,touchend,0,0,1645034440129
42255432,touchdown,283,423,1645034440835
42255432,touchend,0,0,1645034440913
42255433,touchdown,904,319,1645034441627
42255433,touchmove,910,315,1645034441663
42255433,touchmove,913,315,1645034441672
42255433,touchmove,916,316,1645034441681
42255433,touchend,0,0,1645034441688
42255434,touchdown,794,304,1645034442379
42255434,touchend,0,0,1645034442439
42255435,touchdown,678,298,1645034443071
42255435,touchend,0,0,1645034443131
42255436,touchdown,551,304,1645034443813
42255436,touchend,0,0,1645034443856
42255437,touchdown,394,301,1645034444529
42255437,touchend,0,0,1645034444565
42255438,touchdown,267,275,1645034445228
42255438,touchend,0,0,1645034445265
42255439,touchdown,908,197,1645034445953
42255439,touchend,0,0,1645034446007
42255440,touchdown,798,170,1645034446746
42255440,touchend,0,0,1645034446833
42255441,touchdown,664,158,1645034447488
42255441,touchend,0,0,1645034447550
42255442,touchdown,554,146,1645034448239
42255442,touchmove,553,144,1645034448267
42255442,touchmove,553,142,1645034448276
42255442,touchmove,552,141,1645034448284
42255442,touchmove,550,141,1645034448292
42255442,touchend,0,0,1645034448300
42255443,touchdown,401,165,1645034448964
42255443,touchend,0,0,1645034449034
42255444,touchdown,261,183,1645034449732
42255444,touchend,0,0,1645034449784
42255445,touchdown,790,52,1645034451115
42255445,touchend,0,0,1645034451219
42255446,touchdown,665,39,1645034451949
42255446,touchend,0,0,1645034452011
42255447,touchdown,536,46,1645034452783
42255447,touchend,0,0,1645034452836
42255448,touchdown,405,71,1645034453559
42255448,touchend,0,0,1645034453595
42255449,touchdown,264,50,1645034454267
42255449,touchend,0,0,1645034454329
42255450,touchdown,947,580,1645034454951
42255450,touchend,0,0,1645034455021
42255451,touchdown,798,604,1645034455793
42255451,touchend,0,0,1645034455838
42255452,touchend,0,0,1645034456588
42255452,touchdown,669,575,1645034456495
42255453,touchdown,551,558,1645034457278
42255453,touchend,0,0,1645034457364
42255454,touchdown,410,579,1645034458052
42255454,touchend,0,0,1645034458114
42255455,touchdown,285,579,1645034458761
42255455,touchend,0,0,1645034458798
42255456,touchdown,905,460,1645034459479
42255456,touchmove,905,453,1645034459531
42255456,touchmove,907,454,1645034459540
42255456,touchmove,910,455,1645034459549
42255456,touchend,0,0,1645034459557
42255457,touchdown,789,450,1645034460271
42255457,touchend,0,0,1645034460357
42255458,touchdown,681,435,1645034461038
42255458,touchend,0,0,1645034461124
42255459,touchdown,544,443,1645034461738
42255459,touchend,0,0,1645034461824
42255460,touchdown,402,441,1645034462523
42255460,touchend,0,0,1645034462600
42255461,touchdown,268,448,1645034463274
42255461,touchmove,266,444,1645034463301
42255461,touchend,0,0,1645034463333
42255462,touchdown,927,329,1645034464014
42255462,touchmove,928,326,1645034464024
42255462,touchmove,928,323,1645034464031
42255462,touchmove,928,322,1645034464034
42255462,touchmove,926,324,1645034464085
42255462,touchmove,924,325,1645034464093
42255462,touchend,0,0,1645034464101
42255463,touchdown,793,322,1645034464773
42255463,touchmove,793,315,1645034464787
42255463,touchmove,793,312,1645034464793
42255463,touchmove,793,313,1645034464852
42255463,touchmove,791,315,1645034464860
42255463,touchend,0,0,1645034464868
42255464,touchdown,665,323,1645034465542
42255464,touchend,0,0,1645034465610
42255465,touchdown,533,292,1645034466317
42255465,touchend,0,0,1645034466394
42255466,touchdown,408,295,1645034467034
42255466,touchend,0,0,1645034467094
42255467,touchdown,276,322,1645034467800
42255467,touchend,0,0,1645034467836
42255468,touchdown,907,221,1645034468527
42255468,touchmove,910,217,1645034468562
42255468,touchmove,912,215,1645034468570
42255468,touchmove,912,214,1645034468595
42255468,touchend,0,0,1645034468611
42255469,touchdown,805,181,1645034469319
42255469,touchend,0,0,1645034469387
42255470,touchdown,692,182,1645034470036
42255470,touchend,0,0,1645034470121
42255471,touchdown,533,176,1645034470785
42255471,touchend,0,0,1645034470854
42255472,touchdown,395,184,1645034471502
42255472,touchend,0,0,1645034471571
42255473,touchdown,260,183,1645034472219
42255473,touchend,0,0,1645034472280
42255474,touchdown,917,88,1645034472961
42255474,touchend,0,0,1645034473022
42255475,touchdown,804,60,1645034473746
42255475,touchmove,804,56,1645034473757
42255475,touchmove,804,53,1645034473763
42255475,touchmove,804,52,1645034473767
42255475,touchmove,804,53,1645034473806
42255475,touchmove,804,55,1645034473815
42255475,touchend,0,0,1645034473823
42255476,touchdown,679,65,1645034474488
42255476,touchmove,679,62,1645034474498
42255476,touchmove,679,60,1645034474505
42255476,touchmove,679,61,1645034474540
42255476,touchmove,679,63,1645034474549
42255476,touchend,0,0,1645034474557
42255477,touchdown,569,69,1645034475244
42255477,touchend,0,0,1645034475315
42255478,touchdown,414,64,1645034476029
42255478,touchend,0,0,1645034476090
42255479,touchdown,267,40,1645034476763
42255479,touchend,0,0,1645034476825
42255480,touchdown,927,598,1645034477437
42255480,touchmove,923,602,1645034477508
42255480,touchend,0,0,1645034477518
42255481,touchdown,787,587,1645034478239
42255481,touchend,0,0,1645034478333
42255482,touchdown,662,545,1645034479039
42255482,touchend,0,0,1645034479109
42255483,touchdown,546,532,1645034479814
42255483,touchend,0,0,1645034479884
42255484,touchdown,401,556,1645034480556
42255484,touchend,0,0,1645034480610
42255485,touchdown,272,561,1645034481299
42255485,touchend,0,0,1645034481352
42255486,touchdown,917,456,1645034482034
42255486,touchend,0,0,1645034482103
42255487,touchdown,809,442,1645034482782
42255487,touchend,0,0,1645034482845
42255488,touchdown,679,441,1645034483558
42255488,touchend,0,0,1645034483628
42255489,touchdown,548,440,1645034484292
42255489,touchend,0,0,1645034484362
42255490,touchdown,430,413,1645034485044
42255490,touchend,0,0,1645034485079
42255491,touchdown,261,435,1645034485801
42255491,touchend,0,0,1645034485855
42255492,touchdown,903,357,1645034486485
42255492,touchend,0,0,1645034486546
42255493,touchdown,811,333,1645034487294
42255493,touchend,0,0,1645034487372
42255494,touchdown,676,299,1645034488046
42255494,touchend,0,0,1645034488123
42255495,touchdown,545,301,1645034488804
42255495,touchend,0,0,1645034488873
42255496,touchdown,425,307,1645034489545
42255496,touchend,0,0,1645034489606
42255497,touchdown,275,290,1645034490270
42255497,touchend,0,0,1645034490332
42255498,touchdown,922,177,1645034490989
42255498,touchend,0,0,1645034491066
42255499,touchdown,801,171,1645034491772
42255499,touchend,0,0,1645034491857
42255500,touchdown,688,165,1645034492522
42255500,touchmove,686,163,1645034492600
42255500,touchend,0,0,1645034492608
42255501,touchdown,551,184,1645034493273
42255501,touchend,0,0,1645034493342
42255502,touchdown,378,171,1645034494063
42255502,touchend,0,0,1645034494134
42255503,touchdown,270,168,1645034494815
42255503,touchmove,270,166,1645034494868
42255503,touchend,0,0,1645034494876
42255504,touchdown,925,71,1645034495539
42255504,touchmove,925,66,1645034495549
42255504,touchmove,925,64,1645034495556
42255504,touchmove,924,65,1645034495601
42255504,touchmove,920,66,1645034495610
42255504,touchend,0,0,1645034495619
42255505,touchdown,805,62,1645034496315
42255505,touchend,0,0,1645034496402
42255506,touchdown,665,62,1645034497066
42255506,touchend,0,0,1645034497127
42255507,touchdown,538,57,1645034497817
42255507,touchend,0,0,1645034497886
42255508,touchdown,433,50,1645034498567
42255508,touchend,0,0,1645034498637
42255509,touchdown,283,49,1645034499333
42255509,touchmove,283,46,1645034499344
42255509,touchmove,283,44,1645034499350
42255509,touchmove,286,45,1645034499379
42255509,touchmove,288,47,1645034499387
42255509,touchend,0,0,1645034499395
42255510,touchdown,923,563,1645034500018
42255510,touchmove,922,559,1645034500028
42255510,touchmove,922,557,1645034500034
42255510,touchmove,922,556,1645034500038
42255510,touchmove,921,557,1645034500062
42255510,touchmove,919,560,1645034500071
42255510,touchmove,915,563,1645034500079
42255510,touchend,0,0,1645034500087
42255511,touchdown,802,586,1645034500760
42255511,touchend,0,0,1645034500821
42255512,touchdown,672,564,1645034501535
42255512,touchend,0,0,1645034501597
42255513,touchdown,529,569,1645034502286
42255513,touchend,0,0,1645034502330
42255514,touchdown,425,553,1645034503004
42255514,touchend,0,0,1645034503072
42255515,touchdown,288,566,1645034503745
42255515,touchend,0,0,1645034503798
42255516,touchdown,929,454,1645034504520
42255516,touchend,0,0,1645034504581
42255517,touchdown,821,449,1645034505272
42255517,touchend,0,0,1645034505332
42255518,touchdown,665,446,1645034506071
42255518,touchend,0,0,1645034506124
42255519,touchdown,530,449,1645034506838
42255519,touchend,0,0,1645034506899
42255520,touchdown,402,443,1645034507565
42255520,touchend,0,0,1645034507625
42255521,touchdown,269,432,1645034508272
42255521,touchend,0,0,1645034508350
42255522,touchdown,922,326,1645034509022
42255522,touchmove,923,323,1645034509032
42255522,touchmove,923,317,1645034509038
42255522,touchmove,923,315,1645034509043
42255522,touchmove,924,315,1645034509051
42255522,touchmove,924,316,1645034509109
42255522,touchmove,924,318,1645034509118
42255522,touchmove,922,321,1645034509126
42255522,touchmove,921,324,1645034509135
42255522,touchend,0,0,1645034509142
42255523,touchdown,779,317,1645034509848
42255523,touchend,0,0,1645034509885
42255524,touchdown,666,324,1645034510557
42255524,touchend,0,0,1645034510610
42255525,touchdown,544,306,1645034511282
42255525,touchend,0,0,1645034511335
42255526,touchdown,409,310,1645034512041
42255526,touchend,0,0,1645034512094
42255527,touchdown,277,299,1645034512775
42255527,touchend,0,0,1645034512819
42255528,touchdown,896,194,1645034513517
42255528,touchmove,900,190,1645034513545
42255528,touchmove,902,189,1645034513554
42255528,touchmove,904,189,1645034513562
42255528,touchend,0,0,1645034513570
42255529,touchdown,801,190,1645034514269
42255529,touchend,0,0,1645034514328
42255530,touchdown,674,167,1645034514985
42255530,touchmove,672,166,1645034515054
42255530,touchmove,670,168,1645034515063
42255530,touchend,0,0,1645034515070
42255531,touchdown,552,178,1645034515768
42255531,touchmove,556,173,1645034515813
42255531,touchmove,558,173,1645034515822
42255531,touchmove,560,173,1645034515830
42255531,touchmove,561,173,1645034515838
42255531,touchend,0,0,1645034515846
42255532,touchdown,389,173,1645034516595
42255532,touchend,0,0,1645034516655
42255533,touchdown,270,189,1645034517345
42255533,touchend,0,0,1645034517405
42255534,touchdown,943,72,1645034518070
42255534,touchmove,943,69,1645034518080
42255534,touchmove,943,68,1645034518086
42255534,touchmove,943,67,1645034518090
42255534,touchmove,944,68,1645034518131
42255534,touchmove,944,69,1645034518140
42255534,touchend,0,0,1645034518148
42255535,touchdown,796,60,1645034518854
42255535,touchend,0,0,1645034518939
42255536,touchdown,667,52,1645034519587
42255536,touchend,0,0,1645034519656
42255537,touchdown,539,57,1645034520364
42255537,touchmove,538,53,1645034520374
42255537,touchmove,538,51,1645034520380
42255537,touchmove,538,50,1645034520384
42255537,touchmove,538,52,1645034520423
42255537,touchend,0,0,1645034520432
42255538,touchdown,429,62,1645034521122
42255538,touchend,0,0,1645034521182
42255539,touchdown,271,33,1645034521929
42255539,touchend,0,0,1645034521966
42255540,touchdown,912,575,1645034522638
42255540,touchend,0,0,1645034522691
42255541,touchdown,805,590,1645034523357
42255541,touchend,0,0,1645034523408
42255542,touchdown,671,577,1645034524089
42255542,touchend,0,0,1645034524134
42255543,touchdown,548,586,1645034524857
42255543,touchend,0,0,1645034524901
42255544,touchdown,403,574,1645034525583
42255544,touchmove,406,566,1645034525618
42255544,touchmove,409,566,1645034525627
42255544,touchend,0,0,1645034525634
42255545,touchdown,275,587,1645034526299
42255545,touchend,0,0,1645034526360
42255546,touchdown,947,438,1645034527051
42255546,touchend,0,0,1645034527127
42255547,touchdown,798,435,1645034527843
42255547,touchend,0,0,1645034527894
42255548,touchdown,654,446,1645034528600
42255548,touchend,0,0,1645034528645
42255549,touchdown,547,434,1645034529327
42255549,touchmove,549,430,1645034529362
42255549,touchmove,550,429,1645034529371
42255549,touchmove,552,428,1645034529379
42255549,touchend,0,0,1645034529387
42255550,touchdown,420,433,1645034530069
42255550,touchmove,421,426,1645034530095
42255550,touchmove,421,425,1645034530104
42255550,touchmove,422,425,1645034530113
42255550,touchend,0,0,1645034530129
42255551,touchdown,283,432,1645034530819
42255551,touchend,0,0,1645034530863
42255552,touchdown,910,343,1645034531560
42255552,touchmove,913,338,1645034531597
42255552,touchmove,916,338,1645034531605
42255552,touchend,0,0,1645034531613
42255553,touchdown,791,319,1645034532361
42255553,touchend,0,0,1645034532389
42255554,touchdown,679,307,1645034533036
42255554,touchmove,677,303,1645034533046
42255554,touchmove,677,302,1645034533052
42255554,touchmove,678,302,1645034533080
42255554,touchmove,679,303,1645034533089
42255554,touchend,0,0,1645034533097
42255555,touchdown,527,298,1645034533803
42255555,touchend,0,0,1645034533856
42255556,touchdown,423,298,1645034534596
42255556,touchend,0,0,1645034534632
42255557,touchdown,270,326,1645034535347
42255557,touchend,0,0,1645034535390
42255558,touchdown,908,192,1645034536055
42255558,touchend,0,0,1645034536124
42255559,touchdown,789,175,1645034536897
42255559,touchend,0,0,1645034536949
42255560,touchdown,672,174,1645034537589
42255560,touchmove,672,172,1645034537633
42255560,touchend,0,0,1645034537641
42255561,touchdown,543,174,1645034538314
42255561,touchend,0,0,1645034538367
42255562,touchdown,432,177,1645034539056
42255562,touchmove,435,171,1645034539092
42255562,touchmove,439,170,1645034539101
42255562,touchmove,443,170,1645034539110
42255562,touchmove,444,172,1645034539118
42255562,touchend,0,0,1645034539125
42255563,touchdown,306,184,1645034539790
42255563,touchend,0,0,1645034539851
42255564,touchdown,950,57,1645034540531
42255564,touchmove,951,51,1645034540542
42255564,touchmove,951,46,1645034540548
42255564,touchmove,951,45,1645034540552
42255564,touchmove,950,48,1645034540611
42255564,touchmove,949,50,1645034540619
42255564,touchend,0,0,1645034540627
42255565,touchdown,814,67,1645034541348
42255565,touchend,0,0,1645034541427
42255566,touchdown,687,55,1645034542082
42255566,touchend,0,0,1645034542169
42255567,touchdown,550,57,1645034542825
42255567,touchend,0,0,1645034542878
42255568,touchdown,421,55,1645034543532
42255568,touchend,0,0,1645034543604
42255569,touchdown,288,37,1645034544300
42255569,touchend,0,0,1645034544362
42255570,touchdown,913,589,1645034544999
42255570,touchmove,915,583,1645034545013
42255570,touchmove,916,580,1645034545021
42255570,touchmove,917,578,1645034545029
42255570,touchmove,918,578,1645034545038
42255570,touchmove,920,578,1645034545046
42255570,touchmove,922,578,1645034545054
42255570,touchmove,924,578,1645034545063
42255570,touchmove,924,579,1645034545080
42255570,touchmove,923,582,1645034545088
42255570,touchend,0,0,1645034545096
42255571,touchdown,812,574,1645034545810
42255571,touchend,0,0,1645034545871
42255572,touchend,0,0,1645034546622
42255572,touchdown,656,572,1645034546595
42255573,touchdown,531,558,1645034547302
42255573,touchmove,533,553,1645034547339
42255573,touchmove,534,553,1645034547348
42255573,touchend,0,0,1645034547355
42255574,touchdown,393,571,1645034548037
42255574,touchend,0,0,1645034548089
42255575,touchdown,270,569,1645034548803
42255575,touchend,0,0,1645034548831
42255576,touchdown,919,436,1645034549530
42255576,touchmove,920,432,1645034549541
42255576,touchmove,920,429,1645034549557
42255576,touchmove,920,430,1645034549599
42255576,touchend,0,0,1645034549623
42255577,touchdown,787,461,1645034550288
42255577,touchend,0,0,1645034550407
42255578,touchend,0,0,1645034551183
42255578,touchdown,670,445,1645034551054
42255579,touchdown,538,437,1645034551830
42255579,touchend,0,0,1645034551999
