42247549,touchdown,624,244,1644780486996
42247550,touchdown,542,454,1644780487013
42247549,touchmove,621,238,1644780487013
42247549,touchmove,621,237,1644780487017
42247549,touchmove,622,237,1644780487050
42247549,touchmove,624,237,1644780487059
42247549,touchend,0,0,1644780487067
42247550,touchend,0,0,1644780487067
42247551,touchdown,672,158,1644780487531
42247552,touchdown,534,481,1644780487544
42247551,touchmove,671,153,1644780487576
42247551,touchmove,671,154,1644780487584
42247551,touchmove,672,157,1644780487593
42247551,touchmove,674,159,1644780487601
42247551,touchend,0,0,1644780487617
42247552,touchend,0,0,1644780487609
42247551,touchmove,675,163,1644780487609
42247554,touchdown,582,509,1644780488065
42247553,touchdown,746,161,1644780488064
42247553,touchmove,745,167,1644780488143
42247553,touchend,0,0,1644780488151
42247554,touchend,0,0,1644780488143
42247553,touchmove,745,165,1644780488134
42247555,touchdown,632,215,1644780494260
42247556,touchdown,493,430,1644780494271
42247555,touchmove,630,210,1644780494271
42247555,touchmove,630,209,1644780494278
42247555,touchmove,630,208,1644780494281
42247555,touchmove,630,209,1644780494296
42247555,touchmove,630,211,1644780494305
42247555,touchend,0,0,1644780494312
42247556,touchend,0,0,1644780494312
42247557,touchdown,502,453,1644780494795
42247558,touchdown,655,219,1644780494796
42247557,touchend,0,0,1644780494847
42247558,touchend,0,0,1644780494847
42247559,touchdown,515,459,1644780495329
42247560,touchdown,661,218,1644780495329
42247559,touchend,0,0,1644780495380
42247560,touchend,0,0,1644780495380
42247561,touchdown,495,479,1644780495894
42247562,touchdown,647,223,1644780495894
42247561,touchend,0,0,1644780495947
42247562,touchend,0,0,1644780495948
42247563,touchdown,500,465,1644780496438
42247564,touchdown,657,205,1644780496438
42247563,touchend,0,0,1644780496481
42247564,touchend,0,0,1644780496481
42247565,touchdown,665,209,1644780496946
42247566,touchdown,509,450,1644780496947
42247566,touchmove,511,455,1644780496957
42247565,touchmove,664,206,1644780496982
42247565,touchmove,664,209,1644780496990
42247566,touchmove,511,454,1644780496990
42247566,touchend,0,0,1644780496998
42247565,touchmove,664,212,1644780496998
42247565,touchend,0,0,1644780497006
42247567,touchdown,503,451,1644780497464
42247568,touchdown,659,198,1644780497464
42247567,touchend,0,0,1644780497506
42247568,touchend,0,0,1644780497507
42247569,touchdown,503,313,1644780498922
42247570,touchdown,737,227,1644780498923
42247569,touchmove,496,309,1644780498933
42247569,touchmove,495,309,1644780498941
42247569,touchmove,496,311,1644780498966
42247569,touchmove,496,313,1644780498974
42247569,touchmove,498,315,1644780498983
42247570,touchend,0,0,1644780498990
42247569,touchmove,500,316,1644780498991
42247569,touchend,0,0,1644780498999
42247571,touchdown,730,101,1644780499398
42247572,touchdown,485,192,1644780499398
42247571,touchmove,729,102,1644780499441
42247571,touchmove,727,105,1644780499450
42247572,touchmove,483,194,1644780499450
42247572,touchend,0,0,1644780499457
42247571,touchmove,723,107,1644780499458
42247571,touchend,0,0,1644780499467
42247573,touchdown,797,289,1644780499872
42247574,touchdown,539,392,1644780499873
42247574,touchmove,536,387,1644780499908
42247574,touchmove,540,389,1644780499916
42247574,touchmove,543,392,1644780499925
42247573,touchend,0,0,1644780499933
42247574,touchmove,547,395,1644780499933
42247574,touchend,0,0,1644780499941
42247575,touchdown,741,177,1644780500431
42247576,touchdown,507,294,1644780500431
42247576,touchmove,505,291,1644780500442
42247575,touchmove,742,174,1644780500442
42247575,touchmove,743,172,1644780500446
42247576,touchmove,505,288,1644780500446
42247575,touchmove,743,170,1644780500450
42247575,touchmove,744,170,1644780500458
42247576,touchmove,505,287,1644780500458
42247575,touchmove,744,171,1644780500475
42247576,touchmove,507,287,1644780500475
42247575,touchmove,744,172,1644780500483
42247576,touchmove,511,287,1644780500483
42247575,touchmove,743,174,1644780500492
42247576,touchmove,514,287,1644780500492
42247575,touchmove,743,176,1644780500500
42247576,touchmove,516,287,1644780500500
42247575,touchend,0,0,1644780500508
42247576,touchmove,517,288,1644780500508
42247576,touchend,0,0,1644780500516
42247578,touchdown,524,362,1644780500991
42247577,touchdown,651,278,1644780500991
42247578,touchmove,523,350,1644780501002
42247578,touchmove,523,349,1644780501009
42247577,touchmove,650,275,1644780501033
42247578,touchmove,523,351,1644780501042
42247577,touchmove,650,276,1644780501042
42247578,touchmove,523,352,1644780501051
42247577,touchmove,650,277,1644780501051
42247578,touchmove,524,354,1644780501059
42247577,touchmove,650,279,1644780501059
42247577,touchend,0,0,1644780501067
42247578,touchmove,524,355,1644780501068
42247578,touchend,0,0,1644780501075
42247580,touchdown,709,274,1644780501516
42247579,touchdown,577,347,1644780501516
42247579,touchmove,575,342,1644780501527
42247579,touchmove,574,342,1644780501534
42247579,touchmove,574,343,1644780501551
42247579,touchmove,574,346,1644780501559
42247580,touchmove,710,273,1644780501559
42247579,touchmove,572,350,1644780501567
42247580,touchmove,710,275,1644780501568
42247579,touchmove,571,354,1644780501576
42247580,touchmove,710,277,1644780501576
42247579,touchend,0,0,1644780501583
42247580,touchmove,710,279,1644780501584
42247580,touchend,0,0,1644780501592
42247582,touchdown,649,238,1644780501982
42247581,touchdown,865,156,1644780501982
42247582,touchmove,647,235,1644780501993
42247582,touchmove,647,232,1644780501997
42247582,touchmove,647,234,1644780502026
42247581,touchmove,864,158,1644780502034
42247582,touchmove,647,237,1644780502035
42247581,touchmove,864,159,1644780502043
42247582,touchmove,648,238,1644780502043
42247581,touchmove,863,161,1644780502051
42247582,touchmove,649,239,1644780502051
42247581,touchmove,863,162,1644780502059
42247582,touchmove,651,241,1644780502059
42247581,touchmove,862,163,1644780502068
42247582,touchmove,652,242,1644780502068
42247581,touchend,0,0,1644780502075
42247582,touchend,0,0,1644780502075
42247583,touchdown,615,129,1644780502500
42247584,touchdown,450,219,1644780502500
42247584,touchmove,446,215,1644780502511
42247584,touchmove,446,214,1644780502518
42247583,touchmove,613,130,1644780502543
42247584,touchmove,448,214,1644780502543
42247583,touchmove,611,132,1644780502551
42247584,touchmove,449,215,1644780502551
42247583,touchmove,609,134,1644780502560
42247584,touchmove,451,217,1644780502560
42247583,touchmove,606,137,1644780502568
42247584,touchmove,452,219,1644780502568
42247583,touchmove,603,139,1644780502576
42247584,touchmove,453,222,1644780502576
42247583,touchend,0,0,1644780502584
42247584,touchend,0,0,1644780502584
42247585,touchdown,636,305,1644780502997
42247586,touchdown,529,371,1644780502997
42247586,touchmove,527,366,1644780503008
42247586,touchmove,527,364,1644780503012
42247585,touchmove,634,306,1644780503035
42247586,touchmove,529,367,1644780503035
42247585,touchmove,633,310,1644780503043
42247586,touchmove,532,369,1644780503043
42247585,touchmove,630,315,1644780503052
42247586,touchmove,536,372,1644780503052
42247586,touchend,0,0,1644780503059
42247585,touchmove,628,318,1644780503060
42247585,touchend,0,0,1644780503068
42247587,touchdown,552,373,1644780503458
42247588,touchdown,798,282,1644780503458
42247587,touchmove,546,367,1644780503469
42247587,touchmove,545,365,1644780503477
42247587,touchmove,546,366,1644780503510
42247588,touchmove,799,279,1644780503510
42247587,touchmove,547,366,1644780503519
42247588,touchmove,799,280,1644780503519
42247588,touchmove,798,281,1644780503527
42247587,touchmove,549,366,1644780503527
42247587,touchmove,552,366,1644780503535
42247588,touchmove,797,283,1644780503535
42247587,touchmove,557,364,1644780503543
42247588,touchmove,796,284,1644780503544
42247587,touchmove,562,362,1644780503552
42247588,touchmove,795,284,1644780503552
42247587,touchend,0,0,1644780503560
42247588,touchend,0,0,1644780503560
42247590,touchdown,761,141,1644780504085
42247589,touchdown,507,246,1644780504084
42247589,touchend,0,0,1644780504177
42247590,touchend,0,0,1644780504177
42247592,touchdown,822,272,1644780505575
42247591,touchdown,607,146,1644780505575
42247593,touchdown,734,172,1644780505575
42247594,touchdown,465,233,1644780505590
42247595,touchdown,435,464,1644780505597
42247595,touchmove,431,459,1644780505603
42247595,touchmove,430,456,1644780505612
42247592,touchmove,825,269,1644780505620
42247591,touchmove,605,143,1644780505620
42247595,touchmove,429,456,1644780505620
42247593,touchmove,733,170,1644780505620
42247592,touchmove,823,270,1644780505628
42247591,touchmove,605,144,1644780505628
42247593,touchmove,733,171,1644780505628
42247592,touchmove,822,271,1644780505636
42247591,touchmove,603,145,1644780505637
42247593,touchmove,732,172,1644780505637
42247592,touchmove,821,272,1644780505645
42247593,touchmove,731,172,1644780505645
42247591,touchmove,602,146,1644780505645
42247595,touchmove,428,456,1644780505653
42247591,touchmove,600,146,1644780505653
42247591,touchend,0,0,1644780505661
42247595,touchmove,427,456,1644780505662
42247594,touchend,0,0,1644780505670
42247592,touchmove,820,272,1644780505670
42247595,touchend,0,0,1644780505678
42247593,touchmove,729,172,1644780505678
42247592,touchend,0,0,1644780505685
42247593,touchend,0,0,1644780505686
42247597,touchdown,620,87,1644780506014
42247598,touchdown,738,194,1644780506014
42247596,touchdown,366,154,1644780506013
42247599,touchdown,503,64,1644780506014
42247596,touchmove,364,149,1644780506023
42247600,touchdown,352,388,1644780506027
42247596,touchmove,362,146,1644780506027
42247596,touchmove,362,145,1644780506031
42247596,touchmove,362,146,1644780506062
42247600,touchmove,344,391,1644780506070
42247600,touchmove,342,395,1644780506078
42247596,touchmove,363,147,1644780506079
42247600,touchmove,341,399,1644780506087
42247596,touchmove,365,148,1644780506087
42247600,touchend,0,0,1644780506096
42247596,touchmove,368,151,1644780506096
42247596,touchend,0,0,1644780506103
42247597,touchend,0,0,1644780506112
42247598,touchend,0,0,1644780506112
42247599,touchend,0,0,1644780506112
42247601,touchdown,798,248,1644780506512
42247602,touchdown,556,289,1644780506512
42247603,touchdown,699,206,1644780506512
42247604,touchdown,875,364,1644780506513
42247605,touchdown,526,514,1644780506524
42247602,touchmove,554,287,1644780506546
42247602,touchmove,555,289,1644780506554
42247602,touchmove,555,290,1644780506562
42247602,touchmove,556,291,1644780506570
42247602,touchmove,557,292,1644780506591
42247602,touchmove,557,293,1644780506604
42247603,touchend,0,0,1644780506612
42247605,touchend,0,0,1644780506613
42247602,touchmove,557,294,1644780506613
42247602,touchmove,558,294,1644780506620
42247601,touchend,0,0,1644780506629
42247602,touchend,0,0,1644780506629
42247604,touchend,0,0,1644780506636
42247606,touchdown,393,189,1644780507097
42247607,touchdown,732,238,1644780507097
42247608,touchdown,533,99,1644780507097
42247609,touchdown,389,419,1644780507097
42247610,touchdown,640,127,1644780507097
42247606,touchmove,388,182,1644780507107
42247606,touchmove,388,184,1644780507130
42247610,touchend,0,0,1644780507137
42247606,touchmove,389,186,1644780507138
42247607,touchend,0,0,1644780507146
42247609,touchend,0,0,1644780507146
42247606,touchmove,389,189,1644780507146
42247606,touchend,0,0,1644780507154
42247608,touchend,0,0,1644780507146
42247611,touchdown,892,343,1644780507572
42247613,touchdown,810,211,1644780507572
42247614,touchdown,705,167,1644780507572
42247612,touchdown,552,251,1644780507572
42247615,touchdown,521,498,1644780507583
42247612,touchmove,552,246,1644780507605
42247612,touchmove,553,248,1644780507613
42247614,touchmove,707,175,1644780507613
42247612,touchmove,555,251,1644780507621
42247614,touchmove,707,176,1644780507621
42247614,touchend,0,0,1644780507629
42247615,touchend,0,0,1644780507629
42247612,touchmove,556,252,1644780507630
42247613,touchend,0,0,1644780507638
42247612,touchmove,557,254,1644780507638
42247612,touchend,0,0,1644780507646
42247611,touchend,0,0,1644780507653
42247616,touchdown,628,116,1644780508062
42247617,touchdown,512,87,1644780508063
42247618,touchdown,361,187,1644780508063
42247619,touchdown,365,439,1644780508075
42247620,touchdown,729,241,1644780508075
42247618,touchmove,356,182,1644780508076
42247618,touchmove,356,181,1644780508080
42247618,touchmove,358,184,1644780508097
42247617,touchend,0,0,1644780508104
42247619,touchend,0,0,1644780508104
42247618,touchmove,361,187,1644780508105
42247616,touchend,0,0,1644780508113
42247618,touchend,0,0,1644780508113
42247620,touchend,0,0,1644780508113
42247621,touchdown,727,184,1644780508530
42247622,touchdown,541,287,1644780508530
42247623,touchdown,794,228,1644780508530
42247624,touchdown,559,530,1644780508542
42247625,touchdown,872,360,1644780508543
42247622,touchmove,536,282,1644780508543
42247625,touchend,0,0,1644780508564
42247622,touchmove,539,282,1644780508564
42247622,touchend,0,0,1644780508571
42247621,touchmove,727,189,1644780508572
42247624,touchend,0,0,1644780508572
42247623,touchend,0,0,1644780508579
42247621,touchmove,727,194,1644780508579
42247621,touchmove,728,199,1644780508588
42247621,touchmove,729,204,1644780508596
42247621,touchmove,729,209,1644780508605
42247621,touchend,0,0,1644780508612
42247626,touchdown,511,218,1644780508934
42247626,touchmove,510,215,1644780508945
42247626,touchmove,510,210,1644780508953
42247628,touchdown,455,495,1644780508958
42247627,touchdown,785,382,1644780508958
42247626,touchmove,510,206,1644780508958
42247629,touchdown,741,210,1644780508964
42247626,touchmove,510,203,1644780508964
42247630,touchdown,658,147,1644780508998
42247626,touchmove,510,204,1644780509005
42247626,touchmove,510,205,1644780509014
42247626,touchmove,510,206,1644780509022
42247630,touchmove,653,158,1644780509030
42247626,touchmove,510,207,1644780509030
42247630,touchmove,652,159,1644780509038
42247626,touchmove,510,208,1644780509039
42247627,touchmove,783,377,1644780509039
42247630,touchmove,650,160,1644780509047
42247628,touchmove,460,492,1644780509047
42247626,touchmove,510,209,1644780509047
42247627,touchmove,778,374,1644780509047
42247630,touchmove,648,161,1644780509056
42247628,touchmove,462,491,1644780509056
42247626,touchmove,510,210,1644780509056
42247627,touchmove,771,370,1644780509056
42247627,touchend,0,0,1644780509064
42247630,touchmove,647,162,1644780509064
42247626,touchmove,510,212,1644780509064
42247628,touchmove,465,490,1644780509064
42247630,touchmove,646,163,1644780509072
42247626,touchmove,510,214,1644780509072
42247628,touchmove,467,488,1644780509072
42247630,touchmove,645,163,1644780509080
42247628,touchmove,470,488,1644780509080
42247626,touchmove,510,215,1644780509080
42247630,touchmove,643,165,1644780509088
42247626,touchmove,510,217,1644780509088
42247628,touchmove,474,488,1644780509088
42247626,touchend,0,0,1644780509097
42247628,touchend,0,0,1644780509097
42247630,touchmove,639,167,1644780509097
42247629,touchmove,740,218,1644780509097
42247629,touchmove,737,220,1644780509105
42247630,touchmove,633,171,1644780509105
42247631,touchdown,664,162,1644780509509
42247632,touchdown,540,123,1644780509509
42247633,touchdown,385,238,1644780509509
42247634,touchdown,750,312,1644780509509
42247635,touchdown,412,491,1644780509523
42247633,touchmove,380,233,1644780509524
42247633,touchmove,380,230,1644780509531
42247633,touchmove,380,229,1644780509542
42247632,touchmove,539,121,1644780509573
42247633,touchmove,379,229,1644780509573
42247635,touchmove,411,490,1644780509573
42247631,touchmove,663,161,1644780509581
42247632,touchmove,539,123,1644780509581
42247635,touchmove,411,495,1644780509581
42247631,touchmove,663,162,1644780509589
42247632,touchmove,539,125,1644780509589
42247633,touchmove,379,230,1644780509590
42247635,touchmove,411,500,1644780509590
42247631,touchmove,663,163,1644780509597
42247632,touchmove,539,128,1644780509597
42247633,touchmove,379,232,1644780509597
42247635,touchmove,411,505,1644780509597
42247634,touchend,0,0,1644780509606
42247635,touchend,0,0,1644780509606
42247631,touchmove,663,165,1644780509606
42247632,touchmove,539,131,1644780509606
42247633,touchmove,381,234,1644780509606
42247633,touchend,0,0,1644780509613
42247631,touchmove,661,168,1644780509613
42247632,touchmove,539,135,1644780509613
42247632,touchend,0,0,1644780509621
42247631,touchend,0,0,1644780509621
42247636,touchdown,845,324,1644780510200
42247637,touchdown,497,241,1644780510200
42247638,touchdown,774,184,1644780510200
42247639,touchdown,663,140,1644780510200
42247640,touchdown,510,484,1644780510200
42247637,touchmove,493,234,1644780510209
42247637,touchmove,493,233,1644780510216
42247637,touchmove,495,233,1644780510231
42247636,touchmove,844,324,1644780510239
42247637,touchmove,498,233,1644780510239
42247636,touchmove,841,324,1644780510247
42247639,touchmove,663,139,1644780510247
42247637,touchmove,501,233,1644780510247
42247639,touchend,0,0,1644780510256
42247640,touchend,0,0,1644780510256
42247636,touchmove,839,325,1644780510256
42247637,touchmove,503,233,1644780510256
42247636,touchmove,837,326,1644780510264
42247637,touchmove,505,235,1644780510264
42247636,touchend,0,0,1644780510273
42247637,touchend,0,0,1644780510273
42247638,touchend,0,0,1644780510273
42247641,touchdown,507,462,1644780511378
42247641,touchmove,511,463,1644780511388
42247642,touchdown,612,167,1644780511396
42247641,touchmove,514,463,1644780511396
42247641,touchmove,515,463,1644780511406
42247641,touchmove,515,462,1644780511423
42247642,touchmove,615,164,1644780511448
42247641,touchmove,514,462,1644780511457
42247642,touchmove,615,166,1644780511457
42247642,touchmove,615,168,1644780511465
42247641,touchmove,513,462,1644780511465
42247642,touchmove,613,171,1644780511473
42247641,touchmove,511,462,1644780511473
42247642,touchmove,610,175,1644780511481
42247641,touchmove,510,462,1644780511481
42247641,touchend,0,0,1644780511489
42247642,touchend,0,0,1644780511489
42247643,touchdown,526,458,1644780511878
42247644,touchdown,648,173,1644780511879
42247643,touchmove,531,458,1644780511889
42247643,touchmove,534,458,1644780511892
42247644,touchmove,646,178,1644780511898
42247643,touchmove,536,458,1644780511898
42247644,touchmove,643,182,1644780511907
42247643,touchmove,536,457,1644780511907
42247645,touchdown,746,120,1644780511916
42247644,touchmove,641,187,1644780511916
42247644,touchmove,638,192,1644780511923
42247643,touchmove,536,456,1644780511923
42247645,touchmove,742,124,1644780511923
42247644,touchmove,634,198,1644780511932
42247645,touchmove,739,128,1644780511932
42247645,touchend,0,0,1644780511940
42247644,touchmove,630,206,1644780511940
42247643,touchmove,536,455,1644780511940
42247644,touchmove,623,217,1644780511948
42247643,touchmove,538,446,1644780511948
42247644,touchmove,616,231,1644780511957
42247643,touchmove,541,431,1644780511957
42247644,touchmove,611,244,1644780511965
42247643,touchmove,548,413,1644780511965
42247643,touchmove,557,398,1644780511973
42247644,touchmove,610,255,1644780511973
42247644,touchmove,610,264,1644780511982
42247643,touchmove,565,387,1644780511982
42247644,touchmove,610,271,1644780511990
42247643,touchmove,572,379,1644780511990
42247644,touchmove,611,277,1644780511998
42247643,touchmove,577,374,1644780511998
42247644,touchmove,611,281,1644780512006
42247643,touchend,0,0,1644780512006
42247644,touchmove,611,285,1644780512015
42247644,touchmove,611,289,1644780512023
42247644,touchmove,610,295,1644780512032
42247644,touchend,0,0,1644780512039
42247646,touchdown,686,149,1644780512410
42247647,touchdown,541,458,1644780512410
42247646,touchmove,685,156,1644780512416
42247646,touchmove,682,160,1644780512424
42247646,touchmove,680,163,1644780512432
42247646,touchmove,677,168,1644780512440
42247646,touchmove,673,175,1644780512449
42247647,touchmove,549,453,1644780512449
42247646,touchmove,666,184,1644780512457
42247647,touchmove,550,445,1644780512457
42247646,touchmove,657,198,1644780512465
42247647,touchmove,553,430,1644780512465
42247646,touchmove,647,213,1644780512474
42247647,touchmove,558,413,1644780512474
42247646,touchmove,640,228,1644780512482
42247647,touchmove,565,396,1644780512482
42247646,touchmove,636,239,1644780512490
42247647,touchmove,571,383,1644780512491
42247646,touchmove,634,247,1644780512499
42247647,touchmove,576,377,1644780512499
42247646,touchmove,632,253,1644780512507
42247647,touchmove,580,373,1644780512507
42247647,touchend,0,0,1644780512515
42247646,touchmove,630,261,1644780512515
42247646,touchmove,628,269,1644780512524
42247646,touchmove,627,278,1644780512532
42247646,touchend,0,0,1644780512539
42247648,touchdown,468,472,1644780512914
42247649,touchdown,609,139,1644780512914
42247648,touchmove,473,466,1644780512949
42247649,touchmove,605,145,1644780512949
42247648,touchmove,472,463,1644780512957
42247649,touchmove,600,148,1644780512957
42247648,touchmove,472,456,1644780512966
42247649,touchmove,594,153,1644780512966
42247648,touchmove,472,447,1644780512974
42247649,touchmove,585,162,1644780512974
42247648,touchmove,473,434,1644780512982
42247649,touchmove,574,173,1644780512983
42247648,touchmove,476,417,1644780512991
42247649,touchmove,565,186,1644780512991
42247648,touchmove,481,402,1644780512999
42247649,touchmove,558,201,1644780512999
42247648,touchmove,488,389,1644780513007
42247649,touchmove,554,213,1644780513007
42247649,touchmove,553,221,1644780513016
42247648,touchmove,493,381,1644780513016
42247648,touchmove,499,376,1644780513024
42247649,touchmove,553,228,1644780513024
42247648,touchmove,505,369,1644780513032
42247649,touchmove,552,235,1644780513032
42247648,touchmove,512,362,1644780513041
42247649,touchmove,552,243,1644780513041
42247648,touchmove,520,354,1644780513049
42247649,touchmove,553,251,1644780513049
42247648,touchmove,531,345,1644780513057
42247649,touchmove,557,261,1644780513057
42247648,touchend,0,0,1644780513065
42247649,touchmove,562,271,1644780513066
42247649,touchend,0,0,1644780513074
42247650,touchdown,638,152,1644780513423
42247651,touchdown,505,465,1644780513424
42247651,touchmove,514,465,1644780513435
42247650,touchmove,638,162,1644780513435
42247651,touchmove,515,464,1644780513441
42247650,touchmove,637,164,1644780513441
42247651,touchmove,515,463,1644780513449
42247650,touchmove,635,167,1644780513449
42247651,touchmove,516,463,1644780513457
42247650,touchmove,631,172,1644780513458
42247651,touchmove,516,462,1644780513466
42247650,touchmove,626,179,1644780513466
42247651,touchmove,518,456,1644780513474
42247650,touchmove,619,188,1644780513474
42247651,touchmove,520,444,1644780513482
42247650,touchmove,609,201,1644780513483
42247651,touchmove,523,427,1644780513491
42247650,touchmove,601,217,1644780513491
42247651,touchmove,528,409,1644780513499
42247650,touchmove,596,231,1644780513499
42247651,touchmove,536,392,1644780513507
42247650,touchmove,595,242,1644780513508
42247651,touchmove,545,378,1644780513516
42247650,touchmove,595,252,1644780513516
42247651,touchend,0,0,1644780513524
42247650,touchmove,596,261,1644780513524
42247650,touchmove,597,271,1644780513532
42247650,touchmove,598,280,1644780513541
42247650,touchmove,600,288,1644780513549
42247650,touchend,0,0,1644780513557
42247652,touchdown,784,191,1644780513921
42247653,touchdown,662,506,1644780513934
42247653,touchmove,664,506,1644780513944
42247653,touchmove,666,505,1644780513949
42247652,touchmove,783,199,1644780513949
42247653,touchmove,667,504,1644780513958
42247652,touchmove,780,204,1644780513958
42247653,touchmove,669,503,1644780513966
42247652,touchmove,775,211,1644780513966
42247653,touchmove,671,497,1644780513974
42247652,touchmove,769,221,1644780513974
42247653,touchmove,674,486,1644780513983
42247652,touchmove,761,234,1644780513983
42247653,touchmove,679,468,1644780513991
42247652,touchmove,753,250,1644780513991
42247653,touchmove,688,445,1644780513999
42247652,touchmove,750,268,1644780514000
42247653,touchmove,698,425,1644780514008
42247652,touchmove,750,283,1644780514008
42247653,touchmove,709,411,1644780514016
42247652,touchmove,751,296,1644780514016
42247653,touchmove,718,403,1644780514025
42247652,touchmove,753,307,1644780514025
42247653,touchend,0,0,1644780514032
42247652,touchmove,755,316,1644780514032
42247652,touchmove,756,323,1644780514041
42247652,touchmove,757,327,1644780514049
42247652,touchmove,757,330,1644780514058
42247652,touchend,0,0,1644780514065
42247654,touchdown,459,99,1644780514439
42247655,touchdown,333,449,1644780514439
42247654,touchmove,450,106,1644780514458
42247654,touchmove,442,112,1644780514466
42247654,touchmove,434,120,1644780514475
42247654,touchmove,424,130,1644780514483
42247655,touchmove,340,444,1644780514483
42247654,touchmove,413,141,1644780514491
42247655,touchmove,340,438,1644780514491
42247654,touchmove,405,154,1644780514500
42247655,touchmove,340,425,1644780514500
42247654,touchmove,399,171,1644780514508
42247655,touchmove,343,405,1644780514508
42247654,touchmove,396,189,1644780514516
42247655,touchmove,350,380,1644780514516
42247654,touchmove,396,206,1644780514525
42247655,touchmove,357,360,1644780514525
42247655,touchend,0,0,1644780514533
42247654,touchmove,403,222,1644780514533
42247654,touchmove,412,238,1644780514541
42247654,touchmove,420,253,1644780514550
42247654,touchend,0,0,1644780514557
42247656,touchdown,777,181,1644780514897
42247657,touchdown,637,543,1644780514909
42247657,touchmove,641,542,1644780514916
42247657,touchmove,643,541,1644780514919
42247657,touchmove,644,540,1644780514925
42247656,touchmove,775,190,1644780514925
42247657,touchmove,645,538,1644780514933
42247656,touchmove,773,195,1644780514933
42247657,touchmove,646,536,1644780514942
42247656,touchmove,768,201,1644780514942
42247657,touchmove,648,530,1644780514950
42247656,touchmove,761,210,1644780514950
42247657,touchmove,650,520,1644780514958
42247656,touchmove,751,222,1644780514958
42247657,touchmove,653,507,1644780514967
42247656,touchmove,740,237,1644780514967
42247657,touchmove,656,492,1644780514975
42247656,touchmove,729,252,1644780514975
42247657,touchmove,659,477,1644780514983
42247656,touchmove,721,269,1644780514983
42247657,touchmove,663,464,1644780514992
42247656,touchmove,717,283,1644780514992
42247657,touchmove,669,453,1644780515000
42247656,touchmove,717,294,1644780515000
42247657,touchmove,675,442,1644780515009
42247656,touchmove,717,304,1644780515009
42247657,touchmove,681,433,1644780515017
42247656,touchmove,718,312,1644780515017
42247657,touchend,0,0,1644780515025
42247656,touchmove,721,322,1644780515025
42247656,touchmove,726,331,1644780515033
42247656,touchmove,733,335,1644780515042
42247656,touchend,0,0,1644780515049
42247658,touchdown,468,110,1644780515387
42247659,touchdown,407,472,1644780515403
42247658,touchmove,461,113,1644780515403
42247659,touchmove,408,470,1644780515409
42247658,touchmove,456,116,1644780515409
42247659,touchmove,408,468,1644780515417
42247658,touchmove,449,123,1644780515417
42247659,touchmove,408,464,1644780515425
42247658,touchmove,440,133,1644780515425
42247659,touchmove,404,453,1644780515434
42247658,touchmove,434,142,1644780515434
42247659,touchmove,401,434,1644780515442
42247658,touchmove,429,154,1644780515442
42247658,touchmove,426,168,1644780515450
42247659,touchmove,401,414,1644780515450
42247659,touchmove,402,399,1644780515459
42247658,touchmove,424,181,1644780515459
42247659,touchmove,407,383,1644780515467
42247658,touchmove,424,195,1644780515467
42247659,touchmove,414,366,1644780515475
42247658,touchmove,426,210,1644780515475
42247659,touchmove,423,352,1644780515484
42247658,touchmove,430,224,1644780515484
42247659,touchend,0,0,1644780515492
42247658,touchmove,450,265,1644780515525
42247658,touchmove,440,251,1644780515500
42247658,touchmove,448,262,1644780515517
42247658,touchmove,444,258,1644780515509
42247658,touchmove,454,268,1644780515534
42247658,touchend,0,0,1644780515541
42247660,touchdown,784,162,1644780515822
42247660,touchmove,781,170,1644780515842
42247661,touchdown,677,536,1644780515835
42247661,touchmove,679,535,1644780515842
42247660,touchmove,780,174,1644780515850
42247661,touchmove,681,531,1644780515851
42247660,touchmove,776,178,1644780515859
42247661,touchmove,682,525,1644780515859
42247660,touchmove,771,184,1644780515867
42247661,touchmove,684,515,1644780515868
42247660,touchmove,765,191,1644780515876
42247661,touchmove,686,502,1644780515876
42247660,touchmove,759,200,1644780515884
42247661,touchmove,689,488,1644780515884
42247660,touchmove,752,213,1644780515892
42247661,touchmove,693,471,1644780515892
42247660,touchmove,747,228,1644780515901
42247661,touchmove,696,454,1644780515901
42247660,touchmove,743,242,1644780515909
42247661,touchmove,700,437,1644780515909
42247660,touchmove,742,256,1644780515917
42247661,touchmove,706,420,1644780515918
42247660,touchmove,743,267,1644780515926
42247661,touchmove,714,404,1644780515926
42247660,touchmove,747,279,1644780515934
42247661,touchmove,722,390,1644780515934
42247661,touchend,0,0,1644780515942
42247660,touchmove,753,292,1644780515943
42247660,touchmove,762,298,1644780515951
42247660,touchend,0,0,1644780515959
42247663,touchdown,851,156,1644780516203
42247662,touchdown,778,507,1644780516203
42247663,touchmove,848,162,1644780516213
42247663,touchmove,844,168,1644780516220
42247662,touchmove,785,502,1644780516226
42247663,touchmove,838,175,1644780516226
42247662,touchmove,785,491,1644780516234
42247663,touchmove,830,184,1644780516234
42247662,touchmove,785,474,1644780516242
42247663,touchmove,823,195,1644780516242
42247663,touchmove,820,206,1644780516251
42247662,touchmove,785,455,1644780516251
42247662,touchmove,786,435,1644780516259
42247663,touchmove,818,219,1644780516259
42247662,touchmove,790,415,1644780516267
42247663,touchmove,818,231,1644780516267
42247662,touchmove,794,400,1644780516276
42247663,touchmove,818,241,1644780516276
42247662,touchend,0,0,1644780516284
42247663,touchmove,820,252,1644780516284
42247663,touchmove,823,265,1644780516292
42247663,touchmove,827,280,1644780516301
42247663,touchend,0,0,1644780516308
42247658,touchmove,435,237,1644780515492
42247664,touchdown,662,209,1644780516897
42247664,touchmove,659,203,1644780516909
42247665,touchdown,575,363,1644780516917
42247664,touchmove,656,196,1644780516917
42247664,touchmove,655,192,1644780516921
42247664,touchmove,655,189,1644780516926
42247665,touchmove,569,375,1644780516935
42247664,touchmove,655,186,1644780516935
42247665,touchmove,568,381,1644780516943
42247664,touchmove,655,182,1644780516943
42247665,touchmove,564,389,1644780516951
42247664,touchmove,655,177,1644780516951
42247665,touchmove,560,399,1644780516959
42247664,touchmove,655,171,1644780516959
42247665,touchmove,555,412,1644780516968
42247664,touchmove,655,164,1644780516968
42247665,touchmove,547,427,1644780516976
42247664,touchmove,657,157,1644780516976
42247665,touchmove,540,441,1644780516984
42247664,touchmove,663,150,1644780516984
42247664,touchend,0,0,1644780516993
42247665,touchmove,532,458,1644780516993
42247665,touchmove,526,474,1644780517001
42247665,touchmove,522,486,1644780517009
42247665,touchmove,519,497,1644780517018
42247665,touchmove,516,508,1644780517026
42247665,touchmove,514,517,1644780517035
42247665,touchmove,512,526,1644780517043
42247665,touchend,0,0,1644780517051
42247666,touchdown,439,164,1644780517473
42247666,touchmove,433,161,1644780517483
42247666,touchmove,427,156,1644780517491
42247667,touchdown,391,331,1644780517495
42247666,touchmove,422,151,1644780517495
42247666,touchmove,418,146,1644780517501
42247667,touchmove,389,339,1644780517502
42247666,touchmove,414,140,1644780517510
42247667,touchmove,385,350,1644780517510
42247666,touchmove,411,134,1644780517518
42247667,touchmove,379,364,1644780517518
42247666,touchmove,410,125,1644780517526
42247667,touchmove,374,381,1644780517526
42247666,touchmove,410,116,1644780517535
42247667,touchmove,372,397,1644780517535
42247666,touchmove,410,107,1644780517543
42247667,touchmove,371,413,1644780517543
42247666,touchmove,414,100,1644780517551
42247667,touchmove,370,426,1644780517551
42247666,touchmove,419,93,1644780517560
42247667,touchmove,368,438,1644780517560
42247666,touchmove,425,87,1644780517568
42247667,touchmove,367,449,1644780517568
42247666,touchmove,429,83,1644780517576
42247667,touchmove,367,458,1644780517577
42247666,touchend,0,0,1644780517584
42247667,touchmove,367,465,1644780517585
42247667,touchmove,367,474,1644780517593
42247667,touchmove,367,481,1644780517601
42247667,touchend,0,0,1644780517609
42247668,touchdown,686,224,1644780517922
42247669,touchdown,659,324,1644780517938
42247668,touchmove,682,217,1644780517938
42247668,touchmove,682,215,1644780517943
42247669,touchmove,662,336,1644780517976
42247669,touchmove,659,345,1644780517985
42247668,touchmove,682,214,1644780517985
42247669,touchmove,653,356,1644780517994
42247668,touchmove,681,211,1644780517994
42247669,touchmove,646,369,1644780518002
42247668,touchmove,678,207,1644780518002
42247669,touchmove,638,382,1644780518010
42247668,touchmove,675,201,1644780518010
42247669,touchmove,630,397,1644780518018
42247668,touchmove,673,193,1644780518018
42247669,touchmove,625,412,1644780518027
42247668,touchmove,673,181,1644780518027
42247669,touchmove,620,425,1644780518035
42247668,touchmove,676,167,1644780518035
42247669,touchmove,617,436,1644780518043
42247668,touchmove,687,153,1644780518043
42247669,touchmove,615,446,1644780518052
42247668,touchmove,701,141,1644780518052
42247668,touchend,0,0,1644780518060
42247669,touchmove,615,458,1644780518060
42247669,touchmove,615,470,1644780518068
42247669,touchmove,615,482,1644780518077
42247669,touchmove,615,494,1644780518085
42247669,touchmove,617,504,1644780518093
42247669,touchmove,620,514,1644780518102
42247669,touchend,0,0,1644780518110
42247670,touchdown,860,186,1644780518381
42247670,touchmove,854,189,1644780518392
42247670,touchmove,847,195,1644780518398
42247670,touchmove,843,201,1644780518402
42247671,touchdown,807,478,1644780518411
42247670,touchmove,839,207,1644780518411
42247671,touchmove,807,464,1644780518419
42247670,touchmove,836,215,1644780518419
42247671,touchmove,807,446,1644780518427
42247670,touchmove,834,224,1644780518427
42247671,touchmove,808,425,1644780518435
42247670,touchmove,832,235,1644780518435
42247671,touchmove,815,403,1644780518444
42247670,touchmove,832,243,1644780518444
42247671,touchmove,824,383,1644780518452
42247670,touchmove,834,250,1644780518452
42247671,touchmove,834,362,1644780518460
42247670,touchmove,839,258,1644780518460
42247670,touchmove,847,266,1644780518469
42247671,touchmove,845,344,1644780518469
42247670,touchend,0,0,1644780518477
42247671,touchend,0,0,1644780518477
42247672,touchdown,648,335,1644780519118
42247673,touchdown,676,195,1644780519118
42247672,touchmove,642,347,1644780519129
42247673,touchmove,668,185,1644780519129
42247672,touchmove,636,352,1644780519136
42247673,touchmove,667,182,1644780519136
42247672,touchmove,629,359,1644780519144
42247673,touchmove,667,178,1644780519144
42247672,touchmove,622,370,1644780519152
42247673,touchmove,666,173,1644780519152
42247672,touchmove,615,381,1644780519161
42247673,touchmove,665,168,1644780519161
42247672,touchmove,610,394,1644780519169
42247673,touchmove,663,162,1644780519169
42247672,touchmove,605,408,1644780519177
42247673,touchmove,660,155,1644780519177
42247672,touchmove,600,423,1644780519186
42247673,touchmove,658,148,1644780519186
42247672,touchmove,595,437,1644780519194
42247673,touchmove,657,140,1644780519194
42247672,touchmove,591,453,1644780519202
42247673,touchmove,656,134,1644780519202
42247672,touchmove,587,465,1644780519211
42247673,touchmove,656,129,1644780519211
42247672,touchmove,585,476,1644780519219
42247673,touchmove,656,124,1644780519219
42247672,touchmove,583,484,1644780519227
42247673,touchmove,658,119,1644780519227
42247672,touchmove,582,490,1644780519236
42247673,touchmove,664,113,1644780519236
42247673,touchend,0,0,1644780519244
42247672,touchmove,581,496,1644780519244
42247672,touchmove,580,502,1644780519252
42247672,touchmove,579,511,1644780519261
42247672,touchmove,577,522,1644780519269
42247672,touchend,0,0,1644780519277
42247674,touchdown,440,192,1644780519565
42247674,touchmove,434,184,1644780519576
42247675,touchdown,401,349,1644780519584
42247674,touchmove,427,174,1644780519584
42247675,touchmove,392,355,1644780519588
42247674,touchmove,422,165,1644780519588
42247675,touchmove,386,362,1644780519594
42247674,touchmove,416,157,1644780519594
42247675,touchmove,381,373,1644780519603
42247674,touchmove,410,150,1644780519603
42247675,touchmove,375,384,1644780519611
42247674,touchmove,406,143,1644780519611
42247675,touchmove,369,396,1644780519619
42247674,touchmove,401,137,1644780519619
42247675,touchmove,365,407,1644780519628
42247674,touchmove,398,132,1644780519628
42247675,touchmove,360,418,1644780519636
42247674,touchmove,396,126,1644780519636
42247675,touchmove,354,430,1644780519645
42247674,touchmove,395,121,1644780519645
42247675,touchmove,350,441,1644780519653
42247674,touchmove,395,116,1644780519653
42247675,touchmove,345,453,1644780519661
42247674,touchmove,395,111,1644780519661
42247675,touchmove,342,463,1644780519669
42247674,touchmove,395,107,1644780519669
42247675,touchmove,340,471,1644780519678
42247674,touchmove,395,104,1644780519678
42247675,touchmove,337,479,1644780519686
42247674,touchmove,395,102,1644780519686
42247675,touchmove,334,486,1644780519694
42247674,touchmove,395,101,1644780519694
42247675,touchmove,331,493,1644780519703
42247674,touchmove,395,100,1644780519703
42247674,touchend,0,0,1644780519711
42247675,touchend,0,0,1644780519711
42247676,touchmove,708,172,1644780520036
42247676,touchmove,707,168,1644780520046
42247677,touchdown,568,495,1644780520045
42247676,touchdown,713,182,1644780520016
42247676,touchmove,707,164,1644780520053
42247676,touchmove,705,160,1644780520061
42247677,touchmove,566,488,1644780520061
42247677,touchmove,564,486,1644780520070
42247676,touchmove,704,157,1644780520070
42247676,touchmove,703,153,1644780520078
42247677,touchmove,562,486,1644780520078
42247676,touchmove,701,149,1644780520086
42247677,touchmove,558,485,1644780520087
42247676,touchmove,700,144,1644780520095
42247677,touchmove,553,485,1644780520095
42247676,touchmove,698,139,1644780520103
42247677,touchmove,544,488,1644780520103
42247676,touchmove,695,134,1644780520111
42247677,touchmove,535,493,1644780520112
42247676,touchmove,692,128,1644780520120
42247677,touchmove,527,498,1644780520120
42247676,touchmove,687,121,1644780520128
42247676,touchmove,681,114,1644780520137
42247677,touchmove,519,502,1644780520128
42247677,touchmove,513,505,1644780520137
42247676,touchend,0,0,1644780520145
42247677,touchmove,508,507,1644780520145
42247677,touchmove,505,510,1644780520154
42247677,touchmove,502,513,1644780520162
42247677,touchmove,500,519,1644780520170
42247677,touchmove,498,527,1644780520178
42247677,touchend,0,0,1644780520186
42247679,touchdown,670,303,1644780520685
42247678,touchdown,690,255,1644780520685
42247679,touchmove,668,313,1644780520711
42247679,touchmove,662,320,1644780520720
42247679,touchmove,656,328,1644780520728
42247679,touchmove,649,336,1644780520737
42247678,touchmove,681,237,1644780520745
42247679,touchmove,639,346,1644780520745
42247678,touchmove,681,228,1644780520753
42247679,touchmove,629,356,1644780520753
42247678,touchmove,679,218,1644780520762
42247679,touchmove,619,366,1644780520762
42247678,touchmove,676,208,1644780520770
42247679,touchmove,607,375,1644780520770
42247678,touchmove,674,195,1644780520778
42247679,touchmove,596,386,1644780520778
42247678,touchmove,671,184,1644780520787
42247679,touchmove,590,396,1644780520787
42247678,touchmove,669,175,1644780520795
42247679,touchmove,585,406,1644780520795
42247678,touchmove,666,168,1644780520803
42247679,touchmove,582,414,1644780520804
42247678,touchmove,663,163,1644780520812
42247679,touchmove,580,421,1644780520812
42247678,touchmove,662,159,1644780520820
42247679,touchmove,577,430,1644780520820
42247678,touchmove,660,154,1644780520828
42247679,touchmove,574,440,1644780520828
42247678,touchmove,660,151,1644780520837
42247679,touchmove,571,451,1644780520837
42247678,touchmove,665,147,1644780520845
42247679,touchmove,567,464,1644780520845
42247678,touchend,0,0,1644780520853
42247679,touchmove,564,477,1644780520853
42247679,touchend,0,0,1644780520861
42247680,touchdown,555,200,1644780521242
42247681,touchdown,510,313,1644780521253
42247680,touchmove,550,193,1644780521259
42247681,touchmove,501,315,1644780521262
42247680,touchmove,547,188,1644780521262
42247681,touchmove,493,317,1644780521270
42247680,touchmove,544,184,1644780521270
42247681,touchmove,483,324,1644780521279
42247680,touchmove,540,179,1644780521279
42247681,touchmove,468,333,1644780521287
42247680,touchmove,536,174,1644780521287
42247681,touchmove,453,346,1644780521295
42247680,touchmove,530,168,1644780521295
42247681,touchmove,438,358,1644780521304
42247680,touchmove,524,162,1644780521304
42247681,touchmove,423,371,1644780521312
42247680,touchmove,517,155,1644780521312
42247681,touchmove,410,385,1644780521320
42247680,touchmove,510,147,1644780521320
42247681,touchmove,399,398,1644780521329
42247680,touchmove,503,140,1644780521329
42247681,touchmove,391,412,1644780521337
42247680,touchmove,497,134,1644780521337
42247681,touchmove,383,424,1644780521345
42247680,touchmove,494,127,1644780521346
42247681,touchmove,376,434,1644780521354
42247680,touchmove,493,121,1644780521354
42247681,touchmove,370,442,1644780521362
42247680,touchmove,493,115,1644780521362
42247681,touchmove,357,459,1644780521387
42247681,touchmove,365,449,1644780521370
42247681,touchmove,361,454,1644780521379
42247680,touchend,0,0,1644780521370
42247681,touchmove,355,462,1644780521395
42247681,touchend,0,0,1644780521403
42247682,touchdown,718,248,1644780521800
42247682,touchmove,716,234,1644780521816
42247683,touchdown,688,324,1644780521821
42247682,touchmove,716,228,1644780521821
42247682,touchmove,715,224,1644780521829
42247682,touchmove,715,219,1644780521837
42247682,touchmove,715,215,1644780521846
42247683,touchmove,671,337,1644780521854
42247682,touchmove,715,211,1644780521854
42247683,touchmove,665,343,1644780521862
42247682,touchmove,715,207,1644780521862
42247683,touchmove,658,348,1644780521871
42247682,touchmove,714,201,1644780521871
42247683,touchmove,652,354,1644780521879
42247682,touchmove,713,195,1644780521879
42247682,touchmove,710,186,1644780521887
42247683,touchmove,644,361,1644780521887
42247683,touchmove,635,369,1644780521896
42247682,touchmove,707,177,1644780521896
42247683,touchmove,625,380,1644780521904
42247682,touchmove,703,166,1644780521905
42247683,touchmove,613,394,1644780521912
42247682,touchmove,700,155,1644780521912
42247683,touchmove,602,411,1644780521921
42247682,touchmove,699,146,1644780521921
42247683,touchmove,591,427,1644780521929
42247682,touchmove,699,139,1644780521929
42247682,touchmove,703,132,1644780521938
42247683,touchmove,582,443,1644780521938
42247682,touchend,0,0,1644780521946
42247683,touchmove,576,454,1644780521946
42247683,touchmove,573,463,1644780521954
42247683,touchmove,572,470,1644780521962
42247683,touchend,0,0,1644780521970
42247684,touchdown,828,246,1644780522273
42247684,touchmove,826,238,1644780522283
42247684,touchmove,824,232,1644780522289
42247685,touchdown,742,335,1644780522296
42247684,touchmove,822,227,1644780522296
42247685,touchmove,736,339,1644780522304
42247684,touchmove,820,223,1644780522304
42247685,touchmove,728,345,1644780522313
42247684,touchmove,817,219,1644780522313
42247685,touchmove,718,352,1644780522321
42247684,touchmove,814,214,1644780522321
42247685,touchmove,707,362,1644780522329
42247684,touchmove,811,208,1644780522329
42247685,touchmove,695,373,1644780522338
42247684,touchmove,806,198,1644780522338
42247685,touchmove,682,386,1644780522346
42247684,touchmove,802,187,1644780522346
42247685,touchmove,670,398,1644780522354
42247684,touchmove,799,175,1644780522354
42247685,touchmove,659,409,1644780522363
42247684,touchmove,799,166,1644780522363
42247685,touchmove,649,418,1644780522371
42247684,touchmove,801,159,1644780522371
42247685,touchmove,639,427,1644780522379
42247684,touchmove,807,152,1644780522379
42247685,touchmove,631,434,1644780522388
42247684,touchmove,815,147,1644780522388
42247685,touchmove,625,439,1644780522396
42247684,touchmove,825,142,1644780522396
42247685,touchmove,620,444,1644780522404
42247684,touchmove,834,138,1644780522404
42247685,touchmove,615,448,1644780522413
42247684,touchmove,842,134,1644780522413
42247685,touchmove,610,453,1644780522421
42247684,touchmove,848,132,1644780522421
42247684,touchend,0,0,1644780522429
42247685,touchmove,605,460,1644780522429
42247685,touchmove,598,468,1644780522438
42247685,touchend,0,0,1644780522446
