42269897,touchdown,912,557,1645311708412
42269897,touchmove,911,554,1645311708422
42269897,touchmove,911,553,1645311708429
42269897,touchmove,911,552,1645311708433
42269897,touchend,0,0,1645311708449
42269898,touchdown,907,435,1645311708838
42269898,touchend,0,0,1645311708883
42269899,touchdown,915,299,1645311709288
42269899,touchend,0,0,1645311709350
42269900,touchdown,922,174,1645311709764
42269900,touchend,0,0,1645311709833
42269901,touchdown,927,26,1645311710239
42269901,touchend,0,0,1645311710309
42269902,touchdown,789,31,1645311710723
42269902,touchend,0,0,1645311710783
42269903,touchdown,801,163,1645311711223
42269903,touchend,0,0,1645311711292
42269904,touchdown,791,294,1645311711765
42269904,touchend,0,0,1645311711808
42269905,touchdown,799,420,1645311712255
42269905,touchend,0,0,1645311712317
42269906,touchdown,795,562,1645311712772
42269906,touchend,0,0,1645311712825
42269907,touchdown,651,572,1645311713307
42269907,touchend,0,0,1645311713350
42269908,touchdown,666,430,1645311713806
42269908,touchend,0,0,1645311713858
42269909,touchdown,667,292,1645311714281
42269909,touchend,0,0,1645311714342
42269910,touchdown,667,171,1645311714781
42269910,touchend,0,0,1645311714850
42269911,touchdown,670,42,1645311715305
42269911,touchend,0,0,1645311715350
42269912,touchdown,537,25,1645311715806
42269912,touchend,0,0,1645311715858
42269913,touchdown,536,152,1645311716306
42269913,touchend,0,0,1645311716375
42269914,touchdown,528,290,1645311716840
42269914,touchend,0,0,1645311716900
42269915,touchdown,528,421,1645311717364
42269915,touchend,0,0,1645311717433
42269916,touchdown,529,565,1645311717898
42269916,touchend,0,0,1645311717934
42269917,touchdown,401,549,1645311718423
42269917,touchend,0,0,1645311718475
42269918,touchdown,403,430,1645311718898
42269918,touchend,0,0,1645311718942
42269919,touchdown,405,295,1645311719398
42269919,touchend,0,0,1645311719450
42269920,touchdown,412,169,1645311719889
42269920,touchend,0,0,1645311719951
42269921,touchdown,407,41,1645311720372
42269921,touchend,0,0,1645311720434
42269922,touchdown,270,34,1645311720890
42269922,touchend,0,0,1645311720942
42269923,touchdown,266,160,1645311721365
42269923,touchend,0,0,1645311721434
42269924,touchdown,267,286,1645311721890
42269924,touchend,0,0,1645311721951
42269925,touchdown,261,411,1645311722391
42269925,touchend,0,0,1645311722451
42269926,touchdown,269,559,1645311722940
42269926,touchend,0,0,1645311722984
42269927,touchdown,406,566,1645311723440
42269927,touchend,0,0,1645311723485
42269928,touchdown,398,440,1645311723933
42269928,touchend,0,0,1645311723968
42269929,touchdown,403,278,1645311724415
42269929,touchend,0,0,1645311724477
42269930,touchdown,410,161,1645311724916
42269930,touchend,0,0,1645311724968
42269931,touchdown,404,20,1645311725397
42269931,touchend,0,0,1645311725452
42269932,touchdown,539,18,1645311725882
42269932,touchend,0,0,1645311725935
42269933,touchdown,535,178,1645311726400
42269933,touchend,0,0,1645311726452
42269934,touchdown,539,307,1645311726949
42269934,touchend,0,0,1645311726986
42269935,touchdown,522,418,1645311727416
42269935,touchend,0,0,1645311727477
42269936,touchdown,528,550,1645311727916
42269936,touchend,0,0,1645311727978
42269937,touchdown,670,559,1645311728409
42269937,touchend,0,0,1645311728461
42269938,touchdown,667,442,1645311728917
42269938,touchend,0,0,1645311728953
42269939,touchdown,653,298,1645311729400
42269939,touchend,0,0,1645311729437
42269940,touchdown,672,162,1645311729859
42269940,touchend,0,0,1645311729912
42269941,touchdown,667,38,1645311730368
42269941,touchend,0,0,1645311730437
42269942,touchdown,796,32,1645311730926
42269942,touchend,0,0,1645311730970
42269943,touchdown,796,171,1645311731418
42269943,touchend,0,0,1645311731462
42269944,touchdown,799,312,1645311731959
42269944,touchend,0,0,1645311731996
42269945,touchdown,788,427,1645311732436
42269945,touchend,0,0,1645311732487
42269946,touchdown,795,564,1645311732935
42269946,touchend,0,0,1645311732988
42269947,touchdown,915,564,1645311733460
42269947,touchend,0,0,1645311733475
42269948,touchdown,926,430,1645311733934
42269948,touchend,0,0,1645311733980
42269949,touchdown,934,288,1645311734403
42269949,touchmove,933,285,1645311734414
42269949,touchmove,932,282,1645311734420
42269949,touchmove,931,281,1645311734424
42269949,touchend,0,0,1645311734447
42269950,touchdown,927,163,1645311734885
42269950,touchmove,924,162,1645311734930
42269950,touchend,0,0,1645311734938
42269951,touchdown,929,36,1645311735379
42269951,touchend,0,0,1645311735439
42269952,touchdown,796,25,1645311735887
42269952,touchend,0,0,1645311735939
42269953,touchdown,794,179,1645311736379
42269953,touchend,0,0,1645311736431
42269954,touchdown,786,291,1645311736894
42269954,touchend,0,0,1645311736939
42269955,touchdown,797,420,1645311737395
42269955,touchend,0,0,1645311737440
42269956,touchdown,790,557,1645311737921
42269956,touchend,0,0,1645311737965
42269957,touchdown,657,570,1645311738419
42269957,touchend,0,0,1645311738457
42269958,touchdown,664,428,1645311738930
42269958,touchend,0,0,1645311738948
42269959,touchdown,666,288,1645311739413
42269959,touchend,0,0,1645311739457
42269960,touchdown,664,170,1645311739914
42269960,touchend,0,0,1645311739949
42269961,touchdown,664,29,1645311740388
42269961,touchend,0,0,1645311740441
42269962,touchdown,544,15,1645311740872
42269962,touchend,0,0,1645311740933
42269963,touchdown,536,159,1645311741414
42269963,touchend,0,0,1645311741466
42269964,touchdown,525,272,1645311741915
42269964,touchend,0,0,1645311741967
42269965,touchdown,508,434,1645311742390
42269965,touchend,0,0,1645311742450
42269966,touchdown,539,561,1645311742914
42269966,touchend,0,0,1645311742951
42269967,touchdown,388,569,1645311743398
42269967,touchend,0,0,1645311743451
42269968,touchdown,403,433,1645311743891
42269968,touchend,0,0,1645311743909
42269969,touchdown,401,280,1645311744365
42269969,touchend,0,0,1645311744418
42269970,touchdown,410,154,1645311744899
42269970,touchend,0,0,1645311744935
42269971,touchdown,414,12,1645311745382
42269971,touchend,0,0,1645311745435
42269973,touchdown,270,156,1645311746349
42269973,touchend,0,0,1645311746402
42269974,touchdown,262,294,1645311746866
42269974,touchend,0,0,1645311746927
42269975,touchdown,261,419,1645311747392
42269975,touchend,0,0,1645311747453
42269976,touchdown,269,557,1645311747934
42269976,touchend,0,0,1645311747978
42269977,touchdown,400,552,1645311748425
42269977,touchend,0,0,1645311748478
42269978,touchdown,396,430,1645311748952
42269978,touchend,0,0,1645311748995
42269979,touchdown,403,288,1645311749427
42269979,touchend,0,0,1645311749470
42269980,touchdown,407,159,1645311749902
42269980,touchend,0,0,1645311749954
42269981,touchdown,400,32,1645311750419
42269981,touchend,0,0,1645311750463
42269982,touchdown,536,9,1645311750902
42269982,touchend,0,0,1645311750954
42269983,touchdown,531,161,1645311751445
42269983,touchend,0,0,1645311751497
42269984,touchdown,524,298,1645311751944
42269984,touchend,0,0,1645311751997
42269985,touchdown,526,422,1645311752436
42269985,touchend,0,0,1645311752489
42269986,touchdown,523,552,1645311752937
42269986,touchend,0,0,1645311752980
42269987,touchdown,660,562,1645311753463
42269987,touchend,0,0,1645311753489
42269988,touchdown,670,444,1645311753905
42269988,touchend,0,0,1645311753956
42269989,touchdown,660,308,1645311754412
42269989,touchend,0,0,1645311754456
42269990,touchdown,655,179,1645311754896
42269990,touchend,0,0,1645311754940
42269991,touchdown,665,20,1645311755396
42269991,touchend,0,0,1645311755423
42269992,touchdown,792,14,1645311755864
42269992,touchend,0,0,1645311755907
42269993,touchdown,803,164,1645311756371
42269993,touchend,0,0,1645311756416
42269994,touchdown,797,270,1645311756854
42269994,touchend,0,0,1645311756908
42269995,touchdown,798,427,1645311757355
42269995,touchend,0,0,1645311757416
42269996,touchdown,790,557,1645311757857
42269996,touchend,0,0,1645311757900
42269997,touchdown,934,559,1645311758339
42269997,touchend,0,0,1645311758383
42269998,touchdown,922,443,1645311758840
42269998,touchend,0,0,1645311758884
42269999,touchdown,904,306,1645311759340
42269999,touchend,0,0,1645311759367
42270000,touchdown,936,167,1645311759840
42270000,touchend,0,0,1645311759876
42270001,touchdown,924,33,1645311760349
42270001,touchend,0,0,1645311760385
42270002,touchdown,785,31,1645311760857
42270002,touchend,0,0,1645311760885
42270003,touchdown,791,155,1645311761317
42270003,touchend,0,0,1645311761368
42270004,touchdown,781,284,1645311761807
42270004,touchend,0,0,1645311761868
42270005,touchdown,798,416,1645311762316
42270005,touchend,0,0,1645311762369
42270006,touchdown,788,568,1645311762842
42270006,touchend,0,0,1645311762878
42270007,touchdown,663,565,1645311763384
42270007,touchend,0,0,1645311763428
42270008,touchdown,653,434,1645311763868
42270008,touchend,0,0,1645311763920
42270009,touchdown,661,290,1645311764358
42270009,touchend,0,0,1645311764420
42270010,touchdown,658,153,1645311764876
42270010,touchend,0,0,1645311764928
42270011,touchdown,665,22,1645311765360
42270011,touchend,0,0,1645311765396
42270012,touchdown,531,13,1645311765819
42270012,touchend,0,0,1645311765862
42270013,touchdown,534,149,1645311766319
42270013,touchend,0,0,1645311766371
42270014,touchdown,527,291,1645311766852
42270014,touchend,0,0,1645311766896
42270015,touchdown,523,413,1645311767369
42270015,touchend,0,0,1645311767413
42270016,touchdown,523,549,1645311767877
42270016,touchend,0,0,1645311767930
42270017,touchdown,399,549,1645311768387
42270017,touchend,0,0,1645311768439
42270018,touchdown,397,427,1645311768878
42270018,touchend,0,0,1645311768931
42270019,touchdown,397,304,1645311769387
42270019,touchend,0,0,1645311769423
42270020,touchdown,411,172,1645311769878
42270020,touchend,0,0,1645311769931
42270021,touchdown,405,20,1645311770387
42270021,touchend,0,0,1645311770431
42270023,touchdown,267,144,1645311771362
42270023,touchend,0,0,1645311771415
42270024,touchdown,273,284,1645311771896
42270024,touchend,0,0,1645311771941
42270025,touchdown,259,418,1645311772423
42270025,touchend,0,0,1645311772474
42270026,touchdown,256,562,1645311772922
42270026,touchend,0,0,1645311772975
42270027,touchdown,398,560,1645311773398
42270027,touchend,0,0,1645311773433
42270028,touchdown,398,442,1645311773889
42270028,touchend,0,0,1645311773933
42270029,touchdown,408,288,1645311774381
42270029,touchend,0,0,1645311774425
42270030,touchdown,393,176,1645311774899
42270030,touchend,0,0,1645311774942
42270031,touchdown,398,17,1645311775398
42270031,touchend,0,0,1645311775435
42270032,touchdown,530,17,1645311775907
42270032,touchend,0,0,1645311775951
