42251993,touchdown,908,563,1644873454761
42251993,touchmove,908,566,1644873454772
42251993,touchmove,908,568,1644873454779
42251993,touchmove,908,567,1644873454799
42251993,touchmove,910,564,1644873454807
42251993,touchmove,912,559,1644873454816
42251993,touchmove,916,555,1644873454824
42251993,touchend,0,0,1644873454832
42251994,touchdown,923,442,1644873455196
42251994,touchmove,923,446,1644873455206
42251994,touchmove,923,450,1644873455212
42251994,touchmove,923,453,1644873455216
42251994,touchmove,923,451,1644873455239
42251994,touchmove,923,448,1644873455249
42251994,touchmove,923,445,1644873455257
42251994,touchmove,926,441,1644873455265
42251994,touchend,0,0,1644873455273
42251995,touchdown,907,294,1644873455663
42251995,touchmove,907,297,1644873455673
42251995,touchmove,907,300,1644873455680
42251995,touchmove,907,303,1644873455684
42251995,touchmove,907,301,1644873455715
42251995,touchmove,907,299,1644873455724
42251995,touchmove,907,298,1644873455733
42251995,touchend,0,0,1644873455740
42251996,touchdown,923,163,1644873456163
42251996,touchmove,923,167,1644873456173
42251996,touchmove,922,170,1644873456180
42251996,touchmove,922,172,1644873456184
42251996,touchmove,922,171,1644873456215
42251996,touchmove,922,169,1644873456225
42251996,touchend,0,0,1644873456232
42251997,touchdown,938,45,1644873456705
42251997,touchend,0,0,1644873456757
42251998,touchdown,798,30,1644873457188
42251998,touchend,0,0,1644873457258
42251999,touchdown,803,161,1644873457671
42251999,touchend,0,0,1644873457741
42252000,touchdown,801,294,1644873458205
42252000,touchend,0,0,1644873458267
42252001,touchdown,789,416,1644873458707
42252001,touchend,0,0,1644873458775
42252002,touchdown,798,553,1644873459222
42252002,touchend,0,0,1644873459284
42252003,touchdown,666,556,1644873459674
42252003,touchend,0,0,1644873459759
42252004,touchdown,671,431,1644873460148
42252004,touchend,0,0,1644873460226
42252005,touchdown,669,303,1644873460650
42252005,touchend,0,0,1644873460710
42252006,touchdown,659,165,1644873461108
42252006,touchend,0,0,1644873461185
42252007,touchdown,662,25,1644873461615
42252007,touchend,0,0,1644873461685
42252008,touchdown,526,32,1644873462108
42252008,touchend,0,0,1644873462194
42252009,touchdown,531,158,1644873462626
42252009,touchmove,531,162,1644873462636
42252009,touchmove,531,166,1644873462643
42252009,touchmove,531,167,1644873462646
42252009,touchmove,531,168,1644873462653
42252009,touchend,0,0,1644873462719
42252010,touchdown,541,279,1644873463083
42252010,touchend,0,0,1644873463186
42252011,touchdown,534,430,1644873463633
42252011,touchend,0,0,1644873463720
42252012,touchdown,542,546,1644873464133
42252012,touchend,0,0,1644873464220
42252013,touchdown,393,562,1644873464601
42252013,touchend,0,0,1644873464687
42252014,touchdown,404,435,1644873465092
42252014,touchend,0,0,1644873465179
42252015,touchdown,399,303,1644873465618
42252015,touchend,0,0,1644873465704
42252016,touchdown,402,179,1644873466135
42252016,touchend,0,0,1644873466229
42252017,touchdown,399,40,1644873466643
42252017,touchend,0,0,1644873466738
42252018,touchdown,277,43,1644873467119
42252018,touchend,0,0,1644873467205
42252019,touchdown,269,173,1644873467626
42252019,touchend,0,0,1644873467722
42252020,touchdown,274,308,1644873468169
42252020,touchend,0,0,1644873468255
42252021,touchdown,269,420,1644873468653
42252021,touchmove,269,427,1644873468698
42252021,touchend,0,0,1644873468756
42252022,touchdown,271,542,1644873469186
42252022,touchend,0,0,1644873469273
42252023,touchdown,407,556,1644873469663
42252023,touchend,0,0,1644873469748
42252024,touchdown,398,430,1644873470153
42252024,touchend,0,0,1644873470240
42252025,touchdown,402,304,1644873470696
42252025,touchend,0,0,1644873470782
42252026,touchdown,401,162,1644873471172
42252026,touchend,0,0,1644873471257
42252027,touchdown,393,34,1644873471621
42252027,touchend,0,0,1644873471699
42252028,touchdown,548,43,1644873472097
42252028,touchend,0,0,1644873472200
42252029,touchdown,546,158,1644873472598
42252029,touchend,0,0,1644873472700
42252030,touchdown,534,280,1644873473089
42252030,touchend,0,0,1644873473192
42252031,touchdown,535,426,1644873473589
42252031,touchend,0,0,1644873473692
42252032,touchdown,533,558,1644873474182
42252032,touchend,0,0,1644873474259
42252033,touchdown,657,556,1644873474647
42252033,touchend,0,0,1644873474751
42252034,touchdown,664,438,1644873475158
42252034,touchend,0,0,1644873475235
42252035,touchdown,660,316,1644873475642
42252035,touchend,0,0,1644873475726
42252036,touchdown,666,173,1644873476158
42252036,touchend,0,0,1644873476244
42252037,touchdown,669,39,1644873476684
42252037,touchend,0,0,1644873476752
42252038,touchdown,798,37,1644873477150
42252038,touchend,0,0,1644873477236
42252039,touchdown,807,150,1644873477642
42252039,touchend,0,0,1644873477736
42252040,touchdown,802,295,1644873478168
42252040,touchend,0,0,1644873478261
42252041,touchdown,793,428,1644873478693
42252041,touchend,0,0,1644873478762
42252042,touchdown,793,554,1644873479143
42252042,touchend,0,0,1644873479237
42252043,touchdown,915,561,1644873479626
42252043,touchend,0,0,1644873479729
42252044,touchdown,920,429,1644873480152
42252044,touchmove,921,434,1644873480212
42252044,touchmove,921,432,1644873480222
42252044,touchmove,921,430,1644873480230
42252044,touchmove,921,427,1644873480238
42252044,touchmove,921,425,1644873480247
42252044,touchend,0,0,1644873480254
42252045,touchdown,921,294,1644873480653
42252045,touchmove,921,301,1644873480721
42252045,touchmove,921,300,1644873480730
42252045,touchmove,921,299,1644873480739
42252045,touchend,0,0,1644873480746
42252046,touchdown,924,180,1644873481185
42252046,touchend,0,0,1644873481255
42252047,touchdown,922,55,1644873481669
42252047,touchend,0,0,1644873481763
42252048,touchdown,809,31,1644873482136
42252048,touchend,0,0,1644873482255
42252049,touchdown,802,168,1644873482661
42252049,touchend,0,0,1644873482747
42252050,touchdown,791,308,1644873483154
42252050,touchend,0,0,1644873483239
42252051,touchdown,799,430,1644873483595
42252051,touchend,0,0,1644873483689
42252052,touchdown,792,553,1644873484155
42252052,touchend,0,0,1644873484215
42252053,touchdown,652,557,1644873484695
42252053,touchend,0,0,1644873484773
42252054,touchdown,656,441,1644873485146
42252054,touchend,0,0,1644873485249
42252055,touchdown,669,304,1644873485705
42252055,touchend,0,0,1644873485774
42252056,touchdown,676,171,1644873486188
42252056,touchend,0,0,1644873486291
42252057,touchdown,671,36,1644873486705
42252057,touchend,0,0,1644873486783
42252058,touchdown,536,30,1644873487147
42252058,touchend,0,0,1644873487241
42252059,touchdown,536,169,1644873487621
42252059,touchmove,536,172,1644873487632
42252059,touchmove,537,176,1644873487638
42252059,touchmove,537,178,1644873487642
42252059,touchmove,537,179,1644873487651
42252059,touchmove,537,178,1644873487683
42252059,touchmove,537,177,1644873487692
42252059,touchmove,537,176,1644873487701
42252059,touchmove,537,175,1644873487709
42252059,touchend,0,0,1644873487717
42252060,touchdown,526,284,1644873488114
42252060,touchend,0,0,1644873488217
42252061,touchdown,528,411,1644873488632
42252061,touchmove,529,416,1644873488643
42252061,touchmove,529,420,1644873488649
42252061,touchmove,529,422,1644873488653
42252061,touchmove,529,423,1644873488660
42252061,touchmove,529,424,1644873488668
42252061,touchmove,529,423,1644873488735
42252061,touchend,0,0,1644873488751
42252062,touchdown,529,559,1644873489148
42252062,touchend,0,0,1644873489251
42252063,touchdown,387,565,1644873489657
42252063,touchmove,387,570,1644873489718
42252063,touchmove,387,568,1644873489727
42252063,touchmove,387,566,1644873489735
42252063,touchmove,387,564,1644873489744
42252063,touchend,0,0,1644873489751
42252064,touchdown,398,439,1644873490183
42252064,touchend,0,0,1644873490277
42252065,touchdown,400,299,1644873490700
42252065,touchend,0,0,1644873490785
42252066,touchdown,393,181,1644873491192
42252066,touchend,0,0,1644873491277
42252067,touchdown,402,49,1644873491666
42252067,touchend,0,0,1644873491769
42252068,touchdown,281,34,1644873492167
42252068,touchend,0,0,1644873492252
42252069,touchdown,276,164,1644873492634
42252069,touchend,0,0,1644873492719
42252070,touchdown,271,291,1644873493125
42252070,touchmove,271,298,1644873493140
42252070,touchmove,271,300,1644873493145
42252070,touchmove,271,301,1644873493154
42252070,touchend,0,0,1644873493220
42252071,touchdown,269,424,1644873493642
42252071,touchmove,270,432,1644873493679
42252071,touchmove,270,433,1644873493687
42252071,touchmove,270,432,1644873493729
42252071,touchmove,271,432,1644873493746
42252071,touchmove,272,432,1644873493754
42252071,touchend,0,0,1644873493762
42252072,touchdown,262,564,1644873494159
42252072,touchend,0,0,1644873494245
42252073,touchdown,397,583,1644873494661
42252073,touchend,0,0,1644873494738
42252074,touchdown,395,434,1644873495203
42252074,touchend,0,0,1644873495263
42252075,touchdown,405,276,1644873495694
42252075,touchmove,405,281,1644873495755
42252075,touchmove,405,280,1644873495764
42252075,touchmove,405,278,1644873495772
42252075,touchmove,405,275,1644873495781
42252075,touchend,0,0,1644873495788
42252076,touchdown,408,159,1644873496169
42252076,touchmove,408,165,1644873496231
42252076,touchmove,408,163,1644873496239
42252076,touchmove,408,162,1644873496247
42252076,touchmove,408,160,1644873496256
42252076,touchend,0,0,1644873496263
42252077,touchdown,385,41,1644873496669
42252077,touchend,0,0,1644873496755
42252078,touchdown,536,27,1644873497187
42252078,touchend,0,0,1644873497264
42252079,touchdown,553,158,1644873497653
42252079,touchend,0,0,1644873497731
42252080,touchdown,539,287,1644873498154
42252080,touchend,0,0,1644873498240
42252081,touchdown,539,410,1644873498620
42252081,touchend,0,0,1644873498715
42252082,touchdown,527,556,1644873499130
42252082,touchend,0,0,1644873499223
42252083,touchdown,658,561,1644873499679
42252083,touchend,0,0,1644873499757
42252084,touchdown,672,443,1644873500197
42252084,touchend,0,0,1644873500282
42252085,touchdown,665,299,1644873500696
42252085,touchmove,665,303,1644873500749
42252085,touchmove,665,301,1644873500758
42252085,touchmove,665,299,1644873500767
42252085,touchmove,665,297,1644873500775
42252085,touchend,0,0,1644873500783
42252086,touchdown,662,167,1644873501172
42252086,touchend,0,0,1644873501250
42252087,touchdown,664,36,1644873501673
42252087,touchend,0,0,1644873501766
42252088,touchdown,801,38,1644873502157
42252088,touchend,0,0,1644873502225
42252089,touchdown,806,170,1644873502623
42252089,touchend,0,0,1644873502692
42252090,touchdown,793,300,1644873503139
42252090,touchend,0,0,1644873503217
42252091,touchdown,795,431,1644873503656
42252091,touchend,0,0,1644873503742
42252092,touchdown,798,557,1644873504149
42252092,touchend,0,0,1644873504251
42252093,touchdown,903,575,1644873504664
42252093,touchend,0,0,1644873504735
42252094,touchdown,915,453,1644873505167
42252094,touchmove,914,455,1644873505227
42252094,touchmove,914,454,1644873505236
42252094,touchmove,914,451,1644873505244
42252094,touchmove,914,450,1644873505253
42252094,touchend,0,0,1644873505260
42252095,touchdown,922,299,1644873505682
42252095,touchmove,922,306,1644873505744
42252095,touchmove,922,304,1644873505753
42252095,touchmove,922,302,1644873505761
42252095,touchmove,922,300,1644873505769
42252095,touchend,0,0,1644873505777
42252096,touchdown,918,170,1644873506199
42252096,touchmove,917,174,1644873506260
42252096,touchmove,917,172,1644873506270
42252096,touchmove,917,170,1644873506278
42252096,touchmove,917,169,1644873506286
42252096,touchend,0,0,1644873506294
42252097,touchdown,929,40,1644873506650
42252097,touchend,0,0,1644873506744
42252098,touchdown,809,31,1644873507133
42252098,touchend,0,0,1644873507236
42252099,touchdown,806,161,1644873507650
42252099,touchmove,807,165,1644873507660
42252099,touchmove,807,168,1644873507667
42252099,touchmove,807,170,1644873507671
42252099,touchmove,807,171,1644873507679
42252099,touchmove,807,172,1644873507704
42252099,touchmove,809,172,1644873507712
42252099,touchmove,810,172,1644873507720
42252099,touchend,0,0,1644873507728
42252100,touchdown,801,285,1644873508127
42252100,touchend,0,0,1644873508212
42252101,touchdown,791,425,1644873508651
42252101,touchend,0,0,1644873508737
42252102,touchdown,792,547,1644873509127
42252102,touchend,0,0,1644873509221
42252103,touchdown,649,550,1644873509652
42252103,touchend,0,0,1644873509721
42252104,touchdown,654,425,1644873510169
42252104,touchend,0,0,1644873510247
42252105,touchdown,659,300,1644873510678
42252105,touchmove,659,301,1644873510721
42252105,touchmove,659,299,1644873510731
42252105,touchmove,659,297,1644873510739
42252105,touchmove,659,295,1644873510747
42252105,touchend,0,0,1644873510755
42252106,touchdown,658,172,1644873511128
42252106,touchend,0,0,1644873511205
42252107,touchdown,660,37,1644873511644
42252107,touchend,0,0,1644873511730
42252108,touchdown,533,36,1644873512128
42252108,touchend,0,0,1644873512214
42252109,touchdown,550,170,1644873512628
42252109,touchend,0,0,1644873512722
42252110,touchdown,539,293,1644873513136
42252110,touchend,0,0,1644873513223
42252111,touchdown,529,437,1644873513637
42252111,touchend,0,0,1644873513706
42252112,touchdown,528,552,1644873514155
42252112,touchend,0,0,1644873514240
42252113,touchdown,398,552,1644873514621
42252113,touchend,0,0,1644873514723
42252114,touchdown,399,423,1644873515114
42252114,touchend,0,0,1644873515199
42252115,touchdown,407,296,1644873515620
42252115,touchend,0,0,1644873515691
42252116,touchdown,401,165,1644873516147
42252116,touchend,0,0,1644873516216
42252117,touchdown,402,35,1644873516671
42252117,touchend,0,0,1644873516750
42252118,touchdown,281,21,1644873517156
42252118,touchend,0,0,1644873517242
42252119,touchdown,274,148,1644873517648
42252119,touchend,0,0,1644873517734
42252120,touchdown,283,288,1644873518140
42252120,touchend,0,0,1644873518226
42252121,touchdown,262,431,1644873518665
42252121,touchend,0,0,1644873518726
42252122,touchdown,258,539,1644873519149
42252122,touchend,0,0,1644873519243
42252123,touchdown,399,559,1644873519674
42252123,touchend,0,0,1644873519718
42252124,touchdown,404,426,1644873520208
42252124,touchend,0,0,1644873520286
42252125,touchdown,407,295,1644873520724
42252125,touchmove,406,300,1644873520770
42252125,touchmove,406,298,1644873520778
42252125,touchmove,406,295,1644873520786
42252125,touchmove,406,293,1644873520795
42252125,touchmove,407,290,1644873520803
42252125,touchend,0,0,1644873520810
42252126,touchdown,401,174,1644873521183
42252126,touchend,0,0,1644873521253
42252127,touchdown,399,26,1644873521684
42252127,touchend,0,0,1644873521744
42252128,touchdown,521,22,1644873522159
42252128,touchend,0,0,1644873522237
42252129,touchdown,543,153,1644873522634
42252129,touchmove,544,157,1644873522644
42252129,touchmove,544,161,1644873522651
42252129,touchmove,544,162,1644873522655
42252129,touchmove,544,163,1644873522662
42252129,touchmove,544,162,1644873522686
42252129,touchmove,544,161,1644873522696
42252129,touchmove,545,160,1644873522704
42252129,touchend,0,0,1644873522712
