42252732,touchdown,380,290,1644875025656
42252733,touchdown,373,531,1644875025669
42252733,touchend,0,0,1644875025774
42252732,touchend,0,0,1644875025782
42252734,touchdown,570,340,1644875026322
42252735,touchdown,569,482,1644875026350
42252735,touchend,0,0,1644875026450
42252734,touchend,0,0,1644875026466
42252736,touchdown,695,331,1644875027037
42252737,touchdown,733,75,1644875027052
42252736,touchend,0,0,1644875027201
42252737,touchend,0,0,1644875027209
42252738,touchdown,830,243,1644875027773
42252739,touchdown,817,413,1644875027792
42252738,touchend,0,0,1644875027968
42252739,touchend,0,0,1644875027968
42252740,touchdown,711,527,1644875028525
42252741,touchdown,732,319,1644875028526
42252740,touchend,0,0,1644875028751
42252741,touchend,0,0,1644875028760
42252742,touchdown,582,194,1644875029381
42252743,touchdown,585,338,1644875029397
42252743,touchend,0,0,1644875029535
42252742,touchend,0,0,1644875029551
42252744,touchdown,448,93,1644875030108
42252745,touchdown,407,456,1644875030128
42252745,touchend,0,0,1644875030286
42252744,touchend,0,0,1644875030294
42252746,touchdown,504,285,1644875030800
42252747,touchdown,501,469,1644875030845
42252746,touchend,0,0,1644875031028
42252747,touchend,0,0,1644875031028
42252748,touchdown,663,330,1644875031583
42252749,touchdown,658,446,1644875031597
42252749,touchend,0,0,1644875031770
42252748,touchend,0,0,1644875031786
42252750,touchdown,747,125,1644875032300
42252751,touchdown,709,425,1644875032321
42252751,touchend,0,0,1644875032537
42252750,touchend,0,0,1644875032546
42252752,touchdown,472,117,1644875035993
42252753,touchdown,318,139,1644875036082
42252753,touchmove,319,139,1644875036231
42252753,touchend,0,0,1644875036239
42252752,touchend,0,0,1644875036248
42252754,touchdown,817,129,1644875036863
42252755,touchdown,662,135,1644875036864
42252755,touchend,0,0,1644875037014
42252754,touchend,0,0,1644875037031
42252756,touchdown,536,311,1644875037613
42252757,touchdown,800,311,1644875037614
42252756,touchend,0,0,1644875037782
42252757,touchend,0,0,1644875037782
42252758,touchdown,682,409,1644875038403
42252759,touchdown,552,420,1644875038418
42252759,touchend,0,0,1644875038557
42252758,touchend,0,0,1644875038573
42252760,touchdown,714,478,1644875039145
42252761,touchdown,855,471,1644875039160
42252760,touchend,0,0,1644875039316
42252761,touchend,0,0,1644875039325
42252762,touchdown,550,456,1644875039878
42252763,touchdown,365,484,1644875039893
42252763,touchend,0,0,1644875040041
42252762,touchend,0,0,1644875040041
42252764,touchdown,379,359,1644875040555
42252765,touchdown,495,336,1644875040570
42252764,touchend,0,0,1644875040750
42252765,touchend,0,0,1644875040774
42252766,touchdown,694,222,1644875041257
42252767,touchdown,486,225,1644875041258
42252767,touchend,0,0,1644875041425
42252766,touchend,0,0,1644875041434
42252768,touchdown,521,105,1644875041983
42252769,touchdown,393,126,1644875041983
42252769,touchend,0,0,1644875042109
42252768,touchend,0,0,1644875042125
42252770,touchdown,779,323,1644875042742
42252771,touchdown,674,330,1644875042742
42252771,touchend,0,0,1644875042868
42252770,touchend,0,0,1644875042884
42252772,touchdown,362,104,1644875044873
42252773,touchdown,503,58,1644875044887
42252774,touchdown,714,245,1644875044895
42252775,touchdown,614,110,1644875044895
42252776,touchdown,286,343,1644875044929
42252776,touchend,0,0,1644875045028
42252774,touchend,0,0,1644875045037
42252775,touchend,0,0,1644875045044
42252772,touchend,0,0,1644875045052
42252773,touchend,0,0,1644875045060
42252777,touchdown,529,393,1644875045592
42252778,touchdown,584,204,1644875045604
42252779,touchdown,690,179,1644875045612
42252780,touchdown,770,228,1644875045612
42252781,touchdown,833,343,1644875045620
42252777,touchmove,527,387,1644875045628
42252777,touchmove,527,386,1644875045636
42252777,touchmove,527,385,1644875045644
42252777,touchmove,528,385,1644875045703
42252777,touchmove,528,386,1644875045712
42252777,touchmove,529,387,1644875045720
42252777,touchmove,530,387,1644875045729
42252777,touchmove,531,388,1644875045737
42252777,touchmove,531,389,1644875045745
42252777,touchmove,533,390,1644875045754
42252777,touchmove,533,391,1644875045762
42252777,touchmove,534,393,1644875045770
42252777,touchend,0,0,1644875045778
42252781,touchend,0,0,1644875045795
42252778,touchend,0,0,1644875045803
42252779,touchend,0,0,1644875045811
42252780,touchend,0,0,1644875045811
42252782,touchdown,424,258,1644875046400
42252783,touchdown,754,392,1644875046416
42252784,touchdown,551,210,1644875046416
42252785,touchdown,655,260,1644875046420
42252786,touchdown,335,505,1644875046438
42252786,touchend,0,0,1644875046587
42252782,touchend,0,0,1644875046597
42252783,touchend,0,0,1644875046597
42252785,touchend,0,0,1644875046597
42252784,touchend,0,0,1644875046611
42252787,touchdown,806,370,1644875047229
42252788,touchdown,736,321,1644875047229
42252789,touchdown,843,465,1644875047229
42252790,touchdown,589,473,1644875047229
42252791,touchdown,649,343,1644875047229
42252790,touchend,0,0,1644875047363
42252789,touchend,0,0,1644875047373
42252791,touchend,0,0,1644875047387
42252787,touchend,0,0,1644875047395
42252788,touchend,0,0,1644875047403
42252792,touchdown,673,77,1644875047971
42252794,touchdown,537,121,1644875047971
42252793,touchdown,765,128,1644875047971
42252795,touchdown,844,253,1644875047982
42252796,touchdown,436,382,1644875048006
42252796,touchmove,435,381,1644875048113
42252796,touchmove,436,381,1644875048122
42252796,touchmove,437,381,1644875048130
42252796,touchmove,438,381,1644875048138
42252796,touchmove,440,380,1644875048146
42252795,touchend,0,0,1644875048155
42252796,touchend,0,0,1644875048155
42252794,touchend,0,0,1644875048171
42252792,touchend,0,0,1644875048179
42252793,touchend,0,0,1644875048179
42252797,touchdown,304,434,1644875048685
42252798,touchdown,368,198,1644875048685
42252799,touchdown,484,153,1644875048700
42252800,touchdown,579,197,1644875048700
42252801,touchdown,655,319,1644875048700
42252797,touchend,0,0,1644875048864
42252798,touchend,0,0,1644875048873
42252801,touchend,0,0,1644875048873
42252800,touchend,0,0,1644875048888
42252799,touchend,0,0,1644875048895
42252802,touchdown,569,269,1644875049367
42252803,touchdown,674,243,1644875049383
42252804,touchdown,748,295,1644875049383
42252805,touchdown,797,408,1644875049389
42252806,touchdown,481,458,1644875049389
42252806,touchend,0,0,1644875049564
42252805,touchend,0,0,1644875049573
42252802,touchend,0,0,1644875049580
42252803,touchend,0,0,1644875049588
42252804,touchend,0,0,1644875049588
42252808,touchdown,565,150,1644875050089
42252810,touchdown,858,310,1644875050089
42252807,touchdown,455,398,1644875050089
42252809,touchdown,785,173,1644875050089
42252811,touchdown,696,117,1644875050089
42252807,touchmove,454,399,1644875050231
42252807,touchmove,455,399,1644875050239
42252807,touchmove,457,399,1644875050248
42252810,touchend,0,0,1644875050256
42252807,touchmove,458,399,1644875050257
42252807,touchend,0,0,1644875050266
42252808,touchend,0,0,1644875050280
42252809,touchend,0,0,1644875050305
42252811,touchend,0,0,1644875050305
42252812,touchdown,655,415,1644875050815
42252813,touchdown,586,304,1644875050816
42252814,touchdown,395,302,1644875050816
42252815,touchdown,338,505,1644875050827
42252816,touchdown,509,256,1644875050827
42252815,touchend,0,0,1644875050957
42252812,touchend,0,0,1644875050974
42252814,touchend,0,0,1644875050981
42252816,touchend,0,0,1644875050997
42252813,touchend,0,0,1644875051005
42252818,touchdown,767,257,1644875051474
42252817,touchdown,542,219,1644875051474
42252819,touchdown,831,398,1644875051474
42252820,touchdown,675,194,1644875051474
42252821,touchdown,423,463,1644875051485
42252819,touchend,0,0,1644875051649
42252821,touchend,0,0,1644875051649
42252817,touchend,0,0,1644875051658
42252818,touchend,0,0,1644875051681
42252820,touchend,0,0,1644875051681
42252823,touchdown,564,462,1644875053884
42252822,touchdown,707,140,1644875053872
42252823,touchmove,566,459,1644875053924
42252823,touchmove,566,457,1644875053932
42252823,touchmove,567,455,1644875053941
42252822,touchmove,705,144,1644875053941
42252823,touchmove,567,453,1644875053949
42252822,touchmove,703,146,1644875053949
42252823,touchmove,568,451,1644875053957
42252822,touchmove,701,149,1644875053958
42252823,touchmove,569,450,1644875053966
42252822,touchmove,699,152,1644875053966
42252822,touchmove,696,156,1644875053974
42252823,touchmove,571,448,1644875053974
42252822,touchmove,694,159,1644875053983
42252823,touchmove,571,446,1644875053982
42252823,touchmove,572,444,1644875053991
42252822,touchmove,693,162,1644875053991
42252822,touchmove,690,165,1644875053999
42252823,touchmove,573,442,1644875053999
42252823,touchmove,574,440,1644875054007
42252822,touchmove,689,168,1644875054007
42252823,touchmove,575,437,1644875054016
42252822,touchmove,687,171,1644875054016
42252822,touchmove,685,174,1644875054024
42252823,touchmove,577,431,1644875054032
42252822,touchmove,683,178,1644875054032
42252823,touchmove,576,434,1644875054024
42252823,touchmove,579,429,1644875054041
42252822,touchmove,681,181,1644875054041
42252823,touchmove,580,426,1644875054049
42252822,touchmove,678,185,1644875054049
42252823,touchmove,582,423,1644875054057
42252822,touchmove,676,189,1644875054057
42252822,touchmove,674,192,1644875054066
42252823,touchmove,583,420,1644875054066
42252823,touchmove,584,418,1644875054074
42252822,touchmove,672,195,1644875054074
42252823,touchmove,585,415,1644875054082
42252822,touchmove,671,199,1644875054082
42252823,touchmove,586,412,1644875054091
42252822,touchmove,669,202,1644875054091
42252823,touchmove,588,409,1644875054099
42252822,touchmove,668,205,1644875054099
42252823,touchmove,589,407,1644875054107
42252822,touchmove,666,209,1644875054108
42252823,touchmove,590,404,1644875054116
42252822,touchmove,665,212,1644875054116
42252823,touchmove,592,401,1644875054124
42252822,touchmove,662,217,1644875054124
42252823,touchmove,593,398,1644875054133
42252822,touchmove,660,220,1644875054133
42252823,touchmove,593,396,1644875054141
42252822,touchmove,658,223,1644875054141
42252823,touchmove,594,394,1644875054149
42252822,touchmove,657,226,1644875054149
42252823,touchmove,594,392,1644875054157
42252822,touchmove,655,228,1644875054157
42252823,touchmove,594,391,1644875054166
42252822,touchmove,653,229,1644875054166
42252823,touchmove,594,390,1644875054174
42252822,touchmove,653,230,1644875054174
42252823,touchmove,594,389,1644875054182
42252822,touchmove,652,231,1644875054182
42252823,touchmove,595,388,1644875054191
42252822,touchmove,651,232,1644875054191
42252823,touchmove,595,387,1644875054199
42252822,touchmove,650,233,1644875054199
42252823,touchmove,596,385,1644875054207
42252822,touchmove,649,235,1644875054208
42252823,touchmove,596,384,1644875054216
42252822,touchmove,648,237,1644875054216
42252823,touchend,0,0,1644875054224
42252822,touchmove,647,239,1644875054224
42252822,touchmove,646,241,1644875054232
42252822,touchend,0,0,1644875054240
42252824,touchdown,843,218,1644875054671
42252825,touchdown,677,527,1644875054687
42252824,touchmove,840,225,1644875054716
42252824,touchmove,839,227,1644875054725
42252825,touchmove,679,524,1644875054733
42252824,touchmove,837,228,1644875054733
42252825,touchmove,679,522,1644875054741
42252824,touchmove,834,231,1644875054741
42252825,touchmove,680,519,1644875054750
42252824,touchmove,831,233,1644875054750
42252825,touchmove,681,516,1644875054758
42252824,touchmove,827,237,1644875054758
42252825,touchmove,682,512,1644875054766
42252825,touchmove,684,508,1644875054775
42252824,touchmove,824,239,1644875054766
42252824,touchmove,821,242,1644875054775
42252825,touchmove,686,505,1644875054783
42252824,touchmove,820,245,1644875054783
42252825,touchmove,687,501,1644875054791
42252824,touchmove,818,247,1644875054791
42252824,touchmove,816,250,1644875054800
42252825,touchmove,689,497,1644875054799
42252825,touchmove,690,494,1644875054808
42252824,touchmove,814,253,1644875054808
42252825,touchmove,692,490,1644875054816
42252824,touchmove,813,256,1644875054816
42252825,touchmove,694,487,1644875054825
42252824,touchmove,811,259,1644875054825
42252825,touchmove,695,484,1644875054833
42252824,touchmove,809,262,1644875054833
42252825,touchmove,698,481,1644875054841
42252824,touchmove,807,266,1644875054841
42252825,touchmove,700,478,1644875054849
42252824,touchmove,805,269,1644875054850
42252825,touchmove,702,474,1644875054858
42252824,touchmove,804,271,1644875054858
42252825,touchmove,705,470,1644875054866
42252824,touchmove,802,274,1644875054866
42252825,touchmove,707,467,1644875054875
42252824,touchmove,802,277,1644875054875
42252825,touchmove,710,464,1644875054883
42252824,touchmove,801,279,1644875054883
42252825,touchmove,713,460,1644875054891
42252824,touchmove,800,281,1644875054891
42252825,touchmove,715,457,1644875054900
42252824,touchmove,800,283,1644875054900
42252825,touchmove,717,454,1644875054908
42252824,touchmove,799,284,1644875054908
42252825,touchmove,719,452,1644875054916
42252824,touchmove,798,286,1644875054916
42252825,touchmove,721,450,1644875054925
42252824,touchmove,798,288,1644875054925
42252825,touchmove,722,448,1644875054933
42252824,touchmove,796,289,1644875054933
42252825,touchmove,724,446,1644875054941
42252824,touchmove,795,291,1644875054941
42252825,touchmove,726,444,1644875054950
42252824,touchmove,794,292,1644875054950
42252825,touchmove,727,441,1644875054958
42252824,touchmove,793,294,1644875054958
42252825,touchmove,729,438,1644875054966
42252824,touchmove,792,295,1644875054966
42252825,touchmove,731,435,1644875054975
42252824,touchmove,791,296,1644875054975
42252825,touchend,0,0,1644875054982
42252824,touchmove,790,297,1644875054982
42252824,touchmove,789,298,1644875054991
42252824,touchmove,787,299,1644875055000
42252824,touchmove,784,301,1644875055008
42252824,touchend,0,0,1644875055015
42252826,touchdown,510,158,1644875055439
42252827,touchdown,349,485,1644875055467
42252826,touchmove,502,170,1644875055492
42252826,touchmove,497,172,1644875055500
42252826,touchmove,492,176,1644875055508
42252826,touchmove,486,180,1644875055517
42252826,touchmove,482,184,1644875055525
42252827,touchmove,351,482,1644875055525
42252827,touchmove,353,479,1644875055533
42252826,touchmove,478,189,1644875055533
42252827,touchmove,355,477,1644875055542
42252826,touchmove,474,193,1644875055542
42252827,touchmove,357,474,1644875055550
42252827,touchmove,359,472,1644875055559
42252826,touchmove,472,197,1644875055550
42252826,touchmove,471,201,1644875055559
42252827,touchmove,361,469,1644875055567
42252826,touchmove,469,204,1644875055567
42252827,touchmove,363,467,1644875055575
42252826,touchmove,469,208,1644875055575
42252827,touchmove,364,465,1644875055583
42252826,touchmove,468,210,1644875055583
42252827,touchmove,366,462,1644875055592
42252826,touchmove,467,214,1644875055592
42252827,touchmove,368,460,1644875055600
42252826,touchmove,467,217,1644875055600
42252827,touchmove,370,457,1644875055608
42252826,touchmove,467,220,1644875055608
42252827,touchmove,372,454,1644875055617
42252826,touchmove,466,224,1644875055617
42252827,touchmove,374,450,1644875055625
42252826,touchmove,466,228,1644875055625
42252827,touchmove,377,446,1644875055633
42252826,touchmove,465,232,1644875055633
42252827,touchmove,379,442,1644875055642
42252826,touchmove,465,236,1644875055642
42252827,touchmove,382,439,1644875055650
42252826,touchmove,464,240,1644875055650
42252827,touchmove,385,435,1644875055658
42252826,touchmove,464,243,1644875055658
42252827,touchmove,388,432,1644875055667
42252826,touchmove,463,247,1644875055667
42252827,touchmove,391,429,1644875055675
42252826,touchmove,463,250,1644875055675
42252827,touchmove,393,426,1644875055683
42252826,touchmove,463,252,1644875055684
42252827,touchmove,396,423,1644875055692
42252826,touchmove,463,254,1644875055692
42252827,touchmove,399,420,1644875055700
42252826,touchmove,463,257,1644875055700
42252827,touchmove,402,417,1644875055708
42252826,touchmove,463,259,1644875055708
42252827,touchmove,406,414,1644875055717
42252826,touchmove,463,261,1644875055717
42252827,touchmove,410,410,1644875055725
42252826,touchmove,463,264,1644875055725
42252827,touchmove,414,407,1644875055733
42252826,touchmove,463,266,1644875055733
42252826,touchmove,463,268,1644875055742
42252827,touchmove,417,404,1644875055742
42252827,touchend,0,0,1644875055750
42252826,touchmove,463,271,1644875055750
42252826,touchmove,462,274,1644875055759
42252826,touchmove,461,277,1644875055767
42252826,touchmove,460,280,1644875055775
42252826,touchmove,460,284,1644875055783
42252826,touchend,0,0,1644875055790
42252828,touchdown,737,87,1644875056172
42252829,touchdown,552,375,1644875056201
42252828,touchmove,735,94,1644875056226
42252828,touchmove,734,96,1644875056234
42252828,touchmove,731,97,1644875056242
42252828,touchmove,728,100,1644875056250
42252828,touchmove,724,102,1644875056259
42252828,touchmove,720,106,1644875056267
42252828,touchmove,715,109,1644875056275
42252828,touchmove,710,112,1644875056284
42252829,touchmove,555,373,1644875056292
42252828,touchmove,705,116,1644875056292
42252829,touchmove,557,369,1644875056301
42252828,touchmove,701,120,1644875056301
42252829,touchmove,559,365,1644875056309
42252828,touchmove,696,124,1644875056309
42252829,touchmove,561,361,1644875056317
42252828,touchmove,693,128,1644875056317
42252829,touchmove,563,358,1644875056325
42252828,touchmove,689,132,1644875056326
42252829,touchmove,564,355,1644875056334
42252828,touchmove,686,135,1644875056334
42252829,touchmove,567,352,1644875056342
42252828,touchmove,683,139,1644875056342
42252829,touchmove,568,350,1644875056351
42252828,touchmove,681,143,1644875056351
42252829,touchmove,570,347,1644875056359
42252828,touchmove,679,146,1644875056359
42252829,touchmove,572,344,1644875056367
42252828,touchmove,676,149,1644875056367
42252829,touchmove,574,341,1644875056375
42252828,touchmove,674,153,1644875056375
42252829,touchmove,577,337,1644875056384
42252828,touchmove,672,157,1644875056384
42252828,touchmove,671,161,1644875056392
42252829,touchmove,583,330,1644875056400
42252829,touchmove,580,334,1644875056392
42252828,touchmove,669,165,1644875056400
42252829,touchmove,586,327,1644875056409
42252828,touchmove,667,168,1644875056409
42252829,touchmove,589,323,1644875056417
42252828,touchmove,666,170,1644875056417
42252829,touchmove,591,320,1644875056425
42252828,touchmove,665,173,1644875056425
42252829,touchmove,594,317,1644875056434
42252828,touchmove,664,176,1644875056434
42252829,touchmove,596,314,1644875056442
42252828,touchmove,663,179,1644875056442
42252829,touchmove,598,312,1644875056450
42252828,touchmove,662,182,1644875056450
42252829,touchmove,601,311,1644875056459
42252828,touchmove,661,185,1644875056459
42252829,touchmove,603,308,1644875056467
42252828,touchmove,660,188,1644875056467
42252829,touchmove,606,307,1644875056475
42252828,touchmove,659,192,1644875056476
42252829,touchmove,609,305,1644875056484
42252828,touchmove,658,195,1644875056484
42252829,touchend,0,0,1644875056491
42252828,touchmove,658,199,1644875056492
42252828,touchmove,657,203,1644875056500
42252828,touchmove,657,208,1644875056509
42252828,touchmove,657,213,1644875056517
42252828,touchmove,656,217,1644875056526
42252828,touchmove,655,223,1644875056534
42252828,touchend,0,0,1644875056542
42252830,touchdown,631,493,1644875056924
42252831,touchdown,798,293,1644875056924
42252831,touchmove,797,298,1644875056967
42252831,touchmove,796,300,1644875056976
42252831,touchmove,795,303,1644875056984
42252831,touchmove,793,305,1644875056993
42252831,touchmove,789,309,1644875057001
42252831,touchmove,785,313,1644875057009
42252831,touchmove,781,316,1644875057018
42252831,touchmove,778,319,1644875057026
42252831,touchmove,774,322,1644875057034
42252831,touchmove,771,324,1644875057043
42252831,touchmove,769,327,1644875057051
42252831,touchmove,767,329,1644875057059
42252831,touchmove,765,332,1644875057068
42252830,touchmove,637,493,1644875057068
42252831,touchmove,764,334,1644875057076
42252830,touchmove,643,487,1644875057084
42252831,touchmove,763,336,1644875057084
42252830,touchmove,640,490,1644875057076
42252831,touchmove,762,338,1644875057093
42252830,touchmove,646,484,1644875057093
42252831,touchmove,762,340,1644875057101
42252830,touchmove,650,481,1644875057101
42252831,touchmove,761,342,1644875057110
42252830,touchmove,653,478,1644875057110
42252831,touchmove,761,344,1644875057117
42252830,touchmove,656,476,1644875057118
42252831,touchmove,761,346,1644875057126
42252830,touchmove,659,474,1644875057126
42252831,touchmove,760,347,1644875057134
42252830,touchmove,662,472,1644875057134
42252831,touchmove,760,348,1644875057143
42252830,touchmove,664,471,1644875057143
42252831,touchmove,760,349,1644875057151
42252830,touchmove,666,469,1644875057151
42252831,touchmove,760,350,1644875057159
42252830,touchmove,669,467,1644875057159
42252831,touchmove,760,352,1644875057168
42252830,touchmove,671,465,1644875057168
42252830,touchmove,674,463,1644875057176
42252831,touchmove,760,353,1644875057184
42252830,touchmove,676,461,1644875057184
42252831,touchmove,759,354,1644875057193
42252830,touchmove,679,459,1644875057193
42252831,touchmove,759,355,1644875057201
42252830,touchmove,680,457,1644875057201
42252831,touchmove,758,356,1644875057209
42252830,touchmove,681,455,1644875057209
42252831,touchmove,757,356,1644875057218
42252830,touchmove,682,454,1644875057218
42252830,touchmove,683,453,1644875057226
42252831,touchmove,756,357,1644875057226
42252831,touchmove,755,357,1644875057234
42252830,touchmove,684,451,1644875057234
42252830,touchend,0,0,1644875057242
42252831,touchmove,753,357,1644875057242
42252831,touchmove,751,359,1644875057251
42252831,touchmove,747,360,1644875057259
42252831,touchmove,742,362,1644875057267
42252831,touchmove,735,365,1644875057276
42252831,touchend,0,0,1644875057283
42252832,touchdown,552,273,1644875057698
42252833,touchdown,349,534,1644875057718
42252832,touchmove,550,279,1644875057743
42252832,touchmove,550,281,1644875057751
42252832,touchmove,549,282,1644875057760
42252832,touchmove,547,284,1644875057768
42252833,touchmove,352,534,1644875057776
42252832,touchmove,545,286,1644875057776
42252833,touchmove,354,532,1644875057785
42252832,touchmove,543,289,1644875057785
42252833,touchmove,355,530,1644875057793
42252832,touchmove,540,290,1644875057793
42252833,touchmove,358,528,1644875057801
42252832,touchmove,538,293,1644875057801
42252833,touchmove,361,525,1644875057810
42252832,touchmove,535,295,1644875057810
42252833,touchmove,364,523,1644875057818
42252832,touchmove,533,298,1644875057818
42252833,touchmove,367,520,1644875057826
42252832,touchmove,530,300,1644875057826
42252833,touchmove,370,517,1644875057835
42252832,touchmove,528,303,1644875057835
42252833,touchmove,374,514,1644875057843
42252832,touchmove,526,305,1644875057843
42252833,touchmove,377,511,1644875057852
42252832,touchmove,524,308,1644875057852
42252833,touchmove,380,508,1644875057860
42252833,touchmove,383,505,1644875057868
42252832,touchmove,522,310,1644875057860
42252832,touchmove,521,313,1644875057868
42252833,touchmove,386,503,1644875057876
42252832,touchmove,519,316,1644875057876
42252833,touchmove,389,501,1644875057885
42252832,touchmove,517,318,1644875057885
42252833,touchmove,392,498,1644875057893
42252832,touchmove,516,321,1644875057893
42252833,touchmove,394,496,1644875057901
42252832,touchmove,515,324,1644875057901
42252833,touchmove,397,494,1644875057910
42252832,touchmove,514,326,1644875057910
42252833,touchmove,400,492,1644875057918
42252832,touchmove,512,329,1644875057918
42252833,touchmove,403,490,1644875057926
42252832,touchmove,512,332,1644875057926
42252833,touchmove,406,487,1644875057935
42252832,touchmove,511,334,1644875057935
42252833,touchmove,410,485,1644875057943
42252832,touchmove,510,337,1644875057943
42252833,touchmove,412,483,1644875057951
42252832,touchmove,510,338,1644875057951
42252833,touchmove,416,481,1644875057960
42252832,touchmove,509,340,1644875057960
42252833,touchmove,419,479,1644875057968
42252832,touchmove,509,341,1644875057968
42252833,touchmove,422,478,1644875057976
42252832,touchmove,509,342,1644875057976
42252833,touchmove,425,477,1644875057985
42252832,touchmove,509,344,1644875057985
42252833,touchmove,429,475,1644875057993
42252832,touchmove,509,345,1644875057993
42252833,touchend,0,0,1644875058001
42252832,touchmove,509,346,1644875058001
42252832,touchmove,509,347,1644875058010
42252832,touchmove,510,349,1644875058018
42252832,touchmove,512,350,1644875058026
42252832,touchend,0,0,1644875058033
42252834,touchdown,872,249,1644875058458
42252835,touchdown,698,474,1644875058486
42252834,touchmove,869,254,1644875058502
42252834,touchmove,869,256,1644875058510
42252834,touchmove,868,259,1644875058518
42252834,touchmove,865,263,1644875058527
42252834,touchmove,861,267,1644875058535
42252834,touchmove,857,272,1644875058543
42252835,touchmove,701,474,1644875058552
42252834,touchmove,852,278,1644875058552
42252835,touchmove,703,472,1644875058560
42252834,touchmove,847,283,1644875058560
42252835,touchmove,705,470,1644875058568
42252834,touchmove,842,287,1644875058569
42252835,touchmove,707,468,1644875058577
42252834,touchmove,838,292,1644875058577
42252835,touchmove,709,465,1644875058585
42252834,touchmove,834,296,1644875058585
42252835,touchmove,711,463,1644875058594
42252834,touchmove,831,300,1644875058594
42252835,touchmove,713,462,1644875058602
42252834,touchmove,828,303,1644875058602
42252835,touchmove,715,460,1644875058610
42252834,touchmove,825,307,1644875058610
42252835,touchmove,717,458,1644875058618
42252834,touchmove,822,310,1644875058618
42252835,touchmove,719,456,1644875058627
42252834,touchmove,820,313,1644875058627
42252834,touchmove,817,317,1644875058635
42252835,touchmove,721,454,1644875058635
42252835,touchmove,723,453,1644875058643
42252834,touchmove,815,319,1644875058643
42252835,touchmove,725,451,1644875058652
42252834,touchmove,813,322,1644875058652
42252835,touchmove,727,449,1644875058660
42252834,touchmove,811,324,1644875058660
42252835,touchmove,729,447,1644875058669
42252834,touchmove,810,326,1644875058669
42252835,touchmove,731,445,1644875058677
42252834,touchmove,809,328,1644875058677
42252835,touchmove,733,444,1644875058685
42252834,touchmove,808,330,1644875058685
42252834,touchmove,807,331,1644875058693
42252835,touchmove,734,442,1644875058693
42252835,touchmove,736,441,1644875058702
42252834,touchmove,807,332,1644875058702
42252835,touchmove,737,439,1644875058710
42252834,touchmove,805,333,1644875058710
42252835,touchmove,738,437,1644875058718
42252834,touchmove,804,334,1644875058718
42252835,touchmove,740,435,1644875058727
42252834,touchmove,803,335,1644875058727
42252835,touchmove,741,434,1644875058735
42252834,touchmove,802,335,1644875058735
42252835,touchend,0,0,1644875058743
42252834,touchmove,801,336,1644875058743
42252834,touchmove,800,336,1644875058752
42252834,touchmove,799,336,1644875058760
42252834,touchmove,796,336,1644875058768
42252834,touchmove,793,337,1644875058777
42252834,touchend,0,0,1644875058784
42252836,touchdown,550,107,1644875059257
42252837,touchdown,402,336,1644875059286
42252836,touchmove,543,118,1644875059286
42252836,touchmove,542,122,1644875059294
42252836,touchmove,540,127,1644875059302
42252837,touchmove,407,331,1644875059310
42252836,touchmove,537,131,1644875059310
42252837,touchmove,409,329,1644875059319
42252836,touchmove,534,136,1644875059319
42252837,touchmove,411,326,1644875059327
42252836,touchmove,531,140,1644875059327
42252837,touchmove,414,324,1644875059335
42252836,touchmove,528,145,1644875059335
42252837,touchmove,416,322,1644875059344
42252836,touchmove,526,149,1644875059344
42252837,touchmove,418,320,1644875059352
42252836,touchmove,524,153,1644875059352
42252837,touchmove,420,318,1644875059360
42252836,touchmove,521,157,1644875059360
42252837,touchmove,422,316,1644875059369
42252836,touchmove,520,160,1644875059369
42252837,touchmove,425,314,1644875059377
42252836,touchmove,519,164,1644875059377
42252837,touchmove,428,312,1644875059385
42252836,touchmove,517,167,1644875059385
42252836,touchmove,516,170,1644875059394
42252837,touchmove,431,308,1644875059394
42252837,touchmove,435,305,1644875059402
42252836,touchmove,515,172,1644875059402
42252837,touchmove,439,303,1644875059410
42252836,touchmove,515,175,1644875059410
42252836,touchmove,514,177,1644875059419
42252837,touchmove,442,300,1644875059419
42252837,touchmove,445,298,1644875059427
42252836,touchmove,514,179,1644875059427
42252837,touchmove,446,297,1644875059436
42252836,touchmove,514,181,1644875059436
42252837,touchmove,448,296,1644875059444
42252837,touchmove,450,295,1644875059452
42252836,touchmove,514,182,1644875059444
42252836,touchmove,513,184,1644875059453
42252837,touchmove,452,294,1644875059461
42252836,touchmove,513,185,1644875059461
42252837,touchmove,454,294,1644875059469
42252836,touchmove,513,186,1644875059469
42252837,touchmove,456,293,1644875059477
42252836,touchmove,513,187,1644875059477
42252837,touchmove,459,292,1644875059486
42252836,touchmove,513,189,1644875059486
42252837,touchmove,461,291,1644875059494
42252836,touchmove,513,190,1644875059494
42252837,touchend,0,0,1644875059502
42252836,touchmove,513,192,1644875059503
42252836,touchmove,513,193,1644875059510
42252836,touchmove,515,195,1644875059519
42252836,touchmove,517,196,1644875059527
42252836,touchend,0,0,1644875059534
42252838,touchdown,774,204,1644875059916
42252839,touchdown,543,467,1644875059945
42252838,touchmove,771,210,1644875059977
42252838,touchmove,770,212,1644875059986
42252838,touchmove,768,214,1644875059994
42252838,touchmove,764,217,1644875060003
42252838,touchmove,758,219,1644875060011
42252838,touchmove,750,223,1644875060020
42252839,touchmove,547,467,1644875060020
42252838,touchmove,742,226,1644875060028
42252839,touchmove,548,464,1644875060028
42252838,touchmove,734,230,1644875060036
42252839,touchmove,550,461,1644875060036
42252838,touchmove,726,234,1644875060044
42252839,touchmove,552,457,1644875060044
42252838,touchmove,718,238,1644875060053
42252839,touchmove,555,453,1644875060053
42252838,touchmove,712,242,1644875060061
42252839,touchmove,557,449,1644875060061
42252838,touchmove,705,246,1644875060069
42252839,touchmove,560,446,1644875060069
42252838,touchmove,701,250,1644875060078
42252839,touchmove,562,443,1644875060078
42252838,touchmove,698,254,1644875060086
42252839,touchmove,564,440,1644875060086
42252838,touchmove,694,258,1644875060094
42252839,touchmove,567,437,1644875060094
42252838,touchmove,690,263,1644875060102
42252839,touchmove,569,434,1644875060103
42252838,touchmove,686,267,1644875060111
42252839,touchmove,572,432,1644875060111
42252838,touchmove,683,271,1644875060119
42252839,touchmove,574,429,1644875060119
42252839,touchmove,576,427,1644875060128
42252838,touchmove,676,280,1644875060136
42252839,touchmove,579,425,1644875060136
42252838,touchmove,674,284,1644875060144
42252839,touchmove,581,423,1644875060144
42252838,touchmove,672,287,1644875060152
42252839,touchmove,583,421,1644875060153
42252838,touchmove,670,290,1644875060161
42252839,touchmove,586,418,1644875060161
42252838,touchmove,668,293,1644875060169
42252839,touchmove,588,417,1644875060169
42252838,touchmove,667,295,1644875060178
42252839,touchmove,591,415,1644875060178
42252838,touchmove,665,298,1644875060186
42252839,touchmove,593,413,1644875060186
42252838,touchmove,665,300,1644875060194
42252839,touchmove,596,412,1644875060194
42252838,touchmove,663,303,1644875060203
42252839,touchmove,598,411,1644875060203
42252838,touchmove,663,305,1644875060211
42252839,touchmove,601,409,1644875060211
42252839,touchend,0,0,1644875060219
42252838,touchmove,663,307,1644875060219
42252838,touchmove,663,309,1644875060228
42252838,touchmove,663,311,1644875060236
42252838,touchmove,663,312,1644875060244
42252838,touchmove,663,313,1644875060253
42252838,touchend,0,0,1644875060260
42252840,touchdown,869,304,1644875060617
42252841,touchdown,691,507,1644875060637
42252840,touchmove,866,309,1644875060661
42252840,touchmove,862,312,1644875060670
42252840,touchmove,856,315,1644875060678
42252840,touchmove,850,320,1644875060686
42252841,touchmove,696,507,1644875060695
42252840,touchmove,844,325,1644875060695
42252841,touchmove,698,507,1644875060703
42252840,touchmove,838,331,1644875060703
42252841,touchmove,700,505,1644875060711
42252840,touchmove,833,336,1644875060712
42252840,touchmove,828,341,1644875060720
42252841,touchmove,702,503,1644875060720
42252841,touchmove,705,500,1644875060728
42252840,touchmove,824,345,1644875060728
42252841,touchmove,708,497,1644875060736
42252840,touchmove,822,349,1644875060736
42252841,touchmove,711,495,1644875060745
42252840,touchmove,819,352,1644875060745
42252841,touchmove,714,492,1644875060753
42252840,touchmove,817,356,1644875060753
42252841,touchmove,715,490,1644875060761
42252840,touchmove,814,359,1644875060761
42252841,touchmove,718,488,1644875060770
42252840,touchmove,813,361,1644875060770
42252841,touchmove,720,486,1644875060778
42252840,touchmove,811,364,1644875060778
42252841,touchmove,722,484,1644875060786
42252840,touchmove,809,367,1644875060786
42252841,touchmove,726,482,1644875060795
42252840,touchmove,807,369,1644875060795
42252841,touchmove,729,479,1644875060803
42252840,touchmove,806,373,1644875060803
42252841,touchmove,733,477,1644875060811
42252840,touchmove,804,375,1644875060811
42252841,touchmove,736,474,1644875060820
42252840,touchmove,803,378,1644875060820
42252841,touchmove,739,472,1644875060828
42252840,touchmove,802,379,1644875060828
42252841,touchmove,741,470,1644875060836
42252840,touchmove,802,382,1644875060836
42252841,touchmove,743,469,1644875060845
42252840,touchmove,801,383,1644875060845
42252841,touchmove,745,468,1644875060853
42252840,touchmove,801,385,1644875060853
42252841,touchmove,747,467,1644875060861
42252840,touchmove,800,387,1644875060861
42252841,touchmove,748,466,1644875060870
42252840,touchmove,799,388,1644875060870
42252841,touchmove,750,465,1644875060878
42252840,touchmove,799,390,1644875060878
42252841,touchmove,751,464,1644875060886
42252840,touchmove,798,392,1644875060886
42252841,touchmove,753,463,1644875060895
42252840,touchmove,798,393,1644875060895
42252841,touchend,0,0,1644875060903
42252840,touchmove,797,396,1644875060903
42252840,touchmove,796,398,1644875060911
42252840,touchmove,795,401,1644875060920
42252840,touchmove,794,404,1644875060928
42252840,touchmove,793,406,1644875060936
42252840,touchmove,791,409,1644875060945
42252840,touchend,0,0,1644875060952
42252842,touchdown,396,386,1644875062159
42252843,touchdown,364,458,1644875062174
42252843,touchmove,365,463,1644875062253
42252843,touchmove,363,465,1644875062262
42252842,touchmove,399,384,1644875062262
42252843,touchmove,361,467,1644875062271
42252842,touchmove,399,381,1644875062271
42252843,touchmove,359,470,1644875062279
42252842,touchmove,400,378,1644875062279
42252843,touchmove,357,472,1644875062287
42252842,touchmove,402,373,1644875062287
42252843,touchmove,356,474,1644875062296
42252842,touchmove,405,369,1644875062296
42252843,touchmove,355,476,1644875062304
42252842,touchmove,409,363,1644875062304
42252843,touchmove,354,477,1644875062312
42252842,touchmove,413,357,1644875062312
42252843,touchmove,354,478,1644875062321
42252842,touchmove,418,352,1644875062321
42252843,touchmove,353,479,1644875062329
42252842,touchmove,424,345,1644875062329
42252843,touchmove,353,480,1644875062337
42252842,touchmove,431,338,1644875062337
42252843,touchmove,352,481,1644875062345
42252842,touchmove,437,330,1644875062346
42252843,touchmove,352,482,1644875062354
42252842,touchmove,446,320,1644875062354
42252842,touchmove,457,308,1644875062362
42252843,touchmove,350,484,1644875062362
42252843,touchmove,349,486,1644875062371
42252842,touchmove,466,299,1644875062371
42252843,touchmove,347,489,1644875062379
42252842,touchmove,472,292,1644875062379
42252843,touchmove,346,491,1644875062387
42252842,touchmove,474,289,1644875062388
42252843,touchmove,345,493,1644875062396
42252842,touchmove,474,287,1644875062396
42252843,touchmove,345,495,1644875062404
42252842,touchmove,474,285,1644875062404
42252843,touchmove,345,496,1644875062412
42252842,touchmove,475,284,1644875062413
42252843,touchmove,345,498,1644875062421
42252842,touchmove,476,283,1644875062421
42252843,touchmove,345,500,1644875062438
42252843,touchmove,345,499,1644875062429
42252842,touchmove,477,281,1644875062429
42252842,touchmove,478,279,1644875062438
42252843,touchmove,345,502,1644875062446
42252842,touchmove,481,277,1644875062446
42252843,touchmove,345,503,1644875062454
42252842,touchmove,484,274,1644875062454
42252843,touchmove,346,504,1644875062462
42252842,touchmove,488,272,1644875062462
42252843,touchmove,347,505,1644875062471
42252842,touchmove,492,270,1644875062471
42252843,touchend,0,0,1644875062478
42252842,touchmove,495,269,1644875062478
42252842,touchmove,498,268,1644875062487
42252842,touchend,0,0,1644875062495
42252844,touchdown,588,454,1644875062877
42252845,touchdown,613,388,1644875062878
42252844,touchmove,587,459,1644875062971
42252845,touchmove,615,388,1644875062979
42252844,touchmove,585,460,1644875062979
42252845,touchmove,615,385,1644875062988
42252844,touchmove,582,462,1644875062988
42252845,touchmove,616,381,1644875062996
42252844,touchmove,579,464,1644875062996
42252845,touchmove,617,377,1644875063004
42252844,touchmove,576,467,1644875063004
42252845,touchmove,620,371,1644875063013
42252844,touchmove,573,469,1644875063013
42252845,touchmove,622,365,1644875063021
42252844,touchmove,569,472,1644875063021
42252845,touchmove,625,360,1644875063029
42252844,touchmove,567,474,1644875063029
42252844,touchmove,566,475,1644875063038
42252845,touchmove,628,355,1644875063037
42252845,touchmove,632,351,1644875063046
42252844,touchmove,564,477,1644875063046
42252845,touchmove,635,346,1644875063054
42252845,touchmove,639,341,1644875063062
42252844,touchmove,563,479,1644875063063
42252845,touchmove,644,335,1644875063071
42252844,touchmove,562,479,1644875063071
42252845,touchmove,649,329,1644875063079
42252844,touchmove,560,481,1644875063079
42252845,touchmove,655,322,1644875063088
42252844,touchmove,559,483,1644875063088
42252845,touchmove,660,315,1644875063096
42252844,touchmove,557,485,1644875063096
42252845,touchmove,665,309,1644875063104
42252844,touchmove,555,487,1644875063104
42252845,touchmove,669,304,1644875063113
42252844,touchmove,553,489,1644875063113
42252845,touchmove,672,300,1644875063121
42252844,touchmove,552,491,1644875063121
42252845,touchmove,674,298,1644875063129
42252844,touchmove,551,492,1644875063129
42252845,touchmove,674,296,1644875063138
42252845,touchmove,675,295,1644875063146
42252844,touchmove,551,493,1644875063146
42252844,touchmove,551,494,1644875063154
42252844,touchmove,551,495,1644875063163
42252845,touchmove,675,294,1644875063171
42252844,touchmove,551,496,1644875063171
42252844,touchmove,551,497,1644875063179
42252845,touchmove,675,293,1644875063196
42252844,touchmove,551,498,1644875063196
42252845,touchmove,676,292,1644875063204
42252844,touchend,0,0,1644875063212
42252845,touchmove,679,292,1644875063212
42252845,touchmove,682,292,1644875063221
42252845,touchmove,685,292,1644875063229
42252845,touchend,0,0,1644875063237
42252846,touchdown,816,397,1644875063602
42252847,touchdown,781,476,1644875063622
42252847,touchmove,783,480,1644875063696
42252846,touchmove,821,394,1644875063705
42252847,touchmove,781,481,1644875063705
42252846,touchmove,823,390,1644875063713
42252847,touchmove,779,482,1644875063713
42252846,touchmove,828,383,1644875063721
42252847,touchmove,776,484,1644875063722
42252846,touchmove,836,373,1644875063730
42252846,touchmove,845,362,1644875063738
42252847,touchmove,773,487,1644875063730
42252847,touchmove,769,490,1644875063738
42252846,touchmove,853,354,1644875063747
42252847,touchmove,765,492,1644875063747
42252846,touchmove,858,349,1644875063755
42252847,touchmove,762,495,1644875063755
42252846,touchmove,861,345,1644875063763
42252847,touchmove,760,497,1644875063763
42252846,touchmove,864,343,1644875063771
42252847,touchmove,759,499,1644875063771
42252846,touchmove,867,341,1644875063780
42252847,touchmove,758,500,1644875063780
42252846,touchmove,870,338,1644875063788
42252847,touchmove,757,502,1644875063788
42252846,touchmove,874,334,1644875063796
42252847,touchmove,757,503,1644875063796
42252846,touchmove,877,331,1644875063805
42252847,touchmove,756,505,1644875063805
42252846,touchmove,882,326,1644875063813
42252847,touchmove,755,507,1644875063813
42252846,touchmove,886,322,1644875063821
42252847,touchmove,755,509,1644875063821
42252847,touchmove,754,510,1644875063830
42252846,touchmove,892,317,1644875063830
42252846,touchmove,899,311,1644875063838
42252847,touchmove,752,512,1644875063838
42252846,touchmove,903,307,1644875063846
42252847,touchmove,751,514,1644875063846
42252846,touchmove,905,305,1644875063855
42252847,touchmove,750,516,1644875063855
42252846,touchmove,906,304,1644875063863
42252847,touchmove,750,517,1644875063863
42252847,touchmove,750,518,1644875063880
42252847,touchmove,750,519,1644875063888
42252846,touchmove,905,304,1644875063905
42252846,touchmove,905,303,1644875063913
42252847,touchend,0,0,1644875063921
42252846,touchmove,905,302,1644875063938
42252846,touchmove,905,301,1644875063947
42252846,touchend,0,0,1644875063954
42252848,touchdown,750,169,1644875064418
42252849,touchdown,693,272,1644875064456
42252848,touchmove,751,164,1644875064463
42252848,touchmove,751,162,1644875064472
42252848,touchmove,752,158,1644875064480
42252848,touchmove,755,153,1644875064488
42252848,touchmove,761,146,1644875064497
42252849,touchmove,674,290,1644875064505
42252848,touchmove,770,136,1644875064505
42252849,touchmove,671,294,1644875064513
42252848,touchmove,780,126,1644875064514
42252849,touchmove,667,297,1644875064522
42252848,touchmove,791,116,1644875064522
42252849,touchmove,664,299,1644875064530
42252848,touchmove,801,108,1644875064530
42252849,touchmove,661,303,1644875064539
42252848,touchmove,809,102,1644875064539
42252849,touchmove,658,305,1644875064547
42252848,touchmove,814,97,1644875064547
42252849,touchmove,655,308,1644875064555
42252848,touchmove,818,93,1644875064555
42252848,touchmove,819,91,1644875064563
42252849,touchmove,652,310,1644875064563
42252849,touchmove,651,311,1644875064572
42252848,touchmove,820,90,1644875064572
42252849,touchmove,650,312,1644875064580
42252848,touchmove,820,88,1644875064580
42252848,touchmove,820,87,1644875064597
42252848,touchmove,820,85,1644875064605
42252848,touchmove,820,83,1644875064614
42252848,touchmove,822,79,1644875064630
42252848,touchmove,821,81,1644875064622
42252849,touchmove,650,313,1644875064639
42252848,touchmove,823,78,1644875064639
42252849,touchmove,649,313,1644875064647
42252848,touchmove,824,76,1644875064647
42252849,touchmove,648,314,1644875064655
42252848,touchmove,825,74,1644875064655
42252849,touchmove,647,314,1644875064664
42252848,touchmove,826,73,1644875064664
42252849,touchmove,646,314,1644875064680
42252848,touchmove,826,72,1644875064680
42252849,touchend,0,0,1644875064688
42252848,touchend,0,0,1644875064705
42252850,touchdown,524,211,1644875065103
42252850,touchmove,521,208,1644875065138
42252850,touchmove,521,205,1644875065147
42252850,touchmove,521,202,1644875065156
42252850,touchmove,522,197,1644875065164
42252850,touchmove,526,190,1644875065172
42252851,touchdown,453,356,1644875065182
42252850,touchmove,531,180,1644875065182
42252851,touchmove,448,362,1644875065189
42252850,touchmove,538,170,1644875065189
42252851,touchmove,446,365,1644875065197
42252850,touchmove,544,162,1644875065197
42252851,touchmove,444,368,1644875065205
42252850,touchmove,550,155,1644875065205
42252850,touchmove,556,149,1644875065214
42252851,touchmove,442,371,1644875065214
42252851,touchmove,440,373,1644875065222
42252850,touchmove,562,144,1644875065222
42252851,touchmove,439,374,1644875065230
42252850,touchmove,566,140,1644875065231
42252851,touchmove,437,375,1644875065239
42252850,touchmove,568,138,1644875065239
42252851,touchmove,437,377,1644875065247
42252850,touchmove,570,135,1644875065247
42252851,touchmove,436,377,1644875065255
42252850,touchmove,572,134,1644875065256
42252851,touchmove,436,378,1644875065264
42252850,touchmove,573,132,1644875065264
42252851,touchmove,435,379,1644875065272
42252850,touchmove,575,129,1644875065272
42252850,touchmove,577,128,1644875065280
42252851,touchmove,434,380,1644875065280
42252851,touchmove,433,381,1644875065289
42252850,touchmove,578,126,1644875065289
42252851,touchmove,432,382,1644875065297
42252850,touchmove,580,124,1644875065297
42252851,touchmove,431,383,1644875065305
42252850,touchmove,581,122,1644875065305
42252851,touchmove,431,384,1644875065314
42252850,touchmove,583,120,1644875065314
42252850,touchmove,586,118,1644875065322
42252851,touchmove,431,385,1644875065331
42252850,touchmove,588,116,1644875065331
42252851,touchmove,430,385,1644875065339
42252850,touchmove,590,114,1644875065339
42252850,touchmove,591,113,1644875065355
42252850,touchmove,591,112,1644875065364
42252851,touchend,0,0,1644875065380
42252851,touchmove,429,385,1644875065372
42252850,touchmove,591,111,1644875065380
42252850,touchend,0,0,1644875065397
42252852,touchdown,363,254,1644875065837
42252853,touchdown,324,363,1644875065881
42252852,touchmove,360,250,1644875065889
42252852,touchmove,360,248,1644875065898
42252852,touchmove,360,241,1644875065914
42252852,touchmove,360,245,1644875065906
42252852,touchmove,361,234,1644875065923
42252853,touchmove,311,378,1644875065931
42252852,touchmove,366,224,1644875065931
42252853,touchmove,307,380,1644875065939
42252852,touchmove,372,213,1644875065939
42252853,touchmove,304,383,1644875065948
42252852,touchmove,380,201,1644875065948
42252853,touchmove,301,385,1644875065956
42252852,touchmove,390,189,1644875065956
42252852,touchmove,400,179,1644875065964
42252853,touchmove,297,389,1644875065972
42252853,touchmove,298,387,1644875065964
42252852,touchmove,410,170,1644875065973
42252853,touchmove,295,390,1644875065981
42252852,touchmove,419,163,1644875065981
42252853,touchmove,294,391,1644875065989
42252852,touchmove,426,158,1644875065989
42252852,touchmove,431,154,1644875065997
42252852,touchmove,435,151,1644875066006
42252852,touchmove,438,148,1644875066014
42252852,touchmove,439,147,1644875066023
42252852,touchmove,440,145,1644875066031
42252853,touchmove,295,391,1644875066039
42252852,touchmove,440,144,1644875066039
42252852,touchmove,441,143,1644875066048
42252853,touchmove,295,392,1644875066056
42252852,touchmove,442,142,1644875066056
42252852,touchmove,443,140,1644875066064
42252853,touchmove,295,393,1644875066064
42252852,touchmove,444,139,1644875066073
42252853,touchmove,296,395,1644875066081
42252852,touchmove,447,138,1644875066081
42252853,touchmove,296,396,1644875066089
42252852,touchmove,450,137,1644875066089
42252853,touchmove,297,397,1644875066098
42252852,touchmove,453,136,1644875066098
42252853,touchend,0,0,1644875066105
42252852,touchmove,456,136,1644875066105
42252852,touchend,0,0,1644875066113
42252854,touchdown,609,331,1644875066511
42252854,touchmove,610,331,1644875066631
42252855,touchdown,531,468,1644875066640
42252854,touchmove,610,327,1644875066641
42252854,touchmove,610,323,1644875066648
42252854,touchmove,610,316,1644875066656
42252855,touchmove,520,477,1644875066665
42252854,touchmove,619,298,1644875066673
42252854,touchmove,614,308,1644875066665
42252855,touchmove,516,480,1644875066673
42252855,touchmove,513,482,1644875066681
42252854,touchmove,626,289,1644875066681
42252855,touchmove,510,485,1644875066690
42252854,touchmove,643,273,1644875066698
42252854,touchmove,635,281,1644875066690
42252855,touchmove,503,490,1644875066706
42252854,touchmove,650,267,1644875066706
42252855,touchmove,501,491,1644875066715
42252855,touchmove,506,488,1644875066698
42252854,touchmove,655,263,1644875066715
42252855,touchmove,499,493,1644875066723
42252854,touchmove,658,258,1644875066723
42252854,touchmove,661,255,1644875066732
42252855,touchmove,498,493,1644875066731
42252855,touchmove,497,493,1644875066740
42252854,touchmove,672,244,1644875066756
42252854,touchmove,664,251,1644875066740
42252854,touchmove,668,247,1644875066748
42252854,touchmove,676,240,1644875066765
42252854,touchmove,680,237,1644875066773
42252855,touchmove,498,493,1644875066781
42252854,touchmove,682,234,1644875066782
42252854,touchmove,685,231,1644875066790
42252855,touchmove,498,495,1644875066790
42252854,touchmove,686,229,1644875066798
42252855,touchmove,498,496,1644875066798
42252854,touchmove,688,227,1644875066806
42252855,touchmove,498,500,1644875066815
42252854,touchmove,689,225,1644875066815
42252855,touchmove,498,501,1644875066823
42252854,touchmove,690,223,1644875066823
42252855,touchend,0,0,1644875066831
42252854,touchmove,692,220,1644875066831
42252854,touchmove,694,219,1644875066840
42252854,touchmove,697,218,1644875066848
42252854,touchend,0,0,1644875066856
42252856,touchdown,790,364,1644875067295
42252857,touchdown,738,473,1644875067407
42252856,touchmove,793,360,1644875067408
42252856,touchmove,796,353,1644875067415
42252856,touchmove,800,345,1644875067423
42252856,touchmove,806,337,1644875067432
42252856,touchmove,813,329,1644875067440
42252856,touchmove,822,322,1644875067448
42252856,touchmove,831,317,1644875067457
42252856,touchmove,837,312,1644875067465
42252856,touchmove,841,308,1644875067473
42252856,touchmove,845,304,1644875067482
42252856,touchmove,851,299,1644875067490
42252856,touchmove,857,294,1644875067499
42252856,touchmove,865,288,1644875067507
42252856,touchmove,874,281,1644875067515
42252856,touchmove,884,275,1644875067523
42252856,touchmove,894,268,1644875067532
42252856,touchmove,904,261,1644875067540
42252856,touchmove,912,256,1644875067548
42252856,touchmove,919,251,1644875067557
42252856,touchmove,922,247,1644875067565
42252856,touchmove,924,244,1644875067574
42252856,touchmove,925,242,1644875067582
42252856,touchmove,926,241,1644875067590
42252857,touchmove,740,479,1644875067590
42252856,touchmove,926,239,1644875067599
42252856,touchmove,926,238,1644875067607
42252856,touchmove,926,236,1644875067615
42252857,touchmove,741,479,1644875067615
42252856,touchmove,926,234,1644875067624
42252857,touchend,0,0,1644875067640
42252856,touchmove,926,232,1644875067632
42252856,touchmove,925,230,1644875067640
42252856,touchmove,923,228,1644875067649
42252856,touchend,0,0,1644875067657
42252858,touchdown,565,281,1644875068079
42252859,touchdown,513,386,1644875068108
42252858,touchmove,560,277,1644875068115
42252858,touchmove,560,275,1644875068124
42252858,touchmove,560,272,1644875068132
42252859,touchmove,506,387,1644875068141
42252858,touchmove,560,270,1644875068141
42252859,touchmove,504,387,1644875068149
42252858,touchmove,560,266,1644875068149
42252859,touchmove,502,387,1644875068157
42252858,touchmove,563,260,1644875068157
42252858,touchmove,567,254,1644875068166
42252859,touchmove,500,387,1644875068165
42252859,touchmove,497,388,1644875068174
42252858,touchmove,572,246,1644875068174
42252859,touchmove,494,390,1644875068182
42252858,touchmove,577,239,1644875068182
42252859,touchmove,491,391,1644875068190
42252858,touchmove,583,232,1644875068190
42252859,touchmove,488,392,1644875068199
42252858,touchmove,588,225,1644875068199
42252859,touchmove,486,394,1644875068207
42252858,touchmove,591,220,1644875068207
42252859,touchmove,482,396,1644875068215
42252858,touchmove,594,215,1644875068215
42252859,touchmove,479,398,1644875068224
42252858,touchmove,598,209,1644875068224
42252859,touchmove,476,400,1644875068232
42252858,touchmove,602,202,1644875068232
42252859,touchmove,473,402,1644875068240
42252858,touchmove,607,195,1644875068241
42252859,touchmove,471,404,1644875068249
42252859,touchmove,469,405,1644875068257
42252858,touchmove,613,188,1644875068249
42252858,touchmove,619,181,1644875068257
42252859,touchmove,468,405,1644875068265
42252858,touchmove,625,175,1644875068265
42252858,touchmove,633,168,1644875068274
42252858,touchmove,640,163,1644875068282
42252858,touchmove,647,158,1644875068291
42252858,touchmove,653,153,1644875068299
42252858,touchmove,657,149,1644875068307
42252858,touchmove,661,146,1644875068316
42252859,touchmove,469,405,1644875068324
42252858,touchmove,663,143,1644875068324
42252858,touchmove,665,141,1644875068332
42252859,touchmove,469,404,1644875068341
42252858,touchmove,666,139,1644875068341
42252859,touchmove,470,404,1644875068349
42252858,touchmove,666,138,1644875068349
42252858,touchmove,667,137,1644875068357
42252859,touchmove,471,404,1644875068365
42252858,touchmove,667,135,1644875068366
42252859,touchmove,471,403,1644875068374
42252858,touchmove,667,134,1644875068374
42252859,touchend,0,0,1644875068381
42252858,touchmove,667,133,1644875068382
42252858,touchmove,667,132,1644875068390
42252858,touchend,0,0,1644875068406
42252860,touchdown,440,165,1644875068822
42252861,touchdown,390,262,1644875068841
42252860,touchmove,440,158,1644875068841
42252860,touchmove,440,156,1644875068849
42252861,touchmove,384,263,1644875068858
42252860,touchmove,440,153,1644875068858
42252861,touchmove,381,264,1644875068866
42252860,touchmove,440,151,1644875068866
42252861,touchmove,376,266,1644875068874
42252860,touchmove,440,148,1644875068874
42252860,touchmove,440,145,1644875068883
42252860,touchmove,440,140,1644875068891
42252861,touchmove,370,270,1644875068882
42252861,touchmove,362,275,1644875068891
42252861,touchmove,354,279,1644875068899
42252860,touchmove,440,134,1644875068899
42252861,touchmove,346,285,1644875068908
42252861,touchmove,338,289,1644875068916
42252860,touchmove,440,128,1644875068908
42252860,touchmove,441,119,1644875068916
42252861,touchmove,331,293,1644875068924
42252860,touchmove,443,110,1644875068924
42252861,touchmove,325,297,1644875068932
42252860,touchmove,446,101,1644875068933
42252861,touchmove,318,302,1644875068941
42252860,touchmove,451,91,1644875068941
42252861,touchmove,313,305,1644875068949
42252860,touchmove,455,83,1644875068949
42252861,touchmove,307,308,1644875068957
42252860,touchmove,459,76,1644875068958
42252861,touchmove,303,310,1644875068966
42252860,touchmove,463,71,1644875068966
42252861,touchmove,299,312,1644875068974
42252860,touchmove,465,66,1644875068974
42252861,touchmove,295,313,1644875068983
42252860,touchmove,467,62,1644875068983
42252861,touchmove,292,314,1644875068991
42252860,touchmove,468,59,1644875068991
42252860,touchmove,469,55,1644875068999
42252861,touchmove,289,316,1644875068999
42252861,touchmove,286,317,1644875069008
42252860,touchmove,469,53,1644875069008
42252861,touchmove,284,317,1644875069016
42252860,touchmove,469,50,1644875069016
42252861,touchmove,283,317,1644875069024
42252860,touchmove,469,48,1644875069024
42252860,touchmove,469,45,1644875069033
42252860,touchmove,469,43,1644875069041
42252860,touchmove,469,41,1644875069049
42252860,touchmove,469,39,1644875069058
42252861,touchmove,283,315,1644875069066
42252860,touchmove,470,38,1644875069066
42252861,touchend,0,0,1644875069074
42252860,touchmove,470,36,1644875069074
42252860,touchend,0,0,1644875069082
