42252862,touchdown,924,547,1644875150100
42252862,touchend,0,0,1644875150153
42252863,touchdown,933,417,1644875150842
42252863,touchend,0,0,1644875150912
42252864,touchdown,924,291,1644875151659
42252864,touchend,0,0,1644875151737
42252865,touchdown,922,152,1644875152418
42252865,touchend,0,0,1644875152504
42252866,touchdown,938,36,1644875153153
42252866,touchend,0,0,1644875153238
42252867,touchdown,794,40,1644875153936
42252867,touchend,0,0,1644875154014
42252868,touchdown,794,142,1644875154704
42252868,touchend,0,0,1644875154781
42252869,touchdown,787,286,1644875155387
42252869,touchend,0,0,1644875155465
42252870,touchdown,786,428,1644875156195
42252870,touchend,0,0,1644875156273
42252871,touchdown,796,547,1644875156972
42252871,touchend,0,0,1644875157040
42252872,touchdown,658,533,1644875157738
42252872,touchend,0,0,1644875157807
42252873,touchdown,669,414,1644875158505
42252873,touchend,0,0,1644875158574
42252874,touchdown,676,306,1644875159214
42252874,touchend,0,0,1644875159300
42252875,touchdown,672,179,1644875159940
42252875,touchend,0,0,1644875159992
42252876,touchdown,671,39,1644875160674
42252876,touchend,0,0,1644875160742
42252877,touchdown,529,21,1644875161424
42252877,touchend,0,0,1644875161509
42252878,touchdown,541,171,1644875162224
42252878,touchend,0,0,1644875162302
42252879,touchdown,539,334,1644875163000
42252879,touchend,0,0,1644875163068
42252880,touchdown,530,420,1644875163733
42252880,touchend,0,0,1644875163819
42252881,touchdown,541,538,1644875164450
42252881,touchend,0,0,1644875164528
42252882,touchdown,402,532,1644875165150
42252882,touchend,0,0,1644875165220
42252883,touchdown,407,402,1644875165909
42252883,touchend,0,0,1644875165995
42252884,touchdown,406,284,1644875166660
42252884,touchend,0,0,1644875166729
42252885,touchdown,412,167,1644875167435
42252885,touchmove,413,171,1644875167512
42252885,touchend,0,0,1644875167521
42252886,touchdown,402,23,1644875168184
42252886,touchend,0,0,1644875168271
42252887,touchdown,280,13,1644875168901
42252887,touchend,0,0,1644875169013
42252888,touchdown,279,200,1644875169687
42252888,touchend,0,0,1644875169773
42252889,touchdown,299,282,1644875170438
42252889,touchend,0,0,1644875170523
42252890,touchmove,279,421,1644875171223
42252890,touchdown,279,418,1644875171162
42252890,touchmove,279,420,1644875171232
42252890,touchend,0,0,1644875171248
42252891,touchdown,266,561,1644875171962
42252891,touchend,0,0,1644875172024
42252892,touchdown,399,530,1644875172704
42252892,touchend,0,0,1644875172791
42252893,touchdown,416,424,1644875173454
42252893,touchend,0,0,1644875173541
42252894,touchdown,394,273,1644875174209
42252894,touchmove,394,275,1644875174275
42252894,touchmove,394,274,1644875174284
42252894,touchend,0,0,1644875174300
42252894,touchmove,394,273,1644875174292
42252895,touchdown,418,153,1644875174947
42252895,touchend,0,0,1644875175042
42252896,touchdown,413,46,1644875175699
42252896,touchend,0,0,1644875175776
42252897,touchdown,529,48,1644875176415
42252897,touchend,0,0,1644875176501
42252898,touchdown,547,167,1644875177165
42252898,touchend,0,0,1644875177260
42252899,touchdown,545,278,1644875177974
42252899,touchend,0,0,1644875178069
42252900,touchdown,530,434,1644875178766
42252900,touchend,0,0,1644875178819
42252901,touchdown,529,549,1644875179484
42252901,touchend,0,0,1644875179561
42252902,touchdown,658,544,1644875180227
42252902,touchend,0,0,1644875180320
42252903,touchdown,665,413,1644875180967
42252903,touchmove,665,416,1644875181020
42252903,touchmove,665,415,1644875181029
42252903,touchmove,665,414,1644875181038
42252903,touchmove,665,413,1644875181046
42252903,touchend,0,0,1644875181062
42252904,touchdown,666,284,1644875181710
42252904,touchmove,666,288,1644875181771
42252904,touchmove,666,287,1644875181780
42252904,touchmove,666,286,1644875181788
42252904,touchmove,666,285,1644875181797
42252904,touchmove,666,284,1644875181805
42252904,touchend,0,0,1644875181812
42252905,touchdown,663,172,1644875182478
42252905,touchend,0,0,1644875182563
42252906,touchdown,679,27,1644875183203
42252906,touchend,0,0,1644875183280
42252907,touchdown,799,38,1644875183943
42252907,touchend,0,0,1644875184022
42252908,touchdown,803,187,1644875184711
42252908,touchend,0,0,1644875184781
42252909,touchdown,812,302,1644875185429
42252909,touchend,0,0,1644875185498
42252910,touchdown,809,442,1644875186180
42252910,touchend,0,0,1644875186265
42252911,touchdown,773,570,1644875186930
42252911,touchend,0,0,1644875187024
42252912,touchdown,919,559,1644875187713
42252912,touchend,0,0,1644875187791
42252913,touchdown,917,435,1644875188464
42252913,touchmove,916,434,1644875188508
42252913,touchmove,916,432,1644875188517
42252913,touchmove,916,431,1644875188525
42252913,touchmove,916,430,1644875188534
42252913,touchend,0,0,1644875188541
42252914,touchdown,919,273,1644875189190
42252914,touchend,0,0,1644875189292
42252915,touchdown,924,168,1644875189923
42252915,touchend,0,0,1644875190025
42252916,touchdown,917,49,1644875190655
42252916,touchmove,916,50,1644875190701
42252916,touchmove,916,48,1644875190710
42252916,touchmove,916,47,1644875190718
42252916,touchmove,916,46,1644875190727
42252916,touchmove,915,46,1644875190735
42252916,touchend,0,0,1644875190759
42252917,touchdown,800,34,1644875191391
42252917,touchend,0,0,1644875191493
42252918,touchdown,805,166,1644875192182
42252918,touchmove,807,170,1644875192252
42252918,touchend,0,0,1644875192260
42252919,touchdown,805,316,1644875192932
42252919,touchend,0,0,1644875193002
42252920,touchdown,792,415,1644875193666
42252920,touchend,0,0,1644875193752
42252921,touchdown,792,538,1644875194449
42252921,touchend,0,0,1644875194536
42252922,touchdown,672,548,1644875195201
42252922,touchend,0,0,1644875195270
42252923,touchdown,658,429,1644875195967
42252923,touchend,0,0,1644875196029
42252924,touchdown,656,285,1644875196676
42252924,touchend,0,0,1644875196762
42252925,touchdown,670,170,1644875197451
42252925,touchmove,671,174,1644875197529
42252925,touchend,0,0,1644875197538
42252926,touchdown,670,48,1644875198169
42252926,touchend,0,0,1644875198247
42252927,touchdown,538,53,1644875198969
42252927,touchend,0,0,1644875199047
42252928,touchdown,534,187,1644875199729
42252928,touchend,0,0,1644875199781
42252929,touchdown,534,291,1644875200428
42252929,touchend,0,0,1644875200498
42252930,touchdown,550,424,1644875201187
42252930,touchend,0,0,1644875201265
42252931,touchdown,532,532,1644875201963
42252931,touchend,0,0,1644875202057
42252932,touchdown,380,538,1644875202672
42252932,touchend,0,0,1644875202757
42252933,touchdown,403,423,1644875203389
42252933,touchend,0,0,1644875203475
42252934,touchdown,398,294,1644875204146
42252934,touchend,0,0,1644875204208
42252935,touchdown,406,150,1644875204914
42252935,touchend,0,0,1644875204984
42252936,touchdown,411,33,1644875205649
42252936,touchmove,410,37,1644875205709
42252936,touchmove,410,39,1644875205718
42252936,touchmove,408,43,1644875205727
42252936,touchend,0,0,1644875205734
42252937,touchdown,280,39,1644875206366
42252937,touchend,0,0,1644875206452
42252938,touchdown,283,191,1644875207174
42252938,touchend,0,0,1644875207227
42252939,touchdown,259,270,1644875207884
42252939,touchend,0,0,1644875207952
42252940,touchdown,279,429,1644875208708
42252940,touchend,0,0,1644875208778
42252941,touchdown,279,551,1644875209476
42252941,touchend,0,0,1644875209545
42252942,touchdown,390,561,1644875210167
42252942,touchend,0,0,1644875210228
42252943,touchdown,394,413,1644875210977
42252943,touchend,0,0,1644875211046
42252944,touchdown,419,270,1644875211743
42252944,touchend,0,0,1644875211838
42252945,touchdown,412,169,1644875212469
42252945,touchend,0,0,1644875212555
42252946,touchdown,404,15,1644875213186
42252946,touchend,0,0,1644875213264
42252947,touchdown,545,39,1644875214003
42252947,touchend,0,0,1644875214072
42252948,touchdown,539,158,1644875214704
42252948,touchmove,540,163,1644875214773
42252948,touchend,0,0,1644875214781
42252949,touchdown,535,301,1644875215453
42252949,touchend,0,0,1644875215531
42252950,touchdown,523,417,1644875216204
42252950,touchend,0,0,1644875216274
42252951,touchdown,535,556,1644875216989
42252951,touchend,0,0,1644875217049
42252952,touchdown,668,551,1644875217722
42252952,touchend,0,0,1644875217774
42252953,touchdown,661,446,1644875218456
42252953,touchend,0,0,1644875218525
42252954,touchdown,669,284,1644875219197
42252954,touchend,0,0,1644875219292
42252955,touchdown,662,160,1644875219973
42252955,touchend,0,0,1644875220059
42252956,touchdown,674,46,1644875220708
42252956,touchend,0,0,1644875220809
42252957,touchdown,784,44,1644875221483
42252957,touchend,0,0,1644875221568
42252958,touchdown,790,178,1644875222234
42252958,touchend,0,0,1644875222311
42252959,touchdown,788,310,1644875223000
42252959,touchend,0,0,1644875223061
42252960,touchdown,800,427,1644875223734
42252960,touchend,0,0,1644875223803
42252961,touchdown,798,568,1644875224485
42252961,touchend,0,0,1644875224537
42252962,touchdown,915,541,1644875225269
42252962,touchend,0,0,1644875225321
42252963,touchdown,916,409,1644875225967
42252963,touchend,0,0,1644875226046
42252964,touchdown,901,290,1644875226685
42252964,touchend,0,0,1644875226779
42252965,touchdown,919,165,1644875227410
42252965,touchmove,918,164,1644875227480
42252965,touchmove,918,166,1644875227489
42252965,touchend,0,0,1644875227496
42252966,touchdown,922,80,1644875228262
42252966,touchend,0,0,1644875228305
42252967,touchdown,802,42,1644875228954
42252967,touchend,0,0,1644875229031
42252968,touchdown,817,152,1644875229686
42252968,touchmove,819,153,1644875229765
42252968,touchmove,819,154,1644875229774
42252968,touchend,0,0,1644875229781
42252969,touchdown,800,313,1644875230412
42252969,touchend,0,0,1644875230507
42252970,touchdown,796,434,1644875231188
42252970,touchend,0,0,1644875231257
42252971,touchdown,793,547,1644875231964
42252971,touchend,0,0,1644875232033
42252972,touchdown,667,563,1644875232722
42252972,touchend,0,0,1644875232766
42252973,touchdown,651,434,1644875233464
42252973,touchend,0,0,1644875233517
42252974,touchdown,665,284,1644875234198
42252974,touchend,0,0,1644875234251
42252975,touchdown,666,169,1644875234924
42252975,touchend,0,0,1644875234992
42252976,touchdown,674,33,1644875235691
42252976,touchend,0,0,1644875235776
42252977,touchdown,527,57,1644875236440
42252977,touchend,0,0,1644875236527
42252978,touchdown,533,160,1644875237224
42252978,touchend,0,0,1644875237311
42252979,touchdown,544,311,1644875237975
42252979,touchend,0,0,1644875238044
42252980,touchdown,546,449,1644875238718
42252980,touchend,0,0,1644875238795
42252981,touchdown,531,554,1644875239460
42252981,touchend,0,0,1644875239528
42252982,touchdown,413,513,1644875240209
42252982,touchend,0,0,1644875240295
42252983,touchdown,391,419,1644875240961
42252983,touchend,0,0,1644875241029
42252984,touchdown,403,291,1644875241744
42252984,touchend,0,0,1644875241805
42252985,touchdown,408,158,1644875242419
42252985,touchend,0,0,1644875242480
42252986,touchdown,423,24,1644875243161
42252986,touchend,0,0,1644875243222
42252987,touchdown,285,22,1644875243903
42252987,touchend,0,0,1644875243989
42252988,touchdown,264,176,1644875244662
42252988,touchend,0,0,1644875244740
42252989,touchdown,270,296,1644875245421
42252989,touchend,0,0,1644875245499
42252990,touchdown,286,412,1644875246180
42252990,touchend,0,0,1644875246249
42252991,touchdown,275,549,1644875246954
42252991,touchend,0,0,1644875247033
42252992,touchdown,398,551,1644875247705
42252992,touchend,0,0,1644875247783
42252993,touchdown,414,435,1644875248498
42252993,touchend,0,0,1644875248558
42252994,touchdown,400,293,1644875249216
42252994,touchend,0,0,1644875249284
42252995,touchdown,414,172,1644875249949
42252995,touchend,0,0,1644875250009
42252996,touchdown,409,38,1644875250715
42252996,touchend,0,0,1644875250776
42252997,touchdown,550,28,1644875251466
42252997,touchend,0,0,1644875251544
42252998,touchdown,545,150,1644875252191
42252998,touchmove,545,153,1644875252206
42252998,touchmove,545,155,1644875252211
42252998,touchmove,545,156,1644875252220
42252998,touchmove,544,157,1644875252277
42252998,touchend,0,0,1644875252286
42252999,touchdown,550,297,1644875253001
42252999,touchend,0,0,1644875253044
42253000,touchdown,526,420,1644875253710
42253000,touchend,0,0,1644875253795
42253001,touchdown,517,538,1644875254459
42253001,touchend,0,0,1644875254529
42253002,touchdown,652,534,1644875255211
42253002,touchend,0,0,1644875255288
42253003,touchdown,654,423,1644875255953
42253003,touchend,0,0,1644875256054
42253004,touchdown,668,298,1644875256728
42253004,touchend,0,0,1644875256805
42253005,touchdown,671,157,1644875257476
42253005,touchend,0,0,1644875257547
42253006,touchdown,662,37,1644875258245
42253006,touchend,0,0,1644875258314
42253007,touchdown,779,34,1644875258978
42253007,touchend,0,0,1644875259064
42253008,touchdown,793,166,1644875259736
42253008,touchend,0,0,1644875259823
42253009,touchdown,794,289,1644875260505
42253009,touchend,0,0,1644875260591
42253010,touchdown,803,437,1644875261222
42253010,touchend,0,0,1644875261291
42253011,touchdown,805,558,1644875261964
42253011,touchend,0,0,1644875262016
42253012,touchdown,895,542,1644875262713
42253012,touchend,0,0,1644875262758
42253013,touchdown,915,431,1644875263456
42253013,touchend,0,0,1644875263509
42253014,touchdown,921,297,1644875264231
42253014,touchend,0,0,1644875264284
42253015,touchdown,919,162,1644875264973
42253015,touchend,0,0,1644875265051
42253016,touchdown,922,35,1644875265716
42253016,touchmove,919,35,1644875265768
42253016,touchmove,917,35,1644875265777
42253016,touchmove,916,35,1644875265786
42253016,touchmove,915,35,1644875265794
42253016,touchend,0,0,1644875265801
42253017,touchdown,787,24,1644875266449
42253017,touchend,0,0,1644875266543
42253018,touchmove,809,173,1644875267286
42253018,touchdown,809,168,1644875267233
42253018,touchend,0,0,1644875267294
42253019,touchdown,784,314,1644875267918
42253019,touchend,0,0,1644875267969
