42264283,touchdown,933,563,1645226889024
42264283,touchmove,936,557,1645226889039
42264283,touchmove,939,555,1645226889048
42264283,touchmove,943,554,1645226889056
42264283,touchend,0,0,1645226889059
42264284,touchdown,821,557,1645226889390
42264284,touchmove,820,553,1645226889400
42264284,touchmove,820,550,1645226889408
42264284,touchmove,820,549,1645226889415
42264284,touchend,0,0,1645226889427
42264285,touchdown,659,535,1645226889782
42264285,touchmove,657,533,1645226889794
42264285,touchmove,657,529,1645226889801
42264285,touchmove,657,528,1645226889808
42264285,touchmove,657,527,1645226889825
42264285,touchmove,657,526,1645226889833
42264285,touchend,0,0,1645226889836
42264286,touchdown,507,552,1645226890231
42264286,touchend,0,0,1645226890287
42264287,touchdown,407,549,1645226890694
42264287,touchend,0,0,1645226890755
42264288,touchdown,269,544,1645226891195
42264288,touchend,0,0,1645226891248
42264289,touchdown,255,423,1645226891662
42264289,touchend,0,0,1645226891732
42264290,touchdown,403,415,1645226892147
42264290,touchend,0,0,1645226892201
42264291,touchdown,528,415,1645226892631
42264291,touchend,0,0,1645226892693
42264292,touchdown,670,411,1645226893157
42264292,touchend,0,0,1645226893211
42264293,touchdown,794,418,1645226893641
42264293,touchend,0,0,1645226893703
42264294,touchdown,916,425,1645226894117
42264294,touchend,0,0,1645226894180
42264295,touchdown,927,298,1645226894602
42264295,touchend,0,0,1645226894647
42264296,touchdown,791,285,1645226895120
42264296,touchend,0,0,1645226895173
42264297,touchdown,662,281,1645226895604
42264297,touchend,0,0,1645226895657
42264298,touchdown,536,284,1645226896071
42264298,touchend,0,0,1645226896133
42264299,touchdown,406,280,1645226896580
42264299,touchend,0,0,1645226896634
42264300,touchdown,273,291,1645226897039
42264300,touchend,0,0,1645226897101
42264301,touchdown,264,169,1645226897557
42264301,touchend,0,0,1645226897577
42264302,touchdown,409,167,1645226897941
42264302,touchend,0,0,1645226897994
42264303,touchdown,544,163,1645226898408
42264303,touchend,0,0,1645226898446
42264304,touchdown,662,164,1645226898834
42264304,touchend,0,0,1645226898888
42264305,touchdown,798,164,1645226899302
42264305,touchend,0,0,1645226899355
42264306,touchdown,920,174,1645226899769
42264306,touchend,0,0,1645226899831
42264307,touchdown,922,48,1645226900228
42264307,touchend,0,0,1645226900282
42264308,touchdown,788,32,1645226900704
42264308,touchend,0,0,1645226900757
42264309,touchdown,664,35,1645226901171
42264309,touchend,0,0,1645226901250
42264310,touchdown,529,35,1645226901664
42264310,touchend,0,0,1645226901725
42264311,touchdown,400,34,1645226902189
42264311,touchend,0,0,1645226902234
42264312,touchdown,274,35,1645226902698
42264312,touchend,0,0,1645226902744
42264313,touchdown,259,170,1645226903183
42264313,touchend,0,0,1645226903244
42264313,touchmove,262,168,1645226903236
42264314,touchdown,416,162,1645226903641
42264314,touchend,0,0,1645226903695
42264315,touchdown,529,154,1645226904100
42264315,touchmove,529,159,1645226904111
42264315,touchmove,529,161,1645226904118
42264315,touchmove,529,162,1645226904125
42264315,touchend,0,0,1645226904153
42264316,touchdown,662,161,1645226904609
42264316,touchend,0,0,1645226904663
42264317,touchdown,799,161,1645226905027
42264317,touchend,0,0,1645226905097
42264318,touchdown,920,156,1645226905485
42264318,touchend,0,0,1645226905539
42264319,touchdown,921,271,1645226905869
42264319,touchend,0,0,1645226905948
42264320,touchdown,799,297,1645226906328
42264320,touchend,0,0,1645226906390
42264321,touchdown,660,302,1645226906803
42264321,touchend,0,0,1645226906866
42264322,touchdown,529,298,1645226907279
42264322,touchend,0,0,1645226907324
42264323,touchend,0,0,1645226907791
42264323,touchdown,393,287,1645226907730
42264324,touchdown,279,290,1645226908222
42264324,touchend,0,0,1645226908275
42264325,touchdown,266,412,1645226908673
42264325,touchend,0,0,1645226908734
42264326,touchend,0,0,1645226909251
42264326,touchdown,402,435,1645226909190
42264327,touchdown,528,428,1645226909716
42264327,touchend,0,0,1645226909752
42264328,touchdown,671,425,1645226910174
42264328,touchend,0,0,1645226910227
42264329,touchdown,788,430,1645226910675
42264329,touchend,0,0,1645226910720
42264330,touchdown,906,429,1645226911157
42264330,touchend,0,0,1645226911196
42264331,touchdown,924,542,1645226911592
42264331,touchend,0,0,1645226911654
42264332,touchdown,786,559,1645226912101
42264332,touchend,0,0,1645226912163
42264333,touchdown,664,557,1645226912618
42264333,touchend,0,0,1645226912689
42264334,touchdown,516,545,1645226913127
42264334,touchend,0,0,1645226913197
42264335,touchdown,398,543,1645226913653
42264335,touchend,0,0,1645226913723
42264336,touchdown,266,545,1645226914128
42264336,touchend,0,0,1645226914190
42264337,touchdown,266,406,1645226914653
42264337,touchend,0,0,1645226914715
42264338,touchdown,405,412,1645226915155
42264338,touchend,0,0,1645226915191
42264339,touchdown,529,418,1645226915589
42264339,touchend,0,0,1645226915658
42264340,touchdown,654,429,1645226916079
42264340,touchend,0,0,1645226916133
42264341,touchdown,794,426,1645226916464
42264341,touchend,0,0,1645226916517
42264342,touchdown,922,427,1645226916873
42264342,touchend,0,0,1645226916942
42264343,touchdown,918,297,1645226917306
42264343,touchend,0,0,1645226917376
42264344,touchdown,797,297,1645226917748
42264344,touchend,0,0,1645226917818
42264345,touchdown,651,282,1645226918274
42264345,touchend,0,0,1645226918327
42264346,touchdown,531,289,1645226918749
42264346,touchend,0,0,1645226918811
42264347,touchdown,402,298,1645226919290
42264347,touchend,0,0,1645226919344
42264348,touchdown,278,290,1645226919766
42264348,touchend,0,0,1645226919820
42264349,touchdown,276,160,1645226920275
42264349,touchend,0,0,1645226920337
42264350,touchdown,406,163,1645226920751
42264350,touchend,0,0,1645226920804
42264351,touchdown,548,154,1645226921243
42264351,touchend,0,0,1645226921296
42264352,touchdown,661,158,1645226921743
42264352,touchend,0,0,1645226921788
42264353,touchdown,795,152,1645226922143
42264353,touchmove,797,158,1645226922205
42264353,touchmove,799,159,1645226922219
42264353,touchend,0,0,1645226922222
42264354,touchdown,931,169,1645226922678
42264354,touchend,0,0,1645226922731
42264355,touchdown,917,46,1645226923170
42264355,touchend,0,0,1645226923223
42264356,touchdown,792,39,1645226923687
42264356,touchend,0,0,1645226923757
42264357,touchdown,668,31,1645226924153
42264357,touchend,0,0,1645226924232
42264358,touchdown,518,32,1645226924645
42264358,touchend,0,0,1645226924716
42264359,touchdown,397,30,1645226925146
42264359,touchend,0,0,1645226925199
42264360,touchdown,281,34,1645226925696
42264360,touchend,0,0,1645226925733
42264361,touchdown,269,165,1645226926197
42264361,touchend,0,0,1645226926250
42264362,touchdown,401,159,1645226926664
42264362,touchend,0,0,1645226926725
42264363,touchdown,542,162,1645226927098
42264363,touchend,0,0,1645226927159
42264364,touchdown,665,159,1645226927540
42264364,touchend,0,0,1645226927593
42264365,touchdown,797,161,1645226927932
42264365,touchend,0,0,1645226927976
42264366,touchdown,914,160,1645226928348
42264366,touchend,0,0,1645226928402
42264367,touchdown,930,293,1645226928774
42264367,touchend,0,0,1645226928852
42264368,touchdown,784,301,1645226929232
42264368,touchend,0,0,1645226929319
42264369,touchdown,653,294,1645226929758
42264369,touchend,0,0,1645226929819
42264370,touchdown,530,287,1645226930225
42264370,touchend,0,0,1645226930278
42264371,touchdown,401,293,1645226930742
42264371,touchend,0,0,1645226930803
42264372,touchdown,272,282,1645226931217
42264372,touchend,0,0,1645226931279
42264373,touchdown,252,430,1645226931633
42264373,touchend,0,0,1645226931696
42264374,touchdown,388,424,1645226932151
42264374,touchend,0,0,1645226932213
42264375,touchdown,539,429,1645226932651
42264375,touchend,0,0,1645226932696
42264376,touchdown,664,430,1645226933177
42264376,touchend,0,0,1645226933238
42264377,touchdown,791,425,1645226933644
42264377,touchend,0,0,1645226933705
42264378,touchdown,927,424,1645226934144
42264378,touchend,0,0,1645226934206
42264379,touchdown,919,542,1645226934553
42264379,touchend,0,0,1645226934623
42264380,touchdown,784,556,1645226934953
42264380,touchend,0,0,1645226935015
42264381,touchdown,649,557,1645226935454
42264381,touchend,0,0,1645226935515
42264382,touchdown,530,549,1645226935878
42264382,touchend,0,0,1645226935940
42264383,touchdown,398,554,1645226936328
42264383,touchend,0,0,1645226936399
42264384,touchdown,260,557,1645226936813
42264384,touchend,0,0,1645226936866
42264385,touchdown,274,430,1645226937271
42264385,touchend,0,0,1645226937333
42264386,touchdown,400,417,1645226937763
42264386,touchend,0,0,1645226937816
42264387,touchdown,525,422,1645226938239
42264387,touchend,0,0,1645226938309
42264388,touchdown,663,419,1645226938689
42264388,touchend,0,0,1645226938768
42264389,touchdown,791,419,1645226939197
42264389,touchend,0,0,1645226939259
42264390,touchdown,922,435,1645226939689
42264390,touchend,0,0,1645226939743
42264391,touchdown,927,289,1645226940174
42264391,touchend,0,0,1645226940234
42264392,touchdown,789,288,1645226940631
42264392,touchend,0,0,1645226940693
42264393,touchdown,648,294,1645226941107
42264393,touchend,0,0,1645226941169
42264394,touchdown,519,293,1645226941599
42264394,touchend,0,0,1645226941661
42264395,touchdown,397,292,1645226941999
42264395,touchend,0,0,1645226942069
42264396,touchdown,277,291,1645226942483
42264396,touchend,0,0,1645226942545
42264397,touchdown,264,151,1645226942917
42264397,touchmove,264,155,1645226942954
42264397,touchend,0,0,1645226942970
42264398,touchdown,404,158,1645226943341
42264398,touchmove,406,157,1645226943395
42264398,touchend,0,0,1645226943403
42264399,touchdown,540,165,1645226943809
42264399,touchmove,541,165,1645226943862
42264399,touchend,0,0,1645226943871
42264400,touchdown,664,167,1645226944268
42264400,touchend,0,0,1645226944329
42264401,touchdown,783,163,1645226944701
42264401,touchmove,783,167,1645226944712
42264401,touchmove,783,168,1645226944719
42264401,touchmove,784,168,1645226944754
42264401,touchmove,786,168,1645226944768
42264401,touchend,0,0,1645226944771
42264402,touchdown,922,167,1645226945226
42264402,touchend,0,0,1645226945296
42264403,touchdown,932,35,1645226945718
42264403,touchend,0,0,1645226945780
42264404,touchdown,774,34,1645226946210
42264404,touchend,0,0,1645226946272
42264405,touchdown,658,34,1645226946727
42264405,touchend,0,0,1645226946772
42264406,touchdown,531,32,1645226947211
42264406,touchend,0,0,1645226947264
42264407,touchdown,403,25,1645226947720
42264407,touchend,0,0,1645226947773
42264408,touchdown,275,18,1645226948236
42264408,touchend,0,0,1645226948281
42264409,touchdown,275,158,1645226948745
42264409,touchend,0,0,1645226948790
42264410,touchdown,416,159,1645226949212
42264410,touchend,0,0,1645226949265
42264411,touchdown,525,167,1645226949704
42264411,touchend,0,0,1645226949749
42264412,touchdown,662,159,1645226950188
42264412,touchmove,664,160,1645226950241
42264412,touchend,0,0,1645226950249
42264413,touchdown,794,164,1645226950688
42264413,touchend,0,0,1645226950741
42264414,touchdown,934,165,1645226951205
42264414,touchend,0,0,1645226951250
42264415,touchdown,948,292,1645226951714
42264415,touchend,0,0,1645226951775
42264416,touchdown,805,295,1645226952165
42264416,touchend,0,0,1645226952234
42264417,touchdown,666,289,1645226952722
42264417,touchend,0,0,1645226952768
42264418,touchdown,536,285,1645226953223
42264418,touchend,0,0,1645226953268
42264419,touchdown,408,282,1645226953698
42264419,touchend,0,0,1645226953752
42264420,touchdown,275,274,1645226954197
42264420,touchend,0,0,1645226954260
42264421,touchdown,254,416,1645226954624
42264421,touchend,0,0,1645226954677
42264422,touchdown,384,402,1645226955064
42264422,touchend,0,0,1645226955127
42264423,touchdown,526,411,1645226955499
42264423,touchend,0,0,1645226955561
42264424,touchdown,660,427,1645226955916
42264424,touchend,0,0,1645226955986
42264425,touchdown,804,431,1645226956391
42264425,touchend,0,0,1645226956453
42264426,touchdown,936,425,1645226956849
42264426,touchend,0,0,1645226956903
