42264427,touchdown,258,39,1645227095280
42264427,touchmove,264,36,1645227095317
42264427,touchmove,268,36,1645227095330
42264427,touchmove,279,36,1645227095347
42264427,touchmove,273,36,1645227095339
42264427,touchmove,287,35,1645227095355
42264427,touchmove,295,35,1645227095364
42264427,touchmove,302,35,1645227095372
42264427,touchmove,311,35,1645227095380
42264427,touchmove,318,35,1645227095389
42264427,touchmove,326,35,1645227095397
42264427,touchmove,336,35,1645227095405
42264427,touchmove,345,36,1645227095414
42264427,touchmove,355,36,1645227095422
42264427,touchmove,366,37,1645227095430
42264427,touchmove,378,37,1645227095439
42264427,touchmove,390,37,1645227095447
42264427,touchmove,404,37,1645227095455
42264427,touchmove,416,37,1645227095464
42264427,touchmove,429,37,1645227095472
42264427,touchmove,441,37,1645227095480
42264427,touchmove,454,37,1645227095489
42264427,touchmove,466,36,1645227095497
42264427,touchmove,478,36,1645227095505
42264427,touchmove,490,35,1645227095513
42264427,touchmove,501,35,1645227095522
42264427,touchmove,513,34,1645227095530
42264427,touchmove,522,34,1645227095539
42264427,touchmove,530,34,1645227095547
42264427,touchmove,536,34,1645227095555
42264427,touchmove,541,34,1645227095564
42264427,touchmove,545,34,1645227095572
42264427,touchend,0,0,1645227095575
42264428,touchdown,266,155,1645227095947
42264428,touchmove,276,154,1645227095981
42264428,touchmove,272,154,1645227095967
42264428,touchmove,279,154,1645227095989
42264428,touchmove,284,154,1645227095997
42264428,touchmove,290,154,1645227096006
42264428,touchmove,296,154,1645227096014
42264428,touchmove,304,154,1645227096022
42264428,touchmove,328,154,1645227096047
42264428,touchmove,311,154,1645227096030
42264428,touchmove,319,154,1645227096039
42264428,touchmove,336,153,1645227096056
42264428,touchmove,345,153,1645227096064
42264428,touchmove,354,153,1645227096072
42264428,touchmove,364,153,1645227096081
42264428,touchmove,374,153,1645227096089
42264428,touchmove,386,152,1645227096097
42264428,touchmove,397,152,1645227096105
42264428,touchmove,407,152,1645227096114
42264428,touchmove,420,152,1645227096122
42264428,touchmove,432,152,1645227096131
42264428,touchmove,445,152,1645227096139
42264428,touchmove,458,152,1645227096147
42264428,touchmove,471,152,1645227096156
42264428,touchmove,485,152,1645227096164
42264428,touchmove,498,152,1645227096172
42264428,touchmove,512,152,1645227096180
42264428,touchmove,526,152,1645227096189
42264428,touchmove,538,152,1645227096197
42264428,touchmove,550,152,1645227096206
42264428,touchmove,563,152,1645227096214
42264428,touchmove,574,152,1645227096222
42264428,touchmove,585,152,1645227096231
42264428,touchmove,595,153,1645227096239
42264428,touchmove,605,153,1645227096247
42264428,touchmove,614,153,1645227096256
42264428,touchmove,623,153,1645227096264
42264428,touchmove,631,153,1645227096272
42264428,touchmove,639,153,1645227096281
42264428,touchmove,647,153,1645227096290
42264428,touchmove,653,153,1645227096298
42264428,touchmove,660,153,1645227096306
42264428,touchmove,666,153,1645227096314
42264428,touchmove,671,154,1645227096322
42264428,touchmove,675,155,1645227096331
42264428,touchend,0,0,1645227096334
42264429,touchdown,267,278,1645227096648
42264429,touchmove,271,280,1645227096676
42264429,touchmove,274,280,1645227096689
42264429,touchmove,279,280,1645227096698
42264429,touchmove,284,280,1645227096706
42264429,touchmove,290,280,1645227096714
42264429,touchmove,296,280,1645227096723
42264429,touchmove,303,280,1645227096731
42264429,touchmove,311,280,1645227096739
42264429,touchmove,319,280,1645227096748
42264429,touchmove,328,279,1645227096756
42264429,touchmove,338,279,1645227096764
42264429,touchmove,348,278,1645227096773
42264429,touchmove,360,278,1645227096781
42264429,touchmove,371,277,1645227096789
42264429,touchmove,382,276,1645227096798
42264429,touchmove,394,275,1645227096806
42264429,touchmove,404,274,1645227096814
42264429,touchmove,415,274,1645227096823
42264429,touchmove,427,273,1645227096831
42264429,touchmove,437,273,1645227096839
42264429,touchmove,449,272,1645227096848
42264429,touchmove,460,272,1645227096856
42264429,touchmove,472,271,1645227096864
42264429,touchmove,483,271,1645227096873
42264429,touchmove,494,270,1645227096881
42264429,touchmove,504,270,1645227096889
42264429,touchmove,514,270,1645227096898
42264429,touchmove,525,269,1645227096906
42264429,touchmove,534,269,1645227096914
42264429,touchmove,543,268,1645227096923
42264429,touchmove,553,268,1645227096931
42264429,touchmove,562,267,1645227096940
42264429,touchmove,570,267,1645227096948
42264429,touchmove,577,267,1645227096956
42264429,touchmove,584,267,1645227096964
42264429,touchmove,590,267,1645227096973
42264429,touchmove,595,267,1645227096981
42264429,touchmove,598,267,1645227096990
42264429,touchmove,600,268,1645227096998
42264429,touchmove,602,269,1645227097006
42264429,touchend,0,0,1645227097009
42264430,touchdown,740,302,1645227097490
42264430,touchmove,745,303,1645227097501
42264430,touchmove,758,302,1645227097515
42264430,touchmove,751,303,1645227097508
42264430,touchmove,766,301,1645227097523
42264430,touchmove,774,300,1645227097531
42264430,touchmove,781,299,1645227097539
42264430,touchmove,788,299,1645227097548
42264430,touchmove,795,298,1645227097556
42264430,touchmove,803,298,1645227097565
42264430,touchmove,812,298,1645227097573
42264430,touchmove,820,298,1645227097581
42264430,touchmove,827,298,1645227097590
42264430,touchmove,835,298,1645227097598
42264430,touchmove,842,298,1645227097606
42264430,touchmove,849,298,1645227097615
42264430,touchmove,856,297,1645227097623
42264430,touchmove,862,297,1645227097631
42264430,touchmove,868,297,1645227097640
42264430,touchmove,874,297,1645227097648
42264430,touchmove,880,297,1645227097657
42264430,touchmove,886,297,1645227097665
42264430,touchmove,892,297,1645227097673
42264430,touchmove,898,297,1645227097682
42264430,touchmove,903,297,1645227097690
42264430,touchmove,908,297,1645227097698
42264430,touchmove,912,297,1645227097707
42264430,touchmove,916,297,1645227097715
42264430,touchmove,920,298,1645227097723
42264430,touchmove,922,298,1645227097732
42264430,touchmove,924,299,1645227097740
42264430,touchmove,925,300,1645227097748
42264430,touchmove,926,301,1645227097757
42264430,touchmove,926,303,1645227097765
42264430,touchend,0,0,1645227097768
42264431,touchdown,330,450,1645227098207
42264431,touchmove,333,446,1645227098244
42264431,touchmove,337,446,1645227098257
42264431,touchmove,343,445,1645227098265
42264431,touchmove,350,444,1645227098274
42264431,touchmove,357,443,1645227098282
42264431,touchmove,366,441,1645227098290
42264431,touchmove,374,441,1645227098298
42264431,touchmove,383,440,1645227098307
42264431,touchmove,391,439,1645227098315
42264431,touchmove,399,437,1645227098324
42264431,touchmove,407,437,1645227098332
42264431,touchmove,417,436,1645227098340
42264431,touchmove,426,435,1645227098349
42264431,touchmove,435,434,1645227098357
42264431,touchmove,445,434,1645227098365
42264431,touchmove,453,432,1645227098374
42264431,touchmove,462,432,1645227098382
42264431,touchmove,472,431,1645227098390
42264431,touchmove,479,431,1645227098399
42264431,touchmove,488,430,1645227098407
42264431,touchmove,496,430,1645227098415
42264431,touchmove,502,430,1645227098424
42264431,touchmove,509,429,1645227098432
42264431,touchmove,521,429,1645227098449
42264431,touchmove,515,429,1645227098440
42264431,touchmove,526,429,1645227098457
42264431,touchmove,530,429,1645227098465
42264431,touchmove,535,428,1645227098474
42264431,touchmove,540,428,1645227098482
42264431,touchmove,543,428,1645227098490
42264431,touchmove,546,428,1645227098499
42264431,touchend,0,0,1645227098503
42264432,touchdown,695,437,1645227098840
42264432,touchmove,703,434,1645227098857
42264432,touchmove,713,432,1645227098874
42264432,touchmove,708,434,1645227098865
42264432,touchmove,725,430,1645227098891
42264432,touchmove,719,431,1645227098882
42264432,touchmove,731,429,1645227098899
42264432,touchmove,738,428,1645227098907
42264432,touchmove,744,427,1645227098916
42264432,touchmove,751,427,1645227098924
42264432,touchmove,758,426,1645227098932
42264432,touchmove,764,426,1645227098941
42264432,touchmove,771,425,1645227098949
42264432,touchmove,778,425,1645227098957
42264432,touchmove,791,424,1645227098974
42264432,touchmove,784,425,1645227098966
42264432,touchmove,798,424,1645227098982
42264432,touchmove,805,423,1645227098991
42264432,touchmove,813,423,1645227098999
42264432,touchmove,821,423,1645227099007
42264432,touchmove,828,423,1645227099016
42264432,touchmove,836,422,1645227099024
42264432,touchmove,843,422,1645227099032
42264432,touchmove,850,422,1645227099041
42264432,touchmove,856,422,1645227099049
42264432,touchmove,863,422,1645227099057
42264432,touchmove,874,422,1645227099074
42264432,touchmove,879,422,1645227099082
42264432,touchmove,868,422,1645227099066
42264432,touchmove,884,422,1645227099091
42264432,touchmove,890,422,1645227099099
42264432,touchmove,894,422,1645227099107
42264432,touchmove,900,422,1645227099116
42264432,touchmove,905,422,1645227099124
42264432,touchmove,917,425,1645227099149
42264432,touchmove,908,422,1645227099132
42264432,touchmove,913,423,1645227099141
42264432,touchmove,920,426,1645227099157
42264432,touchmove,922,427,1645227099166
42264432,touchmove,924,428,1645227099174
42264432,touchend,0,0,1645227099177
42264433,touchdown,341,551,1645227099632
42264433,touchmove,347,547,1645227099652
42264433,touchmove,351,547,1645227099666
42264433,touchmove,355,547,1645227099675
42264433,touchmove,360,547,1645227099683
42264433,touchmove,365,547,1645227099691
42264433,touchmove,371,546,1645227099699
42264433,touchmove,377,546,1645227099708
42264433,touchmove,383,546,1645227099716
42264433,touchmove,389,546,1645227099724
42264433,touchmove,395,546,1645227099733
42264433,touchmove,401,546,1645227099741
42264433,touchmove,407,547,1645227099749
42264433,touchmove,414,547,1645227099758
42264433,touchmove,421,548,1645227099766
42264433,touchmove,428,549,1645227099774
42264433,touchmove,436,549,1645227099783
42264433,touchmove,444,550,1645227099791
42264433,touchmove,451,550,1645227099799
42264433,touchmove,460,550,1645227099808
42264433,touchmove,469,551,1645227099816
42264433,touchmove,478,551,1645227099825
42264433,touchmove,486,551,1645227099833
42264433,touchmove,496,551,1645227099841
42264433,touchmove,505,551,1645227099850
42264433,touchmove,513,551,1645227099858
42264433,touchmove,521,551,1645227099866
42264433,touchmove,529,551,1645227099874
42264433,touchmove,536,551,1645227099883
42264433,touchmove,544,551,1645227099891
42264433,touchmove,552,551,1645227099899
42264433,touchmove,559,551,1645227099908
42264433,touchmove,567,551,1645227099916
42264433,touchmove,573,551,1645227099925
42264433,touchmove,585,551,1645227099941
42264433,touchmove,579,551,1645227099933
42264433,touchmove,590,551,1645227099949
42264433,touchmove,595,551,1645227099958
42264433,touchend,0,0,1645227099961
42264434,touchdown,686,553,1645227100316
42264434,touchmove,695,550,1645227100345
42264434,touchmove,698,550,1645227100358
42264434,touchmove,701,550,1645227100366
42264434,touchmove,704,550,1645227100375
42264434,touchmove,708,550,1645227100383
42264434,touchmove,712,550,1645227100391
42264434,touchmove,715,550,1645227100400
42264434,touchmove,720,550,1645227100408
42264434,touchmove,724,550,1645227100416
42264434,touchmove,729,550,1645227100425
42264434,touchmove,734,550,1645227100433
42264434,touchmove,738,550,1645227100441
42264434,touchmove,743,550,1645227100450
42264434,touchmove,748,550,1645227100458
42264434,touchmove,753,550,1645227100466
42264434,touchmove,759,550,1645227100475
42264434,touchmove,764,550,1645227100484
42264434,touchmove,769,550,1645227100491
42264434,touchmove,775,550,1645227100500
42264434,touchmove,781,550,1645227100508
42264434,touchmove,787,550,1645227100516
42264434,touchmove,793,550,1645227100525
42264434,touchmove,799,550,1645227100533
42264434,touchmove,805,550,1645227100542
42264434,touchmove,811,550,1645227100550
42264434,touchmove,818,550,1645227100558
42264434,touchmove,824,550,1645227100567
42264434,touchmove,831,550,1645227100575
42264434,touchmove,839,550,1645227100583
42264434,touchmove,846,550,1645227100592
42264434,touchmove,853,550,1645227100600
42264434,touchmove,861,550,1645227100608
42264434,touchmove,868,550,1645227100617
42264434,touchmove,874,550,1645227100625
42264434,touchmove,882,550,1645227100633
42264434,touchmove,888,550,1645227100642
42264434,touchmove,894,550,1645227100650
42264434,touchmove,901,550,1645227100658
42264434,touchmove,907,550,1645227100667
42264434,touchmove,912,550,1645227100675
42264434,touchmove,918,550,1645227100684
42264434,touchmove,922,550,1645227100692
42264434,touchmove,927,549,1645227100700
42264434,touchmove,931,549,1645227100708
42264434,touchmove,935,548,1645227100716
42264434,touchmove,938,547,1645227100725
42264434,touchmove,941,546,1645227100733
42264434,touchmove,942,544,1645227100742
42264434,touchend,0,0,1645227100745
42264435,touchdown,583,296,1645227101176
42264435,touchmove,590,293,1645227101195
42264435,touchmove,594,293,1645227101208
42264435,touchmove,598,292,1645227101217
42264435,touchmove,603,292,1645227101225
42264435,touchmove,608,292,1645227101233
42264435,touchmove,613,292,1645227101242
42264435,touchmove,619,292,1645227101250
42264435,touchmove,624,292,1645227101258
42264435,touchmove,631,292,1645227101267
42264435,touchmove,644,294,1645227101284
42264435,touchmove,637,293,1645227101275
42264435,touchmove,650,294,1645227101292
42264435,touchmove,657,295,1645227101300
42264435,touchmove,664,295,1645227101309
42264435,touchmove,671,296,1645227101317
42264435,touchmove,678,297,1645227101325
42264435,touchmove,694,297,1645227101342
42264435,touchmove,685,297,1645227101334
42264435,touchmove,701,298,1645227101350
42264435,touchmove,709,298,1645227101358
42264435,touchmove,717,298,1645227101367
42264435,touchmove,725,298,1645227101375
42264435,touchmove,734,298,1645227101383
42264435,touchmove,743,298,1645227101392
42264435,touchmove,751,298,1645227101400
42264435,touchmove,759,298,1645227101409
42264435,touchmove,767,298,1645227101417
42264435,touchmove,774,298,1645227101425
42264435,touchmove,781,298,1645227101434
42264435,touchmove,788,298,1645227101442
42264435,touchmove,794,298,1645227101450
42264435,touchmove,799,297,1645227101459
42264435,touchmove,805,297,1645227101467
42264435,touchmove,813,296,1645227101484
42264435,touchmove,809,297,1645227101475
42264435,touchmove,817,296,1645227101492
42264435,touchmove,820,295,1645227101500
42264435,touchmove,822,294,1645227101509
42264435,touchmove,823,293,1645227101517
42264435,touchmove,824,292,1645227101525
42264435,touchmove,824,291,1645227101534
42264435,touchmove,823,289,1645227101542
42264435,touchend,0,0,1645227101546
42264436,touchdown,499,176,1645227101934
42264436,touchmove,504,175,1645227101951
42264436,touchmove,509,175,1645227101959
42264436,touchmove,514,175,1645227101967
42264436,touchmove,519,175,1645227101975
42264436,touchmove,525,175,1645227101984
42264436,touchmove,538,175,1645227102001
42264436,touchmove,531,175,1645227101992
42264436,touchmove,545,175,1645227102009
42264436,touchmove,552,176,1645227102017
42264436,touchmove,560,176,1645227102026
42264436,touchmove,569,176,1645227102034
42264436,touchmove,577,176,1645227102042
42264436,touchmove,586,177,1645227102051
42264436,touchmove,595,177,1645227102059
42264436,touchmove,604,177,1645227102067
42264436,touchmove,614,177,1645227102076
42264436,touchmove,624,177,1645227102084
42264436,touchmove,633,177,1645227102092
42264436,touchmove,642,177,1645227102101
42264436,touchmove,652,177,1645227102109
42264436,touchmove,660,176,1645227102117
42264436,touchmove,669,176,1645227102126
42264436,touchmove,679,176,1645227102134
42264436,touchmove,688,175,1645227102143
42264436,touchmove,697,175,1645227102151
42264436,touchmove,707,174,1645227102159
42264436,touchmove,714,174,1645227102167
42264436,touchmove,722,174,1645227102176
42264436,touchmove,730,173,1645227102184
42264436,touchmove,737,173,1645227102192
42264436,touchmove,743,173,1645227102201
42264436,touchmove,749,173,1645227102209
42264436,touchmove,754,173,1645227102217
42264436,touchmove,759,173,1645227102226
42264436,touchmove,762,173,1645227102234
42264436,touchmove,765,173,1645227102243
42264436,touchmove,768,173,1645227102251
42264436,touchmove,771,173,1645227102259
42264436,touchmove,773,173,1645227102268
42264436,touchmove,775,174,1645227102276
42264436,touchmove,777,175,1645227102284
42264436,touchend,0,0,1645227102288
42264437,touchdown,271,20,1645227102943
42264437,touchmove,270,22,1645227103005
42264437,touchmove,270,25,1645227103018
42264437,touchmove,270,29,1645227103026
42264437,touchmove,270,34,1645227103035
42264437,touchmove,270,40,1645227103043
42264437,touchmove,270,46,1645227103051
42264437,touchmove,270,54,1645227103060
42264437,touchmove,270,62,1645227103068
42264437,touchmove,270,69,1645227103076
42264437,touchmove,271,76,1645227103085
42264437,touchmove,272,84,1645227103093
42264437,touchmove,272,100,1645227103110
42264437,touchmove,272,92,1645227103101
42264437,touchmove,272,109,1645227103119
42264437,touchmove,272,118,1645227103126
42264437,touchmove,271,126,1645227103135
42264437,touchmove,271,136,1645227103143
42264437,touchmove,271,153,1645227103160
42264437,touchmove,271,144,1645227103151
42264437,touchmove,272,162,1645227103168
42264437,touchmove,273,170,1645227103176
42264437,touchmove,274,178,1645227103185
42264437,touchmove,275,187,1645227103193
42264437,touchmove,275,195,1645227103201
42264437,touchmove,276,204,1645227103210
42264437,touchmove,276,213,1645227103218
42264437,touchmove,276,221,1645227103226
42264437,touchmove,276,229,1645227103235
42264437,touchmove,276,238,1645227103243
42264437,touchmove,276,244,1645227103251
42264437,touchmove,276,251,1645227103260
42264437,touchmove,276,257,1645227103268
42264437,touchmove,276,261,1645227103276
42264437,touchmove,276,266,1645227103285
42264437,touchmove,276,273,1645227103301
42264437,touchmove,276,270,1645227103293
42264437,touchmove,276,277,1645227103310
42264437,touchmove,277,280,1645227103318
42264437,touchmove,278,282,1645227103327
42264437,touchmove,278,284,1645227103335
42264437,touchend,0,0,1645227103347
42264437,touchmove,278,285,1645227103343
42264438,touchdown,397,27,1645227103702
42264438,touchmove,397,32,1645227103730
42264438,touchmove,397,41,1645227103752
42264438,touchmove,397,36,1645227103743
42264438,touchmove,396,47,1645227103760
42264438,touchmove,396,54,1645227103768
42264438,touchmove,396,61,1645227103777
42264438,touchmove,396,69,1645227103785
42264438,touchmove,397,76,1645227103793
42264438,touchmove,398,84,1645227103802
42264438,touchmove,401,101,1645227103818
42264438,touchmove,399,93,1645227103810
42264438,touchmove,401,110,1645227103827
42264438,touchmove,402,120,1645227103835
42264438,touchmove,403,129,1645227103843
42264438,touchmove,403,138,1645227103852
42264438,touchmove,403,148,1645227103860
42264438,touchmove,404,156,1645227103868
42264438,touchmove,404,166,1645227103877
42264438,touchmove,405,176,1645227103885
42264438,touchmove,405,185,1645227103893
42264438,touchmove,405,195,1645227103902
42264438,touchmove,406,205,1645227103910
42264438,touchmove,406,214,1645227103918
42264438,touchmove,406,224,1645227103927
42264438,touchmove,407,233,1645227103935
42264438,touchmove,407,241,1645227103943
42264438,touchmove,408,248,1645227103952
42264438,touchmove,410,256,1645227103960
42264438,touchmove,410,262,1645227103969
42264438,touchmove,410,268,1645227103977
42264438,touchmove,411,274,1645227103985
42264438,touchmove,411,279,1645227103994
42264438,touchmove,411,283,1645227104002
42264438,touchmove,412,286,1645227104010
42264438,touchmove,414,289,1645227104019
42264438,touchend,0,0,1645227104022
42264439,touchdown,543,140,1645227104310
42264439,touchmove,542,142,1645227104364
42264439,touchmove,542,161,1645227104402
42264439,touchmove,542,154,1645227104394
42264439,touchmove,542,145,1645227104377
42264439,touchmove,542,149,1645227104385
42264439,touchmove,543,168,1645227104410
42264439,touchmove,543,176,1645227104419
42264439,touchmove,543,184,1645227104427
42264439,touchmove,543,191,1645227104435
42264439,touchmove,542,199,1645227104444
42264439,touchmove,541,207,1645227104452
42264439,touchmove,540,215,1645227104460
42264439,touchmove,539,224,1645227104469
42264439,touchmove,538,233,1645227104477
42264439,touchmove,538,241,1645227104485
42264439,touchmove,537,250,1645227104495
42264439,touchmove,537,259,1645227104502
42264439,touchmove,537,267,1645227104511
42264439,touchmove,537,276,1645227104519
42264439,touchmove,537,285,1645227104527
42264439,touchmove,537,293,1645227104535
42264439,touchmove,537,301,1645227104544
42264439,touchmove,537,309,1645227104552
42264439,touchmove,536,317,1645227104560
42264439,touchmove,536,324,1645227104569
42264439,touchmove,535,332,1645227104577
42264439,touchmove,535,338,1645227104586
42264439,touchmove,534,345,1645227104594
42264439,touchmove,534,351,1645227104602
42264439,touchmove,534,357,1645227104611
42264439,touchmove,534,362,1645227104619
42264439,touchmove,534,366,1645227104627
42264439,touchmove,534,370,1645227104636
42264439,touchmove,535,374,1645227104644
42264439,touchmove,536,377,1645227104652
42264439,touchmove,538,378,1645227104661
42264439,touchmove,540,379,1645227104669
42264439,touchmove,542,380,1645227104677
42264439,touchend,0,0,1645227104681
42264440,touchdown,664,158,1645227105044
42264440,touchmove,665,162,1645227105055
42264440,touchmove,665,165,1645227105062
42264440,touchmove,665,169,1645227105069
42264440,touchmove,665,172,1645227105077
42264440,touchmove,665,176,1645227105086
42264440,touchmove,666,181,1645227105094
42264440,touchmove,666,186,1645227105102
42264440,touchmove,667,191,1645227105111
42264440,touchmove,667,198,1645227105119
42264440,touchmove,667,204,1645227105127
42264440,touchmove,667,210,1645227105136
42264440,touchmove,668,218,1645227105144
42264440,touchmove,668,225,1645227105152
42264440,touchmove,668,233,1645227105161
42264440,touchmove,668,242,1645227105169
42264440,touchmove,668,249,1645227105178
42264440,touchmove,668,257,1645227105186
42264440,touchmove,668,265,1645227105194
42264440,touchmove,668,272,1645227105203
42264440,touchmove,669,280,1645227105211
42264440,touchmove,670,295,1645227105228
42264440,touchmove,669,288,1645227105219
42264440,touchmove,670,303,1645227105236
42264440,touchmove,671,311,1645227105244
42264440,touchmove,672,318,1645227105253
42264440,touchmove,674,325,1645227105261
42264440,touchmove,675,332,1645227105269
42264440,touchmove,677,340,1645227105278
42264440,touchmove,678,346,1645227105286
42264440,touchmove,679,359,1645227105303
42264440,touchmove,679,353,1645227105294
42264440,touchmove,680,365,1645227105311
42264440,touchmove,680,371,1645227105319
42264440,touchmove,680,376,1645227105328
42264440,touchmove,680,382,1645227105336
42264440,touchmove,680,386,1645227105344
42264440,touchmove,681,390,1645227105353
42264440,touchmove,683,394,1645227105361
42264440,touchend,0,0,1645227105365
42264441,touchdown,817,295,1645227105694
42264441,touchmove,814,289,1645227105731
42264441,touchmove,814,288,1645227105745
42264441,touchmove,814,289,1645227105764
42264441,touchmove,813,292,1645227105778
42264441,touchmove,812,296,1645227105786
42264441,touchmove,811,301,1645227105795
42264441,touchmove,810,306,1645227105803
42264441,touchmove,809,312,1645227105811
42264441,touchmove,808,317,1645227105820
42264441,touchmove,807,331,1645227105836
42264441,touchmove,807,324,1645227105828
42264441,touchmove,806,338,1645227105844
42264441,touchmove,805,345,1645227105853
42264441,touchmove,804,352,1645227105861
42264441,touchmove,804,359,1645227105870
42264441,touchmove,803,380,1645227105895
42264441,touchmove,802,388,1645227105903
42264441,touchmove,803,366,1645227105878
42264441,touchmove,803,373,1645227105886
42264441,touchmove,801,396,1645227105911
42264441,touchmove,801,404,1645227105920
42264441,touchmove,800,413,1645227105928
42264441,touchmove,800,420,1645227105936
42264441,touchmove,800,428,1645227105945
42264441,touchmove,800,436,1645227105953
42264441,touchmove,800,444,1645227105961
42264441,touchmove,799,451,1645227105970
42264441,touchmove,799,458,1645227105978
42264441,touchmove,799,465,1645227105986
42264441,touchmove,799,472,1645227105994
42264441,touchmove,799,478,1645227106003
42264441,touchmove,799,484,1645227106011
42264441,touchmove,799,490,1645227106020
42264441,touchmove,800,496,1645227106028
42264441,touchmove,800,501,1645227106036
42264441,touchmove,801,506,1645227106045
42264441,touchmove,802,511,1645227106053
42264441,touchmove,802,515,1645227106061
42264441,touchmove,804,520,1645227106070
42264441,touchmove,805,524,1645227106078
42264441,touchmove,807,527,1645227106086
42264441,touchmove,809,530,1645227106095
42264441,touchmove,812,533,1645227106103
42264441,touchmove,814,535,1645227106111
42264441,touchend,0,0,1645227106115
42264442,touchmove,928,413,1645227106465
42264442,touchdown,927,405,1645227106437
42264442,touchmove,928,416,1645227106478
42264442,touchmove,928,418,1645227106487
42264442,touchmove,929,422,1645227106495
42264442,touchmove,929,426,1645227106503
42264442,touchmove,930,431,1645227106512
42264442,touchmove,930,436,1645227106520
42264442,touchmove,931,441,1645227106528
42264442,touchmove,931,446,1645227106537
42264442,touchmove,931,453,1645227106545
42264442,touchmove,931,458,1645227106553
42264442,touchmove,931,464,1645227106562
42264442,touchmove,931,470,1645227106570
42264442,touchmove,931,476,1645227106579
42264442,touchmove,931,482,1645227106587
42264442,touchmove,931,489,1645227106595
42264442,touchmove,931,495,1645227106603
42264442,touchmove,931,501,1645227106612
42264442,touchmove,931,508,1645227106620
42264442,touchmove,931,514,1645227106628
42264442,touchmove,931,520,1645227106636
42264442,touchmove,931,526,1645227106645
42264442,touchmove,930,531,1645227106653
42264442,touchmove,930,537,1645227106662
42264442,touchmove,930,543,1645227106670
42264442,touchmove,930,548,1645227106678
42264442,touchmove,930,552,1645227106687
42264442,touchmove,930,557,1645227106695
42264442,touchmove,930,561,1645227106703
42264442,touchmove,930,566,1645227106712
42264442,touchmove,930,570,1645227106720
42264442,touchmove,930,574,1645227106728
42264442,touchmove,931,578,1645227106737
42264442,touchmove,931,582,1645227106745
42264442,touchmove,931,585,1645227106753
42264442,touchend,0,0,1645227106757
42264443,touchdown,667,277,1645227107212
42264443,touchmove,666,282,1645227107249
42264443,touchmove,666,286,1645227107262
42264443,touchmove,666,290,1645227107270
42264443,touchmove,666,295,1645227107279
42264443,touchmove,665,300,1645227107287
42264443,touchmove,665,306,1645227107295
42264443,touchmove,664,312,1645227107304
42264443,touchmove,664,325,1645227107320
42264443,touchmove,664,318,1645227107312
42264443,touchmove,664,332,1645227107329
42264443,touchmove,664,338,1645227107337
42264443,touchmove,664,345,1645227107345
42264443,touchmove,664,352,1645227107354
42264443,touchmove,664,360,1645227107362
42264443,touchmove,665,367,1645227107370
42264443,touchmove,666,374,1645227107379
42264443,touchmove,668,382,1645227107387
42264443,touchmove,670,389,1645227107395
42264443,touchmove,671,396,1645227107404
42264443,touchmove,672,403,1645227107412
42264443,touchmove,673,410,1645227107420
42264443,touchmove,674,417,1645227107429
42264443,touchmove,674,423,1645227107437
42264443,touchmove,675,430,1645227107445
42264443,touchmove,675,436,1645227107454
42264443,touchmove,677,448,1645227107471
42264443,touchmove,677,453,1645227107479
42264443,touchmove,679,458,1645227107487
42264443,touchmove,680,461,1645227107495
42264443,touchmove,676,442,1645227107462
42264443,touchmove,681,463,1645227107504
42264443,touchmove,682,465,1645227107513
42264443,touchend,0,0,1645227107515
42264444,touchdown,778,113,1645227107971
42264444,touchmove,778,119,1645227107987
42264444,touchmove,778,122,1645227107996
42264444,touchmove,778,126,1645227108004
42264444,touchmove,778,130,1645227108012
42264444,touchmove,778,135,1645227108021
42264444,touchmove,778,140,1645227108029
42264444,touchmove,779,145,1645227108037
42264444,touchmove,780,151,1645227108046
42264444,touchmove,782,157,1645227108054
42264444,touchmove,783,162,1645227108062
42264444,touchmove,785,168,1645227108071
42264444,touchmove,786,175,1645227108079
42264444,touchmove,788,181,1645227108087
42264444,touchmove,789,188,1645227108096
42264444,touchmove,790,195,1645227108104
42264444,touchmove,792,201,1645227108113
42264444,touchmove,793,208,1645227108121
42264444,touchmove,794,215,1645227108129
42264444,touchmove,794,221,1645227108137
42264444,touchmove,796,227,1645227108146
42264444,touchmove,797,233,1645227108154
42264444,touchmove,798,238,1645227108163
42264444,touchmove,800,244,1645227108171
42264444,touchmove,801,250,1645227108179
42264444,touchmove,802,255,1645227108188
42264444,touchmove,803,260,1645227108196
42264444,touchmove,803,265,1645227108204
42264444,touchmove,804,270,1645227108213
42264444,touchmove,806,275,1645227108221
42264444,touchmove,807,280,1645227108229
42264444,touchmove,807,284,1645227108238
42264444,touchmove,809,293,1645227108254
42264444,touchmove,808,289,1645227108246
42264444,touchmove,809,296,1645227108263
42264444,touchmove,809,299,1645227108271
42264444,touchmove,809,301,1645227108279
42264444,touchmove,809,303,1645227108288
42264444,touchmove,809,304,1645227108296
42264444,touchmove,808,304,1645227108304
42264444,touchend,0,0,1645227108308
42264445,touchdown,653,26,1645227108696
42264445,touchmove,654,34,1645227108724
42264445,touchmove,654,38,1645227108738
42264445,touchmove,655,44,1645227108746
42264445,touchmove,657,49,1645227108755
42264445,touchmove,658,56,1645227108763
42264445,touchmove,660,64,1645227108771
42264445,touchmove,661,71,1645227108779
42264445,touchmove,663,78,1645227108788
42264445,touchmove,664,87,1645227108796
42264445,touchmove,665,95,1645227108805
42264445,touchmove,667,104,1645227108813
42264445,touchmove,669,113,1645227108821
42264445,touchmove,671,122,1645227108830
42264445,touchmove,672,131,1645227108838
42264445,touchmove,674,139,1645227108846
42264445,touchmove,675,147,1645227108855
42264445,touchmove,676,156,1645227108863
42264445,touchmove,677,163,1645227108871
42264445,touchmove,677,171,1645227108880
42264445,touchmove,679,180,1645227108888
42264445,touchmove,679,187,1645227108896
42264445,touchmove,680,195,1645227108905
42264445,touchmove,681,202,1645227108913
42264445,touchmove,681,209,1645227108921
42264445,touchmove,682,215,1645227108930
42264445,touchmove,682,221,1645227108938
42264445,touchmove,683,226,1645227108946
42264445,touchmove,684,231,1645227108955
42264445,touchmove,684,237,1645227108963
42264445,touchmove,685,241,1645227108971
42264445,touchmove,686,245,1645227108980
42264445,touchmove,686,249,1645227108988
42264445,touchmove,688,252,1645227108996
42264445,touchmove,688,254,1645227109005
42264445,touchmove,689,256,1645227109013
42264445,touchmove,689,257,1645227109021
42264445,touchmove,689,258,1645227109030
42264445,touchend,0,0,1645227109041
42264446,touchdown,534,25,1645227109413
42264446,touchmove,533,32,1645227109442
42264446,touchmove,533,35,1645227109455
42264446,touchmove,533,39,1645227109463
42264446,touchmove,533,44,1645227109472
42264446,touchmove,533,50,1645227109480
42264446,touchmove,533,56,1645227109488
42264446,touchmove,533,63,1645227109497
42264446,touchmove,534,70,1645227109505
42264446,touchmove,534,77,1645227109513
42264446,touchmove,535,85,1645227109522
42264446,touchmove,535,93,1645227109530
42264446,touchmove,536,101,1645227109538
42264446,touchmove,536,109,1645227109547
42264446,touchmove,536,118,1645227109555
42264446,touchmove,538,126,1645227109563
42264446,touchmove,538,134,1645227109572
42264446,touchmove,540,142,1645227109580
42264446,touchmove,540,151,1645227109588
42264446,touchmove,541,158,1645227109597
42264446,touchmove,542,173,1645227109613
42264446,touchmove,542,166,1645227109605
42264446,touchmove,542,181,1645227109622
42264446,touchmove,543,188,1645227109630
42264446,touchmove,543,195,1645227109638
42264446,touchmove,543,202,1645227109647
42264446,touchmove,543,209,1645227109655
42264446,touchmove,543,220,1645227109672
42264446,touchmove,543,214,1645227109663
42264446,touchmove,544,226,1645227109680
42264446,touchmove,545,231,1645227109688
42264446,touchmove,546,236,1645227109697
42264446,touchmove,547,241,1645227109705
42264446,touchmove,548,245,1645227109714
42264446,touchmove,548,249,1645227109722
42264446,touchmove,549,253,1645227109730
42264446,touchmove,550,257,1645227109739
42264446,touchmove,550,260,1645227109747
42264446,touchmove,550,263,1645227109755
42264446,touchmove,550,265,1645227109763
42264446,touchmove,550,267,1645227109772
42264446,touchmove,550,268,1645227109780
42264446,touchmove,550,269,1645227109788
42264446,touchmove,550,270,1645227109797
42264446,touchend,0,0,1645227109800
42264447,touchdown,400,19,1645227110464
42264447,touchmove,399,24,1645227110509
42264447,touchmove,399,26,1645227110522
42264447,touchmove,399,28,1645227110531
42264447,touchmove,398,31,1645227110539
42264447,touchmove,397,34,1645227110547
42264447,touchmove,395,38,1645227110556
42264447,touchmove,387,50,1645227110581
42264447,touchmove,393,42,1645227110564
42264447,touchmove,390,46,1645227110572
42264447,touchmove,383,55,1645227110589
42264447,touchmove,379,59,1645227110597
42264447,touchmove,375,64,1645227110606
42264447,touchmove,356,85,1645227110639
42264447,touchmove,361,79,1645227110631
42264447,touchmove,371,69,1645227110614
42264447,touchmove,366,74,1645227110622
42264447,touchmove,352,91,1645227110647
42264447,touchmove,348,96,1645227110656
42264447,touchmove,344,102,1645227110664
42264447,touchmove,340,107,1645227110672
42264447,touchmove,336,113,1645227110681
42264447,touchmove,332,118,1645227110689
42264447,touchmove,329,123,1645227110697
42264447,touchmove,324,128,1645227110706
42264447,touchmove,320,134,1645227110714
42264447,touchmove,316,139,1645227110722
42264447,touchmove,312,144,1645227110731
42264447,touchmove,309,149,1645227110739
42264447,touchmove,305,154,1645227110747
42264447,touchmove,302,158,1645227110756
42264447,touchmove,300,163,1645227110764
42264447,touchmove,297,167,1645227110772
42264447,touchmove,295,170,1645227110781
42264447,touchmove,293,174,1645227110789
42264447,touchmove,291,177,1645227110797
42264447,touchmove,290,181,1645227110806
42264447,touchmove,288,184,1645227110814
42264447,touchmove,286,186,1645227110822
42264447,touchmove,285,187,1645227110831
42264447,touchmove,285,189,1645227110839
42264447,touchend,0,0,1645227110842
42264448,touchdown,550,43,1645227111173
42264448,touchmove,548,43,1645227111210
42264448,touchmove,545,45,1645227111223
42264448,touchmove,541,49,1645227111231
42264448,touchmove,536,54,1645227111239
42264448,touchmove,530,60,1645227111248
42264448,touchmove,524,66,1645227111256
42264448,touchmove,518,73,1645227111264
42264448,touchmove,512,80,1645227111273
42264448,touchmove,506,88,1645227111281
42264448,touchmove,500,96,1645227111289
42264448,touchmove,495,105,1645227111298
42264448,touchmove,489,114,1645227111306
42264448,touchmove,483,123,1645227111314
42264448,touchmove,477,132,1645227111323
42264448,touchmove,470,142,1645227111331
42264448,touchmove,464,150,1645227111339
42264448,touchmove,458,158,1645227111348
42264448,touchmove,444,176,1645227111364
42264448,touchmove,451,168,1645227111356
42264448,touchmove,436,185,1645227111373
42264448,touchmove,427,194,1645227111381
42264448,touchmove,419,203,1645227111389
42264448,touchmove,410,212,1645227111398
42264448,touchmove,402,222,1645227111406
42264448,touchmove,394,230,1645227111414
42264448,touchmove,387,238,1645227111423
42264448,touchmove,379,247,1645227111431
42264448,touchmove,374,254,1645227111439
42264448,touchmove,367,261,1645227111448
42264448,touchmove,361,268,1645227111456
42264448,touchmove,356,275,1645227111464
42264448,touchmove,352,280,1645227111473
42264448,touchmove,348,286,1645227111481
42264448,touchmove,345,291,1645227111489
42264448,touchmove,344,295,1645227111498
42264448,touchmove,343,298,1645227111506
42264448,touchmove,343,300,1645227111514
42264448,touchmove,343,301,1645227111523
42264448,touchmove,343,302,1645227111531
42264448,touchmove,345,302,1645227111540
42264448,touchend,0,0,1645227111543
42264449,touchdown,698,78,1645227111873
42264449,touchmove,694,79,1645227111960
42264449,touchmove,693,82,1645227111973
42264449,touchmove,691,85,1645227111981
42264449,touchmove,688,88,1645227111990
42264449,touchmove,685,92,1645227111998
42264449,touchmove,681,97,1645227112006
42264449,touchmove,676,101,1645227112015
42264449,touchmove,671,106,1645227112023
42264449,touchmove,667,110,1645227112031
42264449,touchmove,657,119,1645227112048
42264449,touchmove,662,114,1645227112040
42264449,touchmove,652,123,1645227112056
42264449,touchmove,648,126,1645227112065
42264449,touchmove,644,130,1645227112073
42264449,touchmove,640,134,1645227112081
42264449,touchmove,636,138,1645227112090
42264449,touchmove,633,142,1645227112098
42264449,touchmove,629,145,1645227112107
42264449,touchmove,625,149,1645227112115
42264449,touchmove,622,152,1645227112123
42264449,touchmove,619,155,1645227112132
42264449,touchmove,616,158,1645227112140
42264449,touchmove,614,160,1645227112148
42264449,touchmove,611,162,1645227112157
42264449,touchmove,608,165,1645227112165
42264449,touchmove,605,167,1645227112173
42264449,touchmove,602,169,1645227112182
42264449,touchmove,599,171,1645227112190
42264449,touchmove,595,173,1645227112198
42264449,touchmove,592,176,1645227112207
42264449,touchmove,589,177,1645227112215
42264449,touchmove,586,180,1645227112223
42264449,touchmove,584,182,1645227112232
42264449,touchmove,581,184,1645227112240
42264449,touchmove,579,185,1645227112248
42264449,touchmove,577,187,1645227112256
42264449,touchmove,576,189,1645227112265
42264449,touchmove,574,190,1645227112273
42264449,touchmove,573,191,1645227112281
42264449,touchmove,572,193,1645227112290
42264449,touchmove,571,194,1645227112298
42264449,touchmove,570,195,1645227112307
42264449,touchend,0,0,1645227112335
42264450,touchmove,816,23,1645227112718
42264450,touchdown,819,21,1645227112707
42264450,touchmove,812,23,1645227112725
42264450,touchmove,803,26,1645227112740
42264450,touchmove,807,25,1645227112732
42264450,touchmove,798,29,1645227112748
42264450,touchmove,794,31,1645227112757
42264450,touchmove,790,34,1645227112765
42264450,touchmove,787,38,1645227112773
42264450,touchmove,784,41,1645227112782
42264450,touchmove,780,46,1645227112790
42264450,touchmove,777,51,1645227112799
42264450,touchmove,773,56,1645227112807
42264450,touchmove,769,62,1645227112815
42264450,touchmove,764,67,1645227112824
42264450,touchmove,759,73,1645227112832
42264450,touchmove,745,85,1645227112849
42264450,touchmove,752,79,1645227112840
42264450,touchmove,737,92,1645227112857
42264450,touchmove,729,99,1645227112865
42264450,touchmove,721,106,1645227112874
42264450,touchmove,713,114,1645227112882
42264450,touchmove,705,121,1645227112890
42264450,touchmove,698,128,1645227112899
42264450,touchmove,685,142,1645227112915
42264450,touchmove,691,135,1645227112907
42264450,touchmove,680,149,1645227112924
42264450,touchmove,675,156,1645227112932
42264450,touchmove,670,161,1645227112940
42264450,touchmove,666,167,1645227112949
42264450,touchmove,662,173,1645227112957
42264450,touchmove,658,178,1645227112965
42264450,touchmove,655,182,1645227112974
42264450,touchmove,652,187,1645227112982
42264450,touchmove,650,190,1645227112991
42264450,touchmove,649,193,1645227112999
42264450,touchmove,649,196,1645227113007
42264450,touchend,0,0,1645227113010
42264451,touchdown,917,48,1645227113341
42264451,touchmove,910,49,1645227113377
42264451,touchmove,908,49,1645227113391
42264451,touchmove,907,50,1645227113399
42264451,touchmove,905,52,1645227113407
42264451,touchmove,902,55,1645227113416
42264451,touchmove,900,58,1645227113424
42264451,touchmove,896,61,1645227113432
42264451,touchmove,893,64,1645227113441
42264451,touchmove,888,69,1645227113449
42264451,touchmove,884,73,1645227113457
42264451,touchmove,879,78,1645227113466
42264451,touchmove,873,84,1645227113474
42264451,touchmove,868,90,1645227113482
42264451,touchmove,863,95,1645227113491
42264451,touchmove,852,108,1645227113507
42264451,touchmove,857,102,1645227113499
42264451,touchmove,847,114,1645227113516
42264451,touchmove,841,121,1645227113524
42264451,touchmove,836,126,1645227113532
42264451,touchmove,830,133,1645227113541
42264451,touchmove,823,139,1645227113549
42264451,touchmove,818,144,1645227113557
42264451,touchmove,813,150,1645227113566
42264451,touchmove,809,156,1645227113574
42264451,touchmove,806,162,1645227113582
42264451,touchmove,803,167,1645227113591
42264451,touchmove,799,172,1645227113599
42264451,touchmove,797,177,1645227113607
42264451,touchmove,794,181,1645227113616
42264451,touchmove,792,186,1645227113624
42264451,touchmove,791,190,1645227113632
42264451,touchmove,790,193,1645227113641
42264451,touchmove,790,196,1645227113649
42264451,touchmove,790,200,1645227113657
42264451,touchend,0,0,1645227113661
42264452,touchdown,952,184,1645227114007
42264452,touchmove,944,184,1645227114036
42264452,touchmove,941,184,1645227114049
42264452,touchmove,938,184,1645227114058
42264452,touchmove,935,185,1645227114066
42264452,touchmove,933,186,1645227114074
42264452,touchmove,929,187,1645227114083
42264452,touchmove,926,189,1645227114091
42264452,touchmove,923,191,1645227114099
42264452,touchmove,920,193,1645227114108
42264452,touchmove,915,196,1645227114116
42264452,touchmove,911,200,1645227114124
42264452,touchmove,906,203,1645227114133
42264452,touchmove,901,207,1645227114141
42264452,touchmove,896,211,1645227114149
42264452,touchmove,890,215,1645227114158
42264452,touchmove,885,220,1645227114166
42264452,touchmove,880,225,1645227114174
42264452,touchmove,874,229,1645227114183
42264452,touchmove,869,234,1645227114191
42264452,touchmove,864,238,1645227114199
42264452,touchmove,858,243,1645227114208
42264452,touchmove,851,248,1645227114216
42264452,touchmove,846,252,1645227114224
42264452,touchmove,840,257,1645227114233
42264452,touchmove,834,262,1645227114241
42264452,touchmove,828,266,1645227114249
42264452,touchmove,823,271,1645227114258
42264452,touchmove,817,275,1645227114266
42264452,touchmove,813,280,1645227114274
42264452,touchmove,808,284,1645227114283
42264452,touchmove,803,288,1645227114291
42264452,touchmove,800,292,1645227114299
42264452,touchmove,796,295,1645227114308
42264452,touchmove,793,299,1645227114316
42264452,touchmove,791,303,1645227114324
42264452,touchmove,789,306,1645227114333
42264452,touchmove,788,309,1645227114341
42264452,touchmove,787,312,1645227114349
42264452,touchmove,786,314,1645227114358
42264452,touchmove,785,317,1645227114366
42264452,touchmove,785,319,1645227114374
42264452,touchmove,785,322,1645227114383
42264452,touchend,0,0,1645227114386
42264453,touchdown,954,298,1645227114616
42264453,touchmove,950,293,1645227114661
42264453,touchmove,949,293,1645227114675
42264453,touchmove,947,293,1645227114683
42264453,touchmove,945,293,1645227114691
42264453,touchmove,943,294,1645227114700
42264453,touchmove,941,296,1645227114708
42264453,touchmove,938,298,1645227114716
42264453,touchmove,934,301,1645227114725
42264453,touchmove,931,304,1645227114733
42264453,touchmove,922,312,1645227114750
42264453,touchmove,927,308,1645227114741
42264453,touchmove,917,316,1645227114758
42264453,touchmove,913,320,1645227114766
42264453,touchmove,908,325,1645227114775
42264453,touchmove,902,330,1645227114783
42264453,touchmove,897,334,1645227114791
42264453,touchmove,886,345,1645227114808
42264453,touchmove,869,362,1645227114833
42264453,touchmove,874,356,1645227114825
42264453,touchmove,864,368,1645227114841
42264453,touchmove,880,350,1645227114816
42264453,touchmove,858,374,1645227114850
42264453,touchmove,852,380,1645227114858
42264453,touchmove,846,387,1645227114866
42264453,touchmove,840,392,1645227114875
42264453,touchmove,833,399,1645227114883
42264453,touchmove,827,404,1645227114891
42264453,touchmove,821,411,1645227114900
42264453,touchmove,814,416,1645227114908
42264453,touchmove,810,421,1645227114917
42264453,touchmove,806,426,1645227114925
42264453,touchmove,802,431,1645227114933
42264453,touchmove,799,435,1645227114941
42264453,touchmove,797,439,1645227114950
42264453,touchmove,794,442,1645227114958
42264453,touchmove,792,445,1645227114967
42264453,touchmove,790,448,1645227114975
42264453,touchmove,788,451,1645227114983
42264453,touchmove,786,453,1645227114991
42264453,touchmove,784,455,1645227115000
42264453,touchmove,782,456,1645227115008
42264453,touchmove,781,458,1645227115016
42264453,touchmove,779,458,1645227115025
42264453,touchmove,778,458,1645227115033
42264453,touchmove,777,458,1645227115041
42264453,touchend,0,0,1645227115045
42264454,touchdown,782,284,1645227115342
42264454,touchmove,778,287,1645227115379
42264454,touchmove,776,288,1645227115392
42264454,touchmove,773,290,1645227115400
42264454,touchmove,769,294,1645227115409
42264454,touchmove,764,298,1645227115417
42264454,touchmove,759,303,1645227115425
42264454,touchmove,753,308,1645227115433
42264454,touchmove,748,313,1645227115442
42264454,touchmove,742,319,1645227115450
42264454,touchmove,737,324,1645227115458
42264454,touchmove,732,331,1645227115467
42264454,touchmove,726,337,1645227115475
42264454,touchmove,722,343,1645227115483
42264454,touchmove,717,349,1645227115492
42264454,touchmove,711,355,1645227115500
42264454,touchmove,707,361,1645227115509
42264454,touchmove,701,367,1645227115517
42264454,touchmove,696,374,1645227115525
42264454,touchmove,691,379,1645227115533
42264454,touchmove,686,384,1645227115542
42264454,touchmove,682,389,1645227115550
42264454,touchmove,678,394,1645227115559
42264454,touchmove,674,399,1645227115567
42264454,touchmove,671,403,1645227115575
42264454,touchmove,666,411,1645227115592
42264454,touchmove,668,407,1645227115584
42264454,touchmove,663,414,1645227115600
42264454,touchmove,662,416,1645227115609
42264454,touchmove,660,419,1645227115617
42264454,touchmove,658,421,1645227115625
42264454,touchmove,656,423,1645227115634
42264454,touchmove,655,426,1645227115642
42264454,touchmove,653,428,1645227115650
42264454,touchmove,652,429,1645227115659
42264454,touchmove,648,432,1645227115675
42264454,touchmove,650,431,1645227115667
42264454,touchmove,646,432,1645227115684
42264454,touchmove,643,432,1645227115692
42264454,touchend,0,0,1645227115696
42264455,touchdown,672,280,1645227115942
42264455,touchmove,667,279,1645227115979
42264455,touchmove,664,279,1645227115992
42264455,touchmove,660,281,1645227116000
42264455,touchmove,655,284,1645227116009
42264455,touchmove,650,289,1645227116017
42264455,touchmove,644,293,1645227116025
42264455,touchmove,638,298,1645227116034
42264455,touchmove,620,316,1645227116059
42264455,touchmove,632,304,1645227116042
42264455,touchmove,626,310,1645227116050
42264455,touchmove,613,322,1645227116067
42264455,touchmove,607,328,1645227116075
42264455,touchmove,602,335,1645227116084
42264455,touchmove,595,341,1645227116092
42264455,touchmove,590,348,1645227116100
42264455,touchmove,585,354,1645227116109
42264455,touchmove,579,360,1645227116117
42264455,touchmove,574,366,1645227116126
42264455,touchmove,569,373,1645227116134
42264455,touchmove,564,378,1645227116142
42264455,touchmove,560,384,1645227116151
42264455,touchmove,556,389,1645227116159
42264455,touchmove,552,395,1645227116167
42264455,touchmove,548,401,1645227116176
42264455,touchmove,543,406,1645227116184
42264455,touchmove,539,411,1645227116192
42264455,touchmove,535,416,1645227116201
42264455,touchmove,531,420,1645227116209
42264455,touchmove,528,425,1645227116217
42264455,touchmove,525,429,1645227116226
42264455,touchmove,520,435,1645227116242
42264455,touchmove,514,442,1645227116267
42264455,touchmove,515,441,1645227116259
42264455,touchmove,522,432,1645227116234
42264455,touchmove,517,438,1645227116251
42264455,touchmove,512,444,1645227116276
42264455,touchmove,510,445,1645227116284
42264455,touchend,0,0,1645227116288
42264456,touchmove,531,414,1645227116604
42264456,touchdown,535,409,1645227116584
42264456,touchmove,529,417,1645227116617
42264456,touchmove,526,421,1645227116626
42264456,touchmove,521,426,1645227116634
42264456,touchmove,517,430,1645227116642
42264456,touchmove,511,436,1645227116651
42264456,touchmove,505,442,1645227116659
42264456,touchmove,500,447,1645227116668
42264456,touchmove,493,453,1645227116676
42264456,touchmove,486,460,1645227116684
42264456,touchmove,480,465,1645227116693
42264456,touchmove,473,472,1645227116701
42264456,touchmove,467,478,1645227116709
42264456,touchmove,461,484,1645227116718
42264456,touchmove,455,490,1645227116726
42264456,touchmove,450,495,1645227116734
42264456,touchmove,445,500,1645227116743
42264456,touchmove,440,505,1645227116751
42264456,touchmove,435,510,1645227116759
42264456,touchmove,431,515,1645227116768
42264456,touchmove,426,519,1645227116776
42264456,touchmove,421,524,1645227116784
42264456,touchmove,417,528,1645227116793
42264456,touchmove,412,531,1645227116801
42264456,touchmove,408,535,1645227116809
42264456,touchmove,404,538,1645227116818
42264456,touchmove,401,542,1645227116826
42264456,touchmove,398,544,1645227116834
42264456,touchmove,396,546,1645227116843
42264456,touchmove,393,548,1645227116851
42264456,touchmove,392,549,1645227116859
42264456,touchmove,391,550,1645227116868
42264456,touchmove,390,552,1645227116876
42264456,touchmove,389,552,1645227116893
42264456,touchend,0,0,1645227116896
42264457,touchdown,271,44,1645227117543
42264457,touchmove,272,48,1645227117596
42264457,touchmove,276,52,1645227117610
42264457,touchmove,279,55,1645227117618
42264457,touchmove,283,60,1645227117626
42264457,touchmove,288,65,1645227117635
42264457,touchmove,293,71,1645227117643
42264457,touchmove,298,76,1645227117651
42264457,touchmove,304,80,1645227117660
42264457,touchmove,309,86,1645227117668
42264457,touchmove,314,91,1645227117676
42264457,touchmove,319,96,1645227117685
42264457,touchmove,326,101,1645227117693
42264457,touchmove,331,106,1645227117701
42264457,touchmove,336,111,1645227117710
42264457,touchmove,342,116,1645227117718
42264457,touchmove,347,121,1645227117726
42264457,touchmove,352,125,1645227117735
42264457,touchmove,357,130,1645227117743
42264457,touchmove,362,134,1645227117751
42264457,touchmove,367,137,1645227117760
42264457,touchmove,371,141,1645227117768
42264457,touchmove,376,144,1645227117776
42264457,touchmove,380,148,1645227117785
42264457,touchmove,385,151,1645227117793
42264457,touchmove,388,154,1645227117802
42264457,touchmove,392,156,1645227117810
42264457,touchmove,396,158,1645227117818
42264457,touchmove,399,160,1645227117827
42264457,touchmove,403,161,1645227117835
42264457,touchmove,407,162,1645227117843
42264457,touchend,0,0,1645227117847
42264458,touchdown,486,120,1645227118035
42264458,touchmove,491,123,1645227118063
42264458,touchmove,493,125,1645227118077
42264458,touchmove,497,128,1645227118085
42264458,touchmove,499,131,1645227118093
42264458,touchmove,502,135,1645227118102
42264458,touchmove,506,139,1645227118110
42264458,touchmove,509,143,1645227118118
42264458,touchmove,512,147,1645227118127
42264458,touchmove,515,152,1645227118135
42264458,touchmove,518,156,1645227118143
42264458,touchmove,521,161,1645227118152
42264458,touchmove,524,166,1645227118160
42264458,touchmove,528,171,1645227118168
42264458,touchmove,530,176,1645227118177
42264458,touchmove,534,181,1645227118185
42264458,touchmove,537,186,1645227118193
42264458,touchmove,540,190,1645227118202
42264458,touchmove,544,196,1645227118210
42264458,touchmove,548,201,1645227118218
42264458,touchmove,553,206,1645227118227
42264458,touchmove,558,211,1645227118235
42264458,touchmove,564,216,1645227118244
42264458,touchmove,569,221,1645227118252
42264458,touchmove,576,226,1645227118260
42264458,touchmove,582,231,1645227118268
42264458,touchmove,587,236,1645227118277
42264458,touchmove,597,245,1645227118293
42264458,touchmove,592,240,1645227118285
42264458,touchmove,602,249,1645227118302
42264458,touchmove,607,254,1645227118310
42264458,touchmove,612,258,1645227118318
42264458,touchmove,618,262,1645227118327
42264458,touchmove,623,266,1645227118335
42264458,touchmove,628,270,1645227118343
42264458,touchmove,633,273,1645227118352
42264458,touchmove,638,276,1645227118360
42264458,touchmove,642,279,1645227118368
42264458,touchmove,646,282,1645227118377
42264458,touchmove,650,284,1645227118385
42264458,touchmove,653,286,1645227118394
42264458,touchmove,661,290,1645227118410
42264458,touchmove,665,292,1645227118418
42264458,touchmove,657,289,1645227118402
42264458,touchmove,668,293,1645227118427
42264458,touchmove,672,294,1645227118435
42264458,touchend,0,0,1645227118438
42264459,touchdown,681,318,1645227118836
42264459,touchmove,686,324,1645227118855
42264459,touchmove,688,327,1645227118869
42264459,touchmove,691,329,1645227118877
42264459,touchmove,694,332,1645227118885
42264459,touchmove,698,336,1645227118894
42264459,touchmove,702,341,1645227118902
42264459,touchmove,707,345,1645227118910
42264459,touchmove,715,355,1645227118927
42264459,touchmove,711,350,1645227118919
42264459,touchmove,720,360,1645227118936
42264459,touchmove,724,365,1645227118944
42264459,touchmove,728,370,1645227118952
42264459,touchmove,732,374,1645227118961
42264459,touchmove,736,379,1645227118969
42264459,touchmove,741,384,1645227118977
42264459,touchmove,745,389,1645227118986
42264459,touchmove,750,393,1645227118994
42264459,touchmove,754,398,1645227119002
42264459,touchmove,759,402,1645227119011
42264459,touchmove,763,406,1645227119019
42264459,touchmove,768,411,1645227119027
42264459,touchmove,772,415,1645227119036
42264459,touchmove,776,418,1645227119044
42264459,touchmove,780,421,1645227119052
42264459,touchmove,784,425,1645227119061
42264459,touchmove,788,428,1645227119069
42264459,touchmove,793,431,1645227119077
42264459,touchmove,797,434,1645227119086
42264459,touchmove,801,437,1645227119094
42264459,touchmove,806,440,1645227119102
42264459,touchmove,810,443,1645227119110
42264459,touchmove,814,445,1645227119119
42264459,touchmove,818,446,1645227119127
42264459,touchmove,822,447,1645227119136
42264459,touchend,0,0,1645227119139
42264460,touchmove,830,448,1645227119464
42264460,touchdown,824,443,1645227119444
42264460,touchmove,833,451,1645227119477
42264460,touchmove,837,454,1645227119486
42264460,touchmove,841,458,1645227119494
42264460,touchmove,846,463,1645227119502
42264460,touchmove,850,468,1645227119511
42264460,touchmove,855,473,1645227119519
42264460,touchmove,859,478,1645227119527
42264460,touchmove,864,483,1645227119536
42264460,touchmove,868,488,1645227119544
42264460,touchmove,872,493,1645227119552
42264460,touchmove,876,497,1645227119561
42264460,touchmove,881,502,1645227119569
42264460,touchmove,884,506,1645227119577
42264460,touchmove,889,510,1645227119586
42264460,touchmove,893,514,1645227119594
42264460,touchmove,897,518,1645227119602
42264460,touchmove,901,521,1645227119611
42264460,touchmove,905,525,1645227119619
42264460,touchmove,909,528,1645227119627
42264460,touchmove,912,531,1645227119636
42264460,touchmove,915,534,1645227119644
42264460,touchmove,917,536,1645227119653
42264460,touchmove,919,538,1645227119661
42264460,touchmove,919,540,1645227119669
42264460,touchend,0,0,1645227119672
42264461,touchdown,382,389,1645227120008
42264461,touchmove,381,395,1645227120056
42264461,touchmove,384,401,1645227120078
42264461,touchmove,387,404,1645227120086
42264461,touchmove,382,397,1645227120070
42264461,touchmove,390,409,1645227120094
42264461,touchmove,394,414,1645227120103
42264461,touchmove,399,420,1645227120111
42264461,touchmove,403,425,1645227120119
42264461,touchmove,408,431,1645227120128
42264461,touchmove,413,437,1645227120136
42264461,touchmove,417,442,1645227120144
42264461,touchmove,422,448,1645227120153
42264461,touchmove,427,454,1645227120161
42264461,touchmove,432,459,1645227120169
42264461,touchmove,437,465,1645227120178
42264461,touchmove,456,482,1645227120203
42264461,touchmove,449,476,1645227120195
42264461,touchmove,443,471,1645227120186
42264461,touchmove,463,488,1645227120211
42264461,touchmove,469,492,1645227120220
42264461,touchmove,475,497,1645227120229
42264461,touchmove,482,503,1645227120236
42264461,touchmove,493,512,1645227120253
42264461,touchmove,487,507,1645227120244
42264461,touchmove,498,517,1645227120261
42264461,touchmove,502,521,1645227120269
42264461,touchmove,507,525,1645227120278
42264461,touchmove,511,528,1645227120286
42264461,touchmove,515,531,1645227120295
42264461,touchmove,519,534,1645227120303
42264461,touchmove,521,536,1645227120311
42264461,touchmove,524,536,1645227120319
42264461,touchmove,525,536,1645227120328
42264461,touchmove,527,536,1645227120336
42264461,touchend,0,0,1645227120340
42264462,touchdown,407,276,1645227120678
42264462,touchmove,407,280,1645227120723
42264462,touchmove,408,282,1645227120736
42264462,touchmove,410,285,1645227120745
42264462,touchmove,414,289,1645227120753
42264462,touchmove,417,293,1645227120761
42264462,touchmove,421,299,1645227120770
42264462,touchmove,426,304,1645227120778
42264462,touchmove,430,309,1645227120787
42264462,touchmove,435,315,1645227120795
42264462,touchmove,440,320,1645227120803
42264462,touchmove,444,326,1645227120812
42264462,touchmove,449,331,1645227120820
42264462,touchmove,455,336,1645227120828
42264462,touchmove,460,341,1645227120837
42264462,touchmove,465,346,1645227120845
42264462,touchmove,471,351,1645227120853
42264462,touchmove,476,356,1645227120862
42264462,touchmove,482,361,1645227120870
42264462,touchmove,488,366,1645227120878
42264462,touchmove,494,371,1645227120886
42264462,touchmove,501,376,1645227120895
42264462,touchmove,507,380,1645227120903
42264462,touchmove,512,383,1645227120912
42264462,touchmove,519,386,1645227120920
42264462,touchmove,526,387,1645227120928
42264462,touchend,0,0,1645227120932
42264463,touchdown,670,144,1645227121361
42264463,touchmove,675,150,1645227121399
42264463,touchmove,681,156,1645227121420
42264463,touchmove,678,153,1645227121412
42264463,touchmove,685,161,1645227121429
42264463,touchmove,690,166,1645227121437
42264463,touchmove,694,171,1645227121445
42264463,touchmove,699,176,1645227121453
42264463,touchmove,703,182,1645227121462
42264463,touchmove,708,188,1645227121470
42264463,touchmove,712,194,1645227121478
42264463,touchmove,717,201,1645227121487
42264463,touchmove,721,207,1645227121495
42264463,touchmove,726,213,1645227121504
42264463,touchmove,731,219,1645227121512
42264463,touchmove,737,225,1645227121520
42264463,touchmove,742,230,1645227121529
42264463,touchmove,748,236,1645227121537
42264463,touchmove,754,242,1645227121545
42264463,touchmove,760,247,1645227121554
42264463,touchmove,766,252,1645227121562
42264463,touchmove,773,258,1645227121570
42264463,touchmove,780,263,1645227121579
42264463,touchmove,787,269,1645227121587
42264463,touchmove,793,273,1645227121595
42264463,touchmove,798,278,1645227121604
42264463,touchmove,804,282,1645227121612
42264463,touchmove,808,285,1645227121620
42264463,touchmove,812,289,1645227121629
42264463,touchmove,817,292,1645227121637
42264463,touchmove,820,293,1645227121645
42264463,touchmove,824,294,1645227121654
42264463,touchmove,827,294,1645227121662
42264463,touchmove,831,294,1645227121670
42264463,touchend,0,0,1645227121673
42264464,touchdown,807,27,1645227122027
42264464,touchmove,809,30,1645227122066
42264464,touchmove,812,33,1645227122079
42264464,touchmove,816,36,1645227122087
42264464,touchmove,820,41,1645227122096
42264464,touchmove,825,45,1645227122104
42264464,touchmove,829,50,1645227122112
42264464,touchmove,833,54,1645227122121
42264464,touchmove,838,59,1645227122129
42264464,touchmove,842,64,1645227122137
42264464,touchmove,847,69,1645227122146
42264464,touchmove,852,75,1645227122154
42264464,touchmove,856,80,1645227122162
42264464,touchmove,862,86,1645227122171
42264464,touchmove,867,91,1645227122179
42264464,touchmove,872,96,1645227122187
42264464,touchmove,877,101,1645227122196
42264464,touchmove,882,107,1645227122204
42264464,touchmove,887,112,1645227122212
42264464,touchmove,891,117,1645227122221
42264464,touchmove,896,123,1645227122229
42264464,touchmove,901,128,1645227122237
42264464,touchmove,905,134,1645227122246
42264464,touchmove,909,139,1645227122254
42264464,touchmove,912,144,1645227122262
42264464,touchmove,915,149,1645227122271
42264464,touchmove,917,153,1645227122279
42264464,touchmove,918,158,1645227122287
42264464,touchmove,918,162,1645227122296
42264464,touchmove,918,167,1645227122304
42264464,touchmove,917,171,1645227122312
42264464,touchmove,914,176,1645227122321
42264464,touchend,0,0,1645227122324
42264465,touchdown,510,151,1645227122671
42264465,touchmove,513,152,1645227122716
42264465,touchmove,516,152,1645227122729
42264465,touchmove,519,153,1645227122738
42264465,touchmove,523,156,1645227122746
42264465,touchmove,526,159,1645227122754
42264465,touchmove,530,163,1645227122763
42264465,touchmove,534,167,1645227122771
42264465,touchmove,538,172,1645227122779
42264465,touchmove,550,187,1645227122804
42264465,touchmove,541,177,1645227122788
42264465,touchmove,545,182,1645227122796
42264465,touchmove,554,192,1645227122813
42264465,touchmove,559,198,1645227122821
42264465,touchmove,564,204,1645227122829
42264465,touchmove,570,210,1645227122838
42264465,touchmove,576,216,1645227122846
42264465,touchmove,583,222,1645227122854
42264465,touchmove,589,228,1645227122863
42264465,touchmove,596,235,1645227122871
42264465,touchmove,609,246,1645227122888
42264465,touchmove,617,252,1645227122896
42264465,touchmove,603,240,1645227122879
42264465,touchmove,623,258,1645227122904
42264465,touchmove,629,264,1645227122913
42264465,touchmove,636,269,1645227122921
42264465,touchmove,643,275,1645227122929
42264465,touchmove,649,280,1645227122938
42264465,touchmove,656,285,1645227122946
42264465,touchmove,662,289,1645227122954
42264465,touchmove,667,294,1645227122963
42264465,touchmove,672,298,1645227122971
42264465,touchmove,676,302,1645227122980
42264465,touchmove,680,305,1645227122988
42264465,touchmove,684,308,1645227122996
42264465,touchmove,686,310,1645227123005
42264465,touchmove,688,312,1645227123013
42264465,touchmove,688,314,1645227123021
42264465,touchmove,688,316,1645227123029
42264465,touchmove,688,317,1645227123038
42264465,touchend,0,0,1645227123042
42264466,touchdown,390,301,1645227123330
42264466,touchmove,391,305,1645227123383
42264466,touchmove,394,308,1645227123396
42264466,touchmove,398,312,1645227123405
42264466,touchmove,403,316,1645227123413
42264466,touchmove,409,321,1645227123421
42264466,touchmove,415,326,1645227123430
42264466,touchmove,421,332,1645227123438
42264466,touchmove,427,338,1645227123446
42264466,touchmove,433,344,1645227123455
42264466,touchmove,440,350,1645227123463
42264466,touchmove,446,355,1645227123471
42264466,touchmove,453,361,1645227123480
42264466,touchmove,460,367,1645227123488
42264466,touchmove,466,373,1645227123496
42264466,touchmove,473,378,1645227123505
42264466,touchmove,484,389,1645227123521
42264466,touchmove,479,384,1645227123513
42264466,touchmove,490,394,1645227123530
42264466,touchmove,495,399,1645227123538
42264466,touchmove,500,404,1645227123546
42264466,touchmove,505,409,1645227123555
42264466,touchmove,510,414,1645227123563
42264466,touchmove,515,418,1645227123571
42264466,touchmove,519,422,1645227123580
42264466,touchmove,523,426,1645227123588
42264466,touchmove,526,430,1645227123596
42264466,touchmove,529,434,1645227123605
42264466,touchmove,531,437,1645227123613
42264466,touchmove,533,440,1645227123621
42264466,touchmove,534,443,1645227123630
42264466,touchmove,536,446,1645227123638
42264466,touchmove,536,447,1645227123646
42264466,touchmove,538,450,1645227123672
42264466,touchmove,537,448,1645227123655
42264466,touchmove,538,449,1645227123663
42264466,touchmove,539,451,1645227123688
42264466,touchend,0,0,1645227123691
