42264923,touchdown,919,552,1645227693008
42264923,touchmove,918,545,1645227693024
42264923,touchmove,918,542,1645227693033
42264923,touchmove,918,540,1645227693041
42264923,touchmove,918,539,1645227693049
42264923,touchend,0,0,1645227693053
42264924,touchdown,814,565,1645227693382
42264924,touchend,0,0,1645227693428
42264925,touchdown,673,553,1645227693850
42264925,touchend,0,0,1645227693904
42264926,touchdown,524,550,1645227694351
42264926,touchend,0,0,1645227694387
42264927,touchdown,412,543,1645227694801
42264927,touchend,0,0,1645227694854
42264928,touchdown,283,543,1645227695259
42264928,touchend,0,0,1645227695312
42264929,touchdown,261,407,1645227695726
42264929,touchend,0,0,1645227695780
42264930,touchdown,398,402,1645227696201
42264930,touchend,0,0,1645227696255
42264931,touchdown,528,402,1645227696743
42264931,touchend,0,0,1645227696797
42264932,touchdown,663,410,1645227697269
42264932,touchend,0,0,1645227697322
42264933,touchdown,784,413,1645227697752
42264933,touchend,0,0,1645227697806
42264934,touchdown,912,416,1645227698211
42264934,touchend,0,0,1645227698281
42264935,touchdown,932,310,1645227698694
42264935,touchend,0,0,1645227698765
42264936,touchdown,794,287,1645227699195
42264936,touchend,0,0,1645227699265
42264937,touchdown,663,292,1645227699720
42264937,touchend,0,0,1645227699773
42264938,touchdown,532,290,1645227700204
42264938,touchend,0,0,1645227700274
42264939,touchdown,404,286,1645227700737
42264939,touchend,0,0,1645227700791
42264940,touchdown,285,283,1645227701238
42264940,touchend,0,0,1645227701299
42264941,touchdown,271,179,1645227701738
42264941,touchend,0,0,1645227701791
42264942,touchdown,396,147,1645227702230
42264942,touchend,0,0,1645227702267
42264943,touchdown,535,151,1645227702705
42264943,touchend,0,0,1645227702767
42264944,touchdown,660,162,1645227703214
42264944,touchend,0,0,1645227703267
42264945,touchdown,790,165,1645227703689
42264945,touchmove,793,162,1645227703742
42264945,touchend,0,0,1645227703750
42264946,touchdown,926,162,1645227704206
42264946,touchend,0,0,1645227704276
42264947,touchdown,927,26,1645227704739
42264947,touchend,0,0,1645227704793
42264948,touchdown,796,34,1645227705249
42264948,touchend,0,0,1645227705293
42264949,touchdown,667,32,1645227705724
42264949,touchend,0,0,1645227705785
42264950,touchdown,533,27,1645227706274
42264950,touchend,0,0,1645227706344
42264951,touchdown,410,33,1645227706782
42264951,touchend,0,0,1645227706844
42264952,touchdown,274,27,1645227707341
42264952,touchend,0,0,1645227707394
42264953,touchdown,272,153,1645227707800
42264953,touchend,0,0,1645227707886
42264954,touchdown,407,158,1645227708275
42264954,touchend,0,0,1645227708312
42264955,touchdown,529,164,1645227708784
42264955,touchend,0,0,1645227708821
42264956,touchdown,663,164,1645227709251
42264956,touchend,0,0,1645227709304
42264957,touchdown,795,165,1645227709768
42264957,touchend,0,0,1645227709821
42264958,touchdown,919,158,1645227710269
42264958,touchend,0,0,1645227710305
42264959,touchdown,931,272,1645227710751
42264959,touchend,0,0,1645227710813
42264960,touchdown,794,282,1645227711243
42264960,touchend,0,0,1645227711305
42264961,touchdown,665,288,1645227711769
42264961,touchend,0,0,1645227711813
42264962,touchdown,536,285,1645227712286
42264962,touchend,0,0,1645227712339
42264963,touchdown,400,291,1645227712785
42264963,touchend,0,0,1645227712839
42264964,touchdown,270,290,1645227713295
42264964,touchend,0,0,1645227713340
42264965,touchdown,252,410,1645227713720
42264965,touchend,0,0,1645227713790
42264966,touchdown,390,421,1645227714220
42264966,touchend,0,0,1645227714282
42264967,touchdown,528,406,1645227714762
42264967,touchend,0,0,1645227714815
42264968,touchdown,661,412,1645227715246
42264968,touchend,0,0,1645227715283
42264969,touchdown,799,414,1645227715780
42264969,touchend,0,0,1645227715824
42264970,touchdown,910,426,1645227716212
42264970,touchend,0,0,1645227716266
42264971,touchdown,926,539,1645227716789
42264971,touchend,0,0,1645227716833
42264972,touchdown,787,554,1645227717306
42264972,touchend,0,0,1645227717367
42264973,touchdown,660,557,1645227717806
42264973,touchend,0,0,1645227717867
42264974,touchdown,520,542,1645227718289
42264974,touchend,0,0,1645227718343
42264975,touchdown,397,543,1645227718781
42264975,touchend,0,0,1645227718818
42264976,touchdown,252,549,1645227719273
42264976,touchend,0,0,1645227719343
42264977,touchdown,274,423,1645227719840
42264977,touchend,0,0,1645227719885
42264978,touchdown,397,416,1645227720291
42264978,touchend,0,0,1645227720352
42264979,touchdown,526,408,1645227720765
42264979,touchmove,526,413,1645227720783
42264979,touchmove,526,412,1645227720776
42264979,touchmove,527,413,1645227720802
42264979,touchmove,528,413,1645227720815
42264979,touchmove,529,413,1645227720824
42264979,touchend,0,0,1645227720827
42264980,touchdown,661,421,1645227721292
42264980,touchend,0,0,1645227721328
42264981,touchdown,788,425,1645227721809
42264981,touchend,0,0,1645227721878
42264982,touchdown,942,429,1645227722348
42264982,touchend,0,0,1645227722420
42264983,touchdown,924,281,1645227722841
42264983,touchend,0,0,1645227722895
42264984,touchdown,783,282,1645227723334
42264984,touchend,0,0,1645227723395
42264985,touchdown,659,287,1645227723818
42264985,touchend,0,0,1645227723871
42264986,touchdown,528,289,1645227724293
42264986,touchend,0,0,1645227724346
42264987,touchdown,395,288,1645227724810
42264987,touchend,0,0,1645227724871
42264988,touchdown,262,287,1645227725318
42264988,touchend,0,0,1645227725371
42264989,touchdown,271,151,1645227725844
42264989,touchend,0,0,1645227725897
42264990,touchmove,401,155,1645227726286
42264990,touchdown,401,152,1645227726276
42264990,touchmove,401,156,1645227726296
42264990,touchend,0,0,1645227726322
42264991,touchdown,536,144,1645227726819
42264991,touchend,0,0,1645227726864
42264992,touchdown,672,152,1645227727244
42264992,touchend,0,0,1645227727323
42264993,touchdown,799,166,1645227727761
42264993,touchend,0,0,1645227727807
42264994,touchdown,930,165,1645227728245
42264994,touchend,0,0,1645227728306
42264995,touchdown,931,29,1645227728854
42264995,touchend,0,0,1645227728898
42264996,touchdown,795,25,1645227729304
42264996,touchend,0,0,1645227729365
42264997,touchdown,665,20,1645227729854
42264997,touchend,0,0,1645227729899
42264998,touchdown,539,22,1645227730321
42264998,touchend,0,0,1645227730391
42264999,touchdown,395,33,1645227730830
42264999,touchend,0,0,1645227730883
42265000,touchdown,274,33,1645227731347
42265000,touchend,0,0,1645227731408
42265001,touchdown,266,160,1645227731839
42265001,touchend,0,0,1645227731909
42265002,touchdown,399,157,1645227732373
42265002,touchend,0,0,1645227732401
42265003,touchdown,536,148,1645227732831
42265003,touchend,0,0,1645227732892
42265004,touchdown,679,136,1645227733306
42265004,touchend,0,0,1645227733351
42265005,touchdown,796,144,1645227733840
42265005,touchend,0,0,1645227733901
42265006,touchdown,918,154,1645227734348
42265006,touchend,0,0,1645227734377
42265007,touchdown,943,275,1645227734874
42265007,touchend,0,0,1645227734935
42265008,touchdown,800,293,1645227735341
42265008,touchend,0,0,1645227735402
42265009,touchdown,661,288,1645227735849
42265009,touchend,0,0,1645227735919
42265010,touchdown,527,270,1645227736316
42265010,touchend,0,0,1645227736386
42265011,touchdown,395,273,1645227736783
42265011,touchend,0,0,1645227736845
42265012,touchdown,266,268,1645227737251
42265012,touchend,0,0,1645227737312
42265013,touchdown,251,401,1645227737793
42265013,touchend,0,0,1645227737837
42265014,touchdown,368,402,1645227738251
42265014,touchend,0,0,1645227738312
42265015,touchdown,528,396,1645227738802
42265015,touchend,0,0,1645227738846
42265016,touchdown,663,397,1645227739218
42265016,touchend,0,0,1645227739280
42265017,touchdown,792,411,1645227739752
42265017,touchend,0,0,1645227739797
42265018,touchend,0,0,1645227740255
42265018,touchdown,922,414,1645227740202
42265019,touchdown,927,537,1645227740744
42265019,touchend,0,0,1645227740806
42265020,touchdown,788,552,1645227741218
42265020,touchend,0,0,1645227741273
42265021,touchdown,651,548,1645227741752
42265021,touchend,0,0,1645227741823
42265022,touchdown,523,543,1645227742220
42265022,touchend,0,0,1645227742281
42265023,touchdown,385,535,1645227742736
42265023,touchend,0,0,1645227742790
42265024,touchdown,253,530,1645227743212
42265024,touchend,0,0,1645227743282
42265025,touchdown,274,397,1645227743771
42265025,touchend,0,0,1645227743807
42265026,touchend,0,0,1645227744299
42265026,touchdown,394,405,1645227744254
42265027,touchdown,526,411,1645227744721
42265027,touchend,0,0,1645227744774
42265028,touchdown,643,411,1645227745230
42265028,touchend,0,0,1645227745291
42265029,touchdown,796,409,1645227745738
42265029,touchend,0,0,1645227745791
42265030,touchdown,921,407,1645227746272
42265030,touchend,0,0,1645227746334
42265031,touchdown,931,290,1645227746821
42265031,touchend,0,0,1645227746876
42265032,touchdown,788,275,1645227747281
42265032,touchend,0,0,1645227747351
42265033,touchdown,657,277,1645227747814
42265033,touchend,0,0,1645227747860
42265034,touchdown,526,271,1645227748273
42265034,touchend,0,0,1645227748352
42265035,touchdown,405,280,1645227748740
42265035,touchend,0,0,1645227748819
42265036,touchdown,273,273,1645227749232
42265036,touchend,0,0,1645227749327
42265037,touchdown,274,148,1645227749758
42265037,touchend,0,0,1645227749819
42265038,touchdown,404,144,1645227750233
42265038,touchend,0,0,1645227750303
42265039,touchdown,532,149,1645227750740
42265039,touchend,0,0,1645227750795
42265040,touchdown,659,167,1645227751258
42265040,touchend,0,0,1645227751320
42265041,touchdown,787,162,1645227751709
42265041,touchend,0,0,1645227751778
42265042,touchdown,924,157,1645227752209
42265042,touchend,0,0,1645227752279
42265043,touchdown,925,36,1645227752692
42265043,touchend,0,0,1645227752762
42265044,touchdown,789,29,1645227753226
42265044,touchend,0,0,1645227753271
42265045,touchdown,652,22,1645227753735
42265045,touchend,0,0,1645227753788
42265046,touchdown,529,22,1645227754235
42265046,touchend,0,0,1645227754296
42265047,touchdown,397,24,1645227754735
42265047,touchend,0,0,1645227754797
42265048,touchdown,269,20,1645227755243
42265048,touchend,0,0,1645227755289
42265049,touchdown,269,139,1645227755719
42265049,touchend,0,0,1645227755798
42265050,touchdown,405,156,1645227756236
42265050,touchend,0,0,1645227756298
42265051,touchdown,531,154,1645227756753
42265051,touchend,0,0,1645227756790
42265052,touchdown,668,156,1645227757262
42265052,touchend,0,0,1645227757299
42265053,touchdown,789,159,1645227757745
42265053,touchend,0,0,1645227757807
42265054,touchdown,938,149,1645227758279
42265054,touchend,0,0,1645227758332
42265055,touchdown,927,269,1645227758846
42265055,touchend,0,0,1645227758907
42265056,touchdown,800,291,1645227759330
42265056,touchend,0,0,1645227759383
42265057,touchdown,656,281,1645227759847
42265057,touchend,0,0,1645227759891
42265058,touchdown,529,287,1645227760355
42265058,touchend,0,0,1645227760417
42265059,touchdown,410,281,1645227760872
42265059,touchend,0,0,1645227760934
42265060,touchdown,259,271,1645227761380
42265060,touchend,0,0,1645227761418
42265061,touchdown,263,402,1645227761848
42265061,touchend,0,0,1645227761901
