42265786,touchdown,912,583,1645228831795
42265786,touchend,0,0,1645228831855
42265787,touchdown,802,562,1645228832503
42265787,touchend,0,0,1645228832564
42265788,touchdown,657,552,1645228833210
42265788,touchend,0,0,1645228833273
42265789,touchdown,508,539,1645228833937
42265789,touchend,0,0,1645228834015
42265790,touchdown,394,549,1645228834712
42265790,touchend,0,0,1645228834782
42265791,touchdown,266,542,1645228835454
42265791,touchend,0,0,1645228835524
42265792,touchdown,271,414,1645228836155
42265792,touchend,0,0,1645228836233
42265793,touchdown,411,404,1645228836870
42265793,touchend,0,0,1645228836958
42265794,touchdown,531,416,1645228837631
42265794,touchend,0,0,1645228837709
42265795,touchdown,660,416,1645228838356
42265795,touchend,0,0,1645228838426
42265796,touchdown,782,426,1645228839090
42265796,touchend,0,0,1645228839176
42265797,touchdown,926,434,1645228839824
42265797,touchend,0,0,1645228839902
42265798,touchdown,922,308,1645228840622
42265798,touchend,0,0,1645228840661
42265799,touchdown,781,265,1645228841341
42265799,touchend,0,0,1645228841436
42265800,touchdown,657,272,1645228842100
42265800,touchend,0,0,1645228842195
42265801,touchdown,538,282,1645228842908
42265801,touchend,0,0,1645228842978
42265802,touchdown,404,284,1645228843642
42265802,touchend,0,0,1645228843721
42265803,touchdown,262,279,1645228844427
42265803,touchend,0,0,1645228844513
42265804,touchdown,270,141,1645228845184
42265804,touchend,0,0,1645228845288
42265805,touchdown,393,154,1645228845918
42265805,touchend,0,0,1645228845997
42265806,touchdown,538,169,1645228846669
42265806,touchend,0,0,1645228846748
42265807,touchdown,658,159,1645228847461
42265807,touchend,0,0,1645228847548
42265808,touchdown,786,156,1645228848203
42265808,touchend,0,0,1645228848307
42265809,touchdown,925,167,1645228848954
42265809,touchend,0,0,1645228849040
42265810,touchdown,915,53,1645228849695
42265810,touchend,0,0,1645228849757
42265811,touchdown,788,36,1645228850364
42265811,touchend,0,0,1645228850433
42265812,touchdown,667,45,1645228851155
42265812,touchend,0,0,1645228851216
42265813,touchdown,533,33,1645228851880
42265813,touchend,0,0,1645228851959
42265814,touchdown,400,40,1645228852623
42265814,touchend,0,0,1645228852709
42265815,touchdown,278,17,1645228853423
42265815,touchend,0,0,1645228853501
42265816,touchdown,261,159,1645228854157
42265816,touchend,0,0,1645228854227
42265817,touchdown,397,176,1645228854832
42265817,touchmove,394,174,1645228854902
42265817,touchmove,393,176,1645228854915
42265817,touchend,0,0,1645228854918
42265818,touchdown,521,171,1645228855574
42265818,touchend,0,0,1645228855653
42265819,touchdown,657,176,1645228856291
42265819,touchend,0,0,1645228856361
42265820,touchdown,784,168,1645228857067
42265820,touchend,0,0,1645228857145
42265821,touchdown,916,171,1645228857842
42265821,touchend,0,0,1645228857895
42265822,touchdown,913,275,1645228858618
42265822,touchend,0,0,1645228858713
42265823,touchdown,789,298,1645228859377
42265823,touchend,0,0,1645228859438
42265824,touchdown,654,292,1645228860152
42265824,touchend,0,0,1645228860197
42265825,touchdown,519,289,1645228860861
42265825,touchend,0,0,1645228860947
42265826,touchdown,406,287,1645228861644
42265826,touchend,0,0,1645228861731
42265827,touchdown,265,281,1645228862420
42265827,touchend,0,0,1645228862531
42265828,touchdown,261,414,1645228863162
42265828,touchend,0,0,1645228863273
42265829,touchdown,398,430,1645228863862
42265829,touchend,0,0,1645228863949
42265830,touchdown,528,430,1645228864646
42265830,touchend,0,0,1645228864741
42265831,touchdown,655,429,1645228865347
42265831,touchend,0,0,1645228865433
42265832,touchdown,788,432,1645228866146
42265832,touchend,0,0,1645228866234
42265833,touchdown,922,433,1645228866872
42265833,touchend,0,0,1645228866951
42265834,touchdown,915,559,1645228867630
42265834,touchend,0,0,1645228867668
42265835,touchdown,808,557,1645228868356
42265835,touchend,0,0,1645228868451
42265836,touchdown,659,564,1645228869149
42265836,touchend,0,0,1645228869210
42265837,touchdown,528,554,1645228869841
42265837,touchend,0,0,1645228869927
42265838,touchdown,400,549,1645228870583
42265838,touchend,0,0,1645228870669
42265839,touchdown,255,556,1645228871325
42265839,touchend,0,0,1645228871412
42265840,touchdown,259,425,1645228872025
42265840,touchend,0,0,1645228872095
42265841,touchdown,394,427,1645228872717
42265841,touchend,0,0,1645228872821
42265842,touchdown,523,429,1645228873468
42265842,touchend,0,0,1645228873547
42265843,touchdown,645,419,1645228874160
42265843,touchend,0,0,1645228874247
42265844,touchdown,797,423,1645228874927
42265844,touchend,0,0,1645228875030
42265845,touchdown,918,423,1645228875694
42265845,touchend,0,0,1645228875789
42265846,touchdown,929,307,1645228876436
42265846,touchend,0,0,1645228876531
42265847,touchdown,794,291,1645228877144
42265847,touchend,0,0,1645228877206
42265848,touchdown,660,289,1645228877920
42265848,touchend,0,0,1645228878007
42265849,touchdown,531,292,1645228878696
42265849,touchend,0,0,1645228878766
42265850,touchdown,391,295,1645228879438
42265850,touchend,0,0,1645228879533
42265851,touchdown,274,296,1645228880244
42265851,touchend,0,0,1645228880325
42265852,touchdown,264,172,1645228880997
42265852,touchmove,270,170,1645228881067
42265852,touchend,0,0,1645228881076
42265853,touchdown,394,163,1645228881773
42265853,touchmove,398,158,1645228881859
42265853,touchend,0,0,1645228881868
42265854,touchdown,538,167,1645228882565
42265854,touchend,0,0,1645228882643
42265855,touchdown,665,150,1645228883265
42265855,touchmove,665,146,1645228883344
42265855,touchmove,665,148,1645228883357
42265855,touchmove,665,151,1645228883365
42265855,touchend,0,0,1645228883368
42265856,touchdown,794,162,1645228883982
42265856,touchmove,795,165,1645228884069
42265856,touchend,0,0,1645228884077
42265857,touchdown,920,157,1645228884724
42265857,touchmove,923,162,1645228884794
42265857,touchmove,923,163,1645228884807
42265857,touchmove,924,165,1645228884816
42265857,touchmove,925,166,1645228884824
42265857,touchend,0,0,1645228884828
42265858,touchdown,917,34,1645228885517
42265858,touchend,0,0,1645228885595
42265859,touchdown,784,34,1645228886234
42265859,touchend,0,0,1645228886312
42265860,touchdown,658,29,1645228886968
42265860,touchend,0,0,1645228887079
42265861,touchdown,527,28,1645228887793
42265861,touchend,0,0,1645228887888
42265862,touchdown,389,28,1645228888560
42265862,touchend,0,0,1645228888655
42265863,touchdown,261,24,1645228889277
42265863,touchend,0,0,1645228889380
42265864,touchdown,245,138,1645228890044
42265864,touchmove,243,135,1645228890131
42265864,touchmove,245,137,1645228890144
42265864,touchend,0,0,1645228890147
42265865,touchdown,403,163,1645228890810
42265865,touchend,0,0,1645228890890
42265866,touchdown,542,148,1645228891578
42265866,touchend,0,0,1645228891657
42265867,touchdown,661,162,1645228892346
42265867,touchmove,660,161,1645228892432
42265867,touchend,0,0,1645228892440
42265868,touchdown,790,170,1645228893154
42265868,touchend,0,0,1645228893257
42265869,touchdown,919,160,1645228893838
42265869,touchend,0,0,1645228893950
42265870,touchdown,931,295,1645228894588
42265870,touchend,0,0,1645228894683
42265871,touchdown,798,312,1645228895364
42265871,touchmove,794,304,1645228895409
42265871,touchmove,794,303,1645228895447
42265871,touchmove,795,303,1645228895464
42265871,touchmove,796,304,1645228895472
42265871,touchend,0,0,1645228895476
42265872,touchdown,669,290,1645228896089
42265872,touchend,0,0,1645228896176
42265873,touchdown,527,279,1645228896806
42265873,touchend,0,0,1645228896901
42265874,touchdown,398,285,1645228897549
42265874,touchend,0,0,1645228897644
42265875,touchdown,257,292,1645228898274
42265875,touchend,0,0,1645228898360
42265876,touchdown,269,424,1645228899032
42265876,touchend,0,0,1645228899111
42265877,touchdown,391,414,1645228899709
42265877,touchend,0,0,1645228899803
42265878,touchdown,519,432,1645228900449
42265878,touchend,0,0,1645228900553
42265879,touchdown,667,421,1645228901159
42265879,touchend,0,0,1645228901262
42265880,touchdown,782,427,1645228901852
42265880,touchend,0,0,1645228901963
42265881,touchdown,914,429,1645228902585
42265881,touchend,0,0,1645228902688
42265882,touchdown,938,556,1645228903352
42265882,touchend,0,0,1645228903455
42265883,touchdown,793,556,1645228904110
42265883,touchend,0,0,1645228904214
42265884,touchdown,657,564,1645228904928
42265884,touchend,0,0,1645228905014
42265885,touchdown,532,548,1645228905729
42265885,touchend,0,0,1645228905831
42265886,touchdown,384,550,1645228906529
42265886,touchend,0,0,1645228906624
42265887,touchdown,276,544,1645228907354
42265887,touchend,0,0,1645228907449
42265888,touchdown,262,428,1645228908096
42265888,touchend,0,0,1645228908191
42265889,touchdown,388,415,1645228908796
42265889,touchend,0,0,1645228908883
42265890,touchdown,526,414,1645228909505
42265890,touchend,0,0,1645228909617
42265891,touchdown,655,425,1645228910256
42265891,touchend,0,0,1645228910342
42265892,touchdown,785,429,1645228910965
42265892,touchend,0,0,1645228911076
42265893,touchdown,920,415,1645228911732
42265893,touchend,0,0,1645228911852
42265894,touchdown,922,312,1645228912499
42265894,touchend,0,0,1645228912578
42265895,touchdown,786,289,1645228913207
42265895,touchend,0,0,1645228913311
42265896,touchdown,653,286,1645228913916
42265896,touchend,0,0,1645228914028
42265897,touchdown,530,289,1645228914684
42265897,touchend,0,0,1645228914787
42265898,touchdown,404,288,1645228915434
42265898,touchend,0,0,1645228915520
42265899,touchdown,273,283,1645228916201
42265899,touchend,0,0,1645228916304
42265900,touchdown,267,154,1645228916934
42265900,touchend,0,0,1645228917029
42265901,touchdown,409,140,1645228917652
42265901,touchmove,409,137,1645228917730
42265901,touchmove,410,138,1645228917743
42265901,touchend,0,0,1645228917747
42265902,touchdown,538,152,1645228918386
42265902,touchend,0,0,1645228918455
42265903,touchdown,663,165,1645228919052
42265903,touchmove,668,165,1645228919139
42265903,touchend,0,0,1645228919147
42265904,touchdown,793,159,1645228919795
42265904,touchend,0,0,1645228919906
42265905,touchdown,919,153,1645228920512
42265905,touchmove,922,154,1645228920606
42265905,touchend,0,0,1645228920615
42265906,touchdown,930,40,1645228921229
42265906,touchmove,931,34,1645228921299
42265906,touchmove,931,35,1645228921312
42265906,touchmove,931,38,1645228921320
42265906,touchmove,932,40,1645228921329
42265906,touchend,0,0,1645228921332
42265907,touchdown,798,41,1645228922003
42265907,touchend,0,0,1645228922074
42265908,touchdown,665,25,1645228922655
42265908,touchend,0,0,1645228922733
42265909,touchdown,528,34,1645228923339
42265909,touchend,0,0,1645228923433
42265910,touchdown,396,22,1645228924030
42265910,touchend,0,0,1645228924109
42265911,touchdown,266,17,1645228924730
42265911,touchmove,263,15,1645228924759
42265911,touchmove,263,14,1645228924772
42265911,touchmove,263,13,1645228924781
42265911,touchend,0,0,1645228924817
42265912,touchdown,264,135,1645228925447
42265912,touchmove,267,134,1645228925518
42265912,touchend,0,0,1645228925526
42265913,touchdown,404,163,1645228926157
42265913,touchmove,405,167,1645228926226
42265913,touchend,0,0,1645228926235
42265914,touchdown,529,172,1645228926823
42265914,touchmove,534,169,1645228926877
42265914,touchmove,535,170,1645228926890
42265914,touchend,0,0,1645228926893
42265915,touchdown,653,165,1645228927550
42265915,touchend,0,0,1645228927628
42265916,touchdown,799,163,1645228928300
42265916,touchmove,799,161,1645228928378
42265916,touchmove,799,163,1645228928391
42265916,touchend,0,0,1645228928394
42265917,touchdown,927,157,1645228929025
42265917,touchmove,926,157,1645228929095
42265917,touchmove,926,159,1645228929108
42265917,touchend,0,0,1645228929112
42265918,touchdown,921,300,1645228929767
42265918,touchend,0,0,1645228929812
42265919,touchdown,815,298,1645228930493
42265919,touchend,0,0,1645228930579
42265920,touchdown,662,310,1645228931301
42265920,touchend,0,0,1645228931354
42265921,touchdown,518,302,1645228932052
42265921,touchmove,515,295,1645228932071
42265921,touchmove,515,293,1645228932085
42265921,touchmove,515,291,1645228932093
42265921,touchmove,515,290,1645228932101
42265921,touchmove,517,291,1645228932130
42265921,touchmove,518,294,1645228932143
42265921,touchend,0,0,1645228932147
42265922,touchdown,399,293,1645228932735
42265922,touchend,0,0,1645228932839
42265923,touchdown,264,304,1645228933511
42265923,touchend,0,0,1645228933581
42265924,touchdown,259,422,1645228934219
42265924,touchend,0,0,1645228934314
42265925,touchdown,400,426,1645228935061
42265925,touchend,0,0,1645228935140
42265926,touchdown,521,420,1645228935812
42265926,touchend,0,0,1645228935891
42265927,touchdown,660,423,1645228936537
42265927,touchend,0,0,1645228936624
42265928,touchdown,794,428,1645228937279
42265928,touchend,0,0,1645228937341
42265929,touchdown,913,421,1645228937997
42265929,touchmove,913,412,1645228938025
42265929,touchmove,913,411,1645228938038
42265929,touchmove,913,410,1645228938046
42265929,touchmove,914,410,1645228938072
42265929,touchmove,915,411,1645228938080
42265929,touchmove,915,414,1645228938088
42265929,touchmove,916,417,1645228938097
42265929,touchend,0,0,1645228938100
42265930,touchdown,922,548,1645228938764
42265930,touchend,0,0,1645228938843
42265931,touchdown,794,567,1645228939581
42265931,touchend,0,0,1645228939634
42265932,touchdown,652,552,1645228940265
42265932,touchend,0,0,1645228940351
42265933,touchdown,535,558,1645228941024
42265933,touchend,0,0,1645228941068
42265934,touchdown,405,554,1645228941782
42265934,touchend,0,0,1645228941861
42265935,touchdown,264,569,1645228942574
42265935,touchend,0,0,1645228942619
42265936,touchdown,250,411,1645228943292
42265936,touchend,0,0,1645228943370
42265937,touchdown,383,398,1645228944017
42265937,touchend,0,0,1645228944137
42265938,touchdown,512,425,1645228944843
42265938,touchmove,514,421,1645228944895
42265938,touchmove,514,420,1645228944909
42265938,touchmove,514,419,1645228944917
42265938,touchmove,514,418,1645228944934
42265938,touchend,0,0,1645228944962
42265939,touchdown,662,433,1645228945610
42265939,touchend,0,0,1645228945688
42265940,touchdown,807,431,1645228946526
42265940,touchmove,804,425,1645228946596
42265940,touchmove,803,424,1645228946610
42265940,touchmove,803,423,1645228946618
42265940,touchmove,802,423,1645228946626
42265940,touchmove,802,422,1645228946635
42265940,touchend,0,0,1645228946656
42265941,touchdown,930,431,1645228947194
42265941,touchend,0,0,1645228947280
42265942,touchdown,924,305,1645228947912
42265942,touchend,0,0,1645228947981
42265943,touchdown,785,287,1645228948585
42265943,touchmove,790,280,1645228948614
42265943,touchmove,790,279,1645228948628
42265943,touchmove,791,279,1645228948636
42265943,touchmove,793,279,1645228948644
42265943,touchmove,795,279,1645228948653
42265943,touchmove,797,282,1645228948661
42265943,touchend,0,0,1645228948665
42265944,touchdown,658,290,1645228949295
42265944,touchend,0,0,1645228949373
