42272089,touchdown,271,23,1645329109219
42272089,touchmove,273,19,1645329109373
42272089,touchmove,275,19,1645329109381
42272089,touchmove,278,20,1645329109390
42272089,touchmove,281,20,1645329109398
42272089,touchmove,287,20,1645329109406
42272089,touchmove,294,20,1645329109415
42272089,touchmove,302,20,1645329109423
42272089,touchmove,311,20,1645329109432
42272089,touchmove,319,20,1645329109440
42272089,touchmove,327,20,1645329109448
42272089,touchmove,333,20,1645329109456
42272089,touchmove,339,20,1645329109465
42272089,touchmove,345,20,1645329109473
42272089,touchmove,349,20,1645329109481
42272089,touchmove,353,21,1645329109490
42272089,touchmove,356,22,1645329109498
42272089,touchmove,359,23,1645329109506
42272089,touchmove,361,24,1645329109515
42272089,touchmove,364,25,1645329109523
42272089,touchmove,367,26,1645329109531
42272089,touchmove,370,27,1645329109540
42272089,touchmove,373,27,1645329109548
42272089,touchmove,377,29,1645329109557
42272089,touchmove,382,29,1645329109565
42272089,touchmove,385,29,1645329109573
42272089,touchmove,389,30,1645329109581
42272089,touchmove,392,30,1645329109590
42272089,touchmove,395,30,1645329109598
42272089,touchmove,397,30,1645329109606
42272089,touchmove,400,30,1645329109615
42272089,touchmove,402,30,1645329109623
42272089,touchmove,404,30,1645329109632
42272089,touchmove,406,30,1645329109640
42272089,touchmove,408,30,1645329109648
42272089,touchmove,409,30,1645329109657
42272089,touchmove,410,30,1645329109665
42272089,touchmove,410,31,1645329109673
42272089,touchmove,411,31,1645329109764
42272089,touchend,0,0,1645329109773
42272090,touchdown,263,165,1645329110129
42272090,touchmove,267,172,1645329110223
42272090,touchmove,269,172,1645329110232
42272090,touchmove,271,172,1645329110240
42272090,touchmove,273,172,1645329110248
42272090,touchmove,277,172,1645329110257
42272090,touchmove,281,173,1645329110265
42272090,touchmove,286,173,1645329110274
42272090,touchmove,292,173,1645329110282
42272090,touchmove,298,173,1645329110290
42272090,touchmove,304,173,1645329110298
42272090,touchmove,310,173,1645329110307
42272090,touchmove,316,173,1645329110315
42272090,touchmove,322,173,1645329110324
42272090,touchmove,328,173,1645329110332
42272090,touchmove,333,173,1645329110340
42272090,touchmove,340,173,1645329110349
42272090,touchmove,346,173,1645329110357
42272090,touchmove,351,173,1645329110365
42272090,touchmove,356,174,1645329110374
42272090,touchmove,361,175,1645329110382
42272090,touchmove,364,176,1645329110390
42272090,touchmove,368,176,1645329110398
42272090,touchmove,371,177,1645329110407
42272090,touchmove,374,177,1645329110415
42272090,touchmove,376,179,1645329110424
42272090,touchmove,378,179,1645329110432
42272090,touchmove,380,180,1645329110440
42272090,touchmove,382,181,1645329110449
42272090,touchmove,384,181,1645329110457
42272090,touchmove,386,182,1645329110465
42272090,touchmove,388,182,1645329110474
42272090,touchmove,391,182,1645329110482
42272090,touchmove,393,182,1645329110490
42272090,touchmove,397,183,1645329110507
42272090,touchmove,400,183,1645329110515
42272090,touchmove,395,182,1645329110499
42272090,touchmove,402,183,1645329110524
42272090,touchmove,405,183,1645329110532
42272090,touchmove,407,183,1645329110540
42272090,touchmove,408,183,1645329110557
42272090,touchmove,409,183,1645329110682
42272090,touchmove,410,183,1645329110691
42272090,touchend,0,0,1645329110698
42272091,touchdown,259,299,1645329110988
42272091,touchmove,262,302,1645329111083
42272091,touchmove,263,302,1645329111091
42272091,touchmove,264,302,1645329111099
42272091,touchmove,265,302,1645329111107
42272091,touchmove,267,302,1645329111116
42272091,touchmove,270,302,1645329111124
42272091,touchmove,273,302,1645329111132
42272091,touchmove,277,302,1645329111141
42272091,touchmove,282,301,1645329111149
42272091,touchmove,288,301,1645329111157
42272091,touchmove,294,300,1645329111166
42272091,touchmove,301,299,1645329111174
42272091,touchmove,308,299,1645329111182
42272091,touchmove,314,298,1645329111191
42272091,touchmove,322,298,1645329111199
42272091,touchmove,329,297,1645329111207
42272091,touchmove,336,296,1645329111216
42272091,touchmove,344,295,1645329111224
42272091,touchmove,352,295,1645329111232
42272091,touchmove,360,294,1645329111241
42272091,touchmove,366,294,1645329111249
42272091,touchmove,379,294,1645329111266
42272091,touchmove,373,294,1645329111258
42272091,touchmove,384,294,1645329111274
42272091,touchmove,389,294,1645329111282
42272091,touchmove,393,295,1645329111291
42272091,touchmove,397,295,1645329111299
42272091,touchmove,400,296,1645329111308
42272091,touchmove,407,297,1645329111324
42272091,touchmove,403,297,1645329111316
42272091,touchmove,410,298,1645329111332
42272091,touchmove,412,298,1645329111341
42272091,touchmove,415,298,1645329111349
42272091,touchmove,416,298,1645329111357
42272091,touchmove,418,299,1645329111366
42272091,touchmove,419,299,1645329111374
42272091,touchmove,420,299,1645329111391
42272091,touchmove,419,299,1645329111474
42272091,touchmove,418,299,1645329111491
42272091,touchend,0,0,1645329111498
42272092,touchdown,254,421,1645329111789
42272092,touchmove,258,428,1645329111907
42272092,touchmove,259,428,1645329111916
42272092,touchmove,260,428,1645329111925
42272092,touchmove,262,428,1645329111933
42272092,touchmove,264,428,1645329111941
42272092,touchmove,267,428,1645329111949
42272092,touchmove,271,428,1645329111958
42272092,touchmove,276,428,1645329111966
42272092,touchmove,281,427,1645329111975
42272092,touchmove,287,427,1645329111983
42272092,touchmove,293,426,1645329111991
42272092,touchmove,300,426,1645329112000
42272092,touchmove,307,425,1645329112008
42272092,touchmove,314,424,1645329112016
42272092,touchmove,321,423,1645329112025
42272092,touchmove,329,422,1645329112033
42272092,touchmove,336,422,1645329112041
42272092,touchmove,345,421,1645329112050
42272092,touchmove,353,421,1645329112058
42272092,touchmove,360,421,1645329112066
42272092,touchmove,368,420,1645329112075
42272092,touchmove,376,420,1645329112083
42272092,touchmove,382,420,1645329112091
42272092,touchmove,388,420,1645329112100
42272092,touchmove,394,420,1645329112108
42272092,touchmove,399,420,1645329112116
42272092,touchmove,403,420,1645329112125
42272092,touchmove,408,421,1645329112133
42272092,touchmove,412,421,1645329112141
42272092,touchmove,415,422,1645329112150
42272092,touchmove,418,423,1645329112158
42272092,touchmove,421,426,1645329112175
42272092,touchmove,420,425,1645329112166
42272092,touchmove,422,427,1645329112183
42272092,touchmove,422,428,1645329112191
42272092,touchmove,422,429,1645329112208
42272092,touchmove,422,428,1645329112291
42272092,touchmove,421,427,1645329112300
42272092,touchmove,420,427,1645329112316
42272092,touchmove,419,427,1645329112325
42272092,touchend,0,0,1645329112332
42272093,touchdown,253,540,1645329112603
42272093,touchmove,255,548,1645329112666
42272093,touchmove,256,549,1645329112675
42272093,touchmove,257,550,1645329112683
42272093,touchmove,258,551,1645329112691
42272093,touchmove,260,552,1645329112700
42272093,touchmove,261,553,1645329112708
42272093,touchmove,263,554,1645329112717
42272093,touchmove,265,554,1645329112725
42272093,touchmove,267,554,1645329112734
42272093,touchmove,269,555,1645329112742
42272093,touchmove,272,555,1645329112750
42272093,touchmove,276,555,1645329112758
42272093,touchmove,280,555,1645329112767
42272093,touchmove,285,555,1645329112775
42272093,touchmove,291,555,1645329112783
42272093,touchmove,297,554,1645329112792
42272093,touchmove,304,553,1645329112800
42272093,touchmove,312,552,1645329112808
42272093,touchmove,319,551,1645329112817
42272093,touchmove,327,550,1645329112825
42272093,touchmove,335,549,1645329112833
42272093,touchmove,342,548,1645329112842
42272093,touchmove,357,547,1645329112858
42272093,touchmove,350,548,1645329112850
42272093,touchmove,364,547,1645329112867
42272093,touchmove,371,547,1645329112875
42272093,touchmove,378,547,1645329112883
42272093,touchmove,388,547,1645329112900
42272093,touchmove,383,547,1645329112892
42272093,touchmove,393,547,1645329112908
42272093,touchmove,396,548,1645329112917
42272093,touchmove,400,549,1645329112925
42272093,touchmove,403,550,1645329112933
42272093,touchmove,405,551,1645329112942
42272093,touchmove,407,552,1645329112950
42272093,touchmove,408,553,1645329112958
42272093,touchmove,409,554,1645329112967
42272093,touchmove,410,554,1645329112983
42272093,touchmove,410,555,1645329112992
42272093,touchmove,410,554,1645329113059
42272093,touchend,0,0,1645329113082
42272094,touchdown,528,562,1645329113380
42272094,touchmove,532,562,1645329113500
42272094,touchmove,534,562,1645329113509
42272094,touchmove,538,562,1645329113517
42272094,touchmove,543,562,1645329113525
42272094,touchmove,548,561,1645329113534
42272094,touchmove,554,561,1645329113542
42272094,touchmove,560,559,1645329113550
42272094,touchmove,567,559,1645329113559
42272094,touchmove,574,558,1645329113567
42272094,touchmove,580,557,1645329113575
42272094,touchmove,587,557,1645329113584
42272094,touchmove,593,557,1645329113592
42272094,touchmove,599,557,1645329113600
42272094,touchmove,605,557,1645329113609
42272094,touchmove,611,557,1645329113617
42272094,touchmove,617,557,1645329113625
42272094,touchmove,624,557,1645329113634
42272094,touchmove,630,557,1645329113642
42272094,touchmove,636,557,1645329113650
42272094,touchmove,642,557,1645329113659
42272094,touchmove,647,557,1645329113667
42272094,touchmove,652,557,1645329113675
42272094,touchmove,656,557,1645329113684
42272094,touchmove,659,557,1645329113692
42272094,touchmove,661,557,1645329113700
42272094,touchmove,663,557,1645329113709
42272094,touchmove,664,557,1645329113717
42272094,touchmove,663,556,1645329113783
42272094,touchmove,663,554,1645329113801
42272094,touchmove,663,552,1645329113809
42272094,touchmove,663,550,1645329113817
42272094,touchmove,663,548,1645329113826
42272094,touchmove,662,546,1645329113834
42272094,touchmove,660,544,1645329113842
42272094,touchend,0,0,1645329113850
42272095,touchdown,520,448,1645329114131
42272095,touchmove,515,441,1645329114175
42272095,touchmove,515,440,1645329114184
42272095,touchmove,515,439,1645329114201
42272095,touchmove,516,439,1645329114217
42272095,touchmove,517,439,1645329114226
42272095,touchmove,519,439,1645329114234
42272095,touchmove,520,439,1645329114242
42272095,touchmove,522,438,1645329114251
42272095,touchmove,524,438,1645329114259
42272095,touchmove,528,438,1645329114268
42272095,touchmove,531,437,1645329114276
42272095,touchmove,536,436,1645329114284
42272095,touchmove,542,435,1645329114292
42272095,touchmove,550,434,1645329114301
42272095,touchmove,557,434,1645329114309
42272095,touchmove,564,432,1645329114317
42272095,touchmove,580,431,1645329114334
42272095,touchmove,572,432,1645329114326
42272095,touchmove,595,430,1645329114351
42272095,touchmove,587,430,1645329114343
42272095,touchmove,603,429,1645329114359
42272095,touchmove,611,429,1645329114367
42272095,touchmove,619,428,1645329114376
42272095,touchmove,627,428,1645329114384
42272095,touchmove,634,427,1645329114393
42272095,touchmove,642,427,1645329114401
42272095,touchmove,648,427,1645329114409
42272095,touchmove,658,427,1645329114426
42272095,touchmove,653,427,1645329114418
42272095,touchmove,663,427,1645329114434
42272095,touchmove,666,427,1645329114443
42272095,touchmove,670,427,1645329114451
42272095,touchmove,673,427,1645329114459
42272095,touchmove,675,427,1645329114468
42272095,touchmove,679,427,1645329114484
42272095,touchmove,681,427,1645329114493
42272095,touchmove,682,427,1645329114501
42272095,touchmove,683,427,1645329114518
42272095,touchmove,677,427,1645329114476
42272095,touchmove,683,426,1645329114542
42272095,touchmove,683,425,1645329114551
42272095,touchmove,683,423,1645329114568
42272095,touchmove,682,422,1645329114576
42272095,touchmove,681,420,1645329114584
42272095,touchmove,679,419,1645329114593
42272095,touchend,0,0,1645329114601
42272096,touchdown,526,310,1645329114923
42272096,touchmove,527,309,1645329115017
42272096,touchmove,529,309,1645329115026
42272096,touchmove,533,309,1645329115035
42272096,touchmove,538,309,1645329115043
42272096,touchmove,545,309,1645329115051
42272096,touchmove,553,308,1645329115060
42272096,touchmove,561,307,1645329115068
42272096,touchmove,569,306,1645329115076
42272096,touchmove,577,305,1645329115085
42272096,touchmove,585,304,1645329115093
42272096,touchmove,592,304,1645329115101
42272096,touchmove,600,303,1645329115110
42272096,touchmove,608,303,1645329115118
42272096,touchmove,615,303,1645329115126
42272096,touchmove,623,302,1645329115135
42272096,touchmove,632,302,1645329115143
42272096,touchmove,639,302,1645329115151
42272096,touchmove,647,302,1645329115160
42272096,touchmove,653,301,1645329115168
42272096,touchmove,659,301,1645329115176
42272096,touchmove,664,301,1645329115185
42272096,touchmove,668,301,1645329115193
42272096,touchmove,672,301,1645329115202
42272096,touchmove,674,301,1645329115210
42272096,touchmove,677,300,1645329115218
42272096,touchmove,678,300,1645329115226
42272096,touchmove,679,300,1645329115235
42272096,touchmove,679,299,1645329115251
42272096,touchmove,679,298,1645329115276
42272096,touchmove,679,296,1645329115293
42272096,touchmove,679,295,1645329115301
42272096,touchmove,679,294,1645329115310
42272096,touchmove,678,292,1645329115318
42272096,touchend,0,0,1645329115326
42272097,touchdown,527,176,1645329115639
42272097,touchmove,529,174,1645329115726
42272097,touchmove,531,174,1645329115735
42272097,touchmove,533,174,1645329115743
42272097,touchmove,536,174,1645329115752
42272097,touchmove,540,174,1645329115760
42272097,touchmove,545,174,1645329115768
42272097,touchmove,550,174,1645329115777
42272097,touchmove,556,174,1645329115785
42272097,touchmove,562,174,1645329115793
42272097,touchmove,569,174,1645329115802
42272097,touchmove,576,174,1645329115810
42272097,touchmove,583,174,1645329115818
42272097,touchmove,590,174,1645329115827
42272097,touchmove,597,174,1645329115835
42272097,touchmove,604,174,1645329115843
42272097,touchmove,612,174,1645329115852
42272097,touchmove,619,174,1645329115860
42272097,touchmove,626,174,1645329115868
42272097,touchmove,633,174,1645329115877
42272097,touchmove,640,174,1645329115885
42272097,touchmove,647,174,1645329115893
42272097,touchmove,653,174,1645329115902
42272097,touchmove,659,174,1645329115910
42272097,touchmove,664,174,1645329115918
42272097,touchmove,669,174,1645329115927
42272097,touchmove,673,174,1645329115935
42272097,touchmove,676,175,1645329115943
42272097,touchmove,679,175,1645329115952
42272097,touchmove,681,175,1645329115960
42272097,touchmove,682,176,1645329115968
42272097,touchmove,683,176,1645329115977
42272097,touchmove,683,175,1645329116043
42272097,touchmove,682,174,1645329116052
42272097,touchmove,682,173,1645329116060
42272097,touchmove,681,172,1645329116069
42272097,touchmove,681,170,1645329116077
42272097,touchmove,679,168,1645329116085
42272097,touchend,0,0,1645329116093
42272098,touchdown,536,53,1645329116399
42272098,touchmove,540,47,1645329116460
42272098,touchmove,541,47,1645329116469
42272098,touchmove,543,47,1645329116477
42272098,touchmove,544,47,1645329116485
42272098,touchmove,545,47,1645329116494
42272098,touchmove,548,47,1645329116502
42272098,touchmove,550,47,1645329116510
42272098,touchmove,553,47,1645329116519
42272098,touchmove,557,47,1645329116527
42272098,touchmove,562,47,1645329116535
42272098,touchmove,567,47,1645329116544
42272098,touchmove,572,47,1645329116552
42272098,touchmove,583,47,1645329116569
42272098,touchmove,577,47,1645329116560
42272098,touchmove,587,47,1645329116577
42272098,touchmove,592,47,1645329116585
42272098,touchmove,597,46,1645329116594
42272098,touchmove,602,46,1645329116602
42272098,touchmove,606,46,1645329116610
42272098,touchmove,611,46,1645329116619
42272098,touchmove,616,45,1645329116627
42272098,touchmove,621,45,1645329116635
42272098,touchmove,626,45,1645329116644
42272098,touchmove,631,45,1645329116652
42272098,touchmove,635,44,1645329116661
42272098,touchmove,639,44,1645329116669
42272098,touchmove,643,44,1645329116677
42272098,touchmove,646,44,1645329116685
42272098,touchmove,649,44,1645329116694
42272098,touchmove,651,44,1645329116702
42272098,touchmove,653,44,1645329116711
42272098,touchmove,654,44,1645329116719
42272098,touchmove,656,44,1645329116728
42272098,touchmove,657,44,1645329116736
42272098,touchmove,659,44,1645329116744
42272098,touchmove,661,44,1645329116752
42272098,touchmove,663,45,1645329116761
42272098,touchmove,665,45,1645329116769
42272098,touchmove,667,45,1645329116777
42272098,touchmove,669,45,1645329116786
42272098,touchmove,671,46,1645329116794
42272098,touchmove,673,46,1645329116802
42272098,touchmove,675,46,1645329116811
42272098,touchmove,677,46,1645329116827
42272098,touchmove,676,46,1645329116819
42272098,touchend,0,0,1645329116835
42272099,touchdown,670,41,1645329117065
42272099,touchmove,671,44,1645329117135
42272099,touchmove,671,45,1645329117144
42272099,touchmove,671,46,1645329117152
42272099,touchmove,671,49,1645329117161
42272099,touchmove,671,51,1645329117169
42272099,touchmove,671,53,1645329117177
42272099,touchmove,671,55,1645329117186
42272099,touchmove,671,57,1645329117194
42272099,touchmove,671,59,1645329117203
42272099,touchmove,671,62,1645329117211
42272099,touchmove,671,65,1645329117219
42272099,touchmove,672,68,1645329117227
42272099,touchmove,672,71,1645329117236
42272099,touchmove,673,74,1645329117244
42272099,touchmove,674,78,1645329117252
42272099,touchmove,674,81,1645329117261
42272099,touchmove,674,84,1645329117269
42272099,touchmove,674,87,1645329117278
42272099,touchmove,674,90,1645329117286
42272099,touchmove,674,93,1645329117294
42272099,touchmove,674,97,1645329117303
42272099,touchmove,674,101,1645329117311
42272099,touchmove,674,104,1645329117319
42272099,touchmove,674,107,1645329117328
42272099,touchmove,674,112,1645329117336
42272099,touchmove,674,115,1645329117344
42272099,touchmove,674,119,1645329117352
42272099,touchmove,674,123,1645329117361
42272099,touchmove,674,126,1645329117369
42272099,touchmove,674,130,1645329117378
42272099,touchmove,674,133,1645329117386
42272099,touchmove,674,136,1645329117394
42272099,touchmove,674,139,1645329117403
42272099,touchmove,674,142,1645329117411
42272099,touchmove,674,145,1645329117419
42272099,touchmove,674,148,1645329117428
42272099,touchmove,674,150,1645329117436
42272099,touchmove,674,153,1645329117444
42272099,touchmove,674,154,1645329117453
42272099,touchmove,675,157,1645329117461
42272099,touchmove,675,158,1645329117469
42272099,touchmove,675,159,1645329117478
42272099,touchmove,675,160,1645329117486
42272099,touchmove,675,161,1645329117494
42272099,touchmove,675,162,1645329117511
42272099,touchmove,675,161,1645329117560
42272099,touchmove,675,160,1645329117569
42272099,touchmove,675,158,1645329117578
42272099,touchend,0,0,1645329117593
42272100,touchdown,785,31,1645329117900
42272100,touchmove,789,35,1645329117969
42272100,touchmove,789,36,1645329117978
42272100,touchmove,789,38,1645329117986
42272100,touchmove,789,40,1645329117995
42272100,touchmove,789,43,1645329118003
42272100,touchmove,789,45,1645329118011
42272100,touchmove,789,48,1645329118020
42272100,touchmove,789,50,1645329118028
42272100,touchmove,789,53,1645329118036
42272100,touchmove,789,56,1645329118045
42272100,touchmove,789,59,1645329118053
42272100,touchmove,789,62,1645329118061
42272100,touchmove,790,65,1645329118070
42272100,touchmove,790,68,1645329118078
42272100,touchmove,790,71,1645329118086
42272100,touchmove,790,74,1645329118095
42272100,touchmove,790,78,1645329118103
42272100,touchmove,790,83,1645329118111
42272100,touchmove,791,87,1645329118120
42272100,touchmove,791,91,1645329118128
42272100,touchmove,792,95,1645329118137
42272100,touchmove,793,101,1645329118145
42272100,touchmove,793,105,1645329118153
42272100,touchmove,794,109,1645329118161
42272100,touchmove,795,114,1645329118170
42272100,touchmove,796,119,1645329118178
42272100,touchmove,797,123,1645329118186
42272100,touchmove,797,128,1645329118195
42272100,touchmove,798,132,1645329118203
42272100,touchmove,798,137,1645329118211
42272100,touchmove,799,140,1645329118220
42272100,touchmove,799,144,1645329118228
42272100,touchmove,800,148,1645329118236
42272100,touchmove,800,151,1645329118245
42272100,touchmove,801,153,1645329118253
42272100,touchmove,801,155,1645329118261
42272100,touchmove,802,157,1645329118270
42272100,touchmove,802,159,1645329118278
42272100,touchmove,802,161,1645329118286
42272100,touchmove,803,162,1645329118295
42272100,touchmove,803,163,1645329118311
42272100,touchmove,803,162,1645329118370
42272100,touchmove,803,160,1645329118378
42272100,touchmove,804,158,1645329118386
42272100,touchend,0,0,1645329118394
42272101,touchdown,920,30,1645329118675
42272101,touchmove,927,35,1645329118744
42272101,touchmove,927,38,1645329118753
42272101,touchmove,927,40,1645329118762
42272101,touchmove,927,43,1645329118771
42272101,touchmove,927,45,1645329118778
42272101,touchmove,927,48,1645329118787
42272101,touchmove,927,50,1645329118795
42272101,touchmove,927,53,1645329118803
42272101,touchmove,927,56,1645329118812
42272101,touchmove,927,58,1645329118820
42272101,touchmove,927,61,1645329118828
42272101,touchmove,927,64,1645329118837
42272101,touchmove,927,67,1645329118845
42272101,touchmove,927,70,1645329118853
42272101,touchmove,927,73,1645329118862
42272101,touchmove,927,77,1645329118870
42272101,touchmove,927,80,1645329118878
42272101,touchmove,927,84,1645329118887
42272101,touchmove,927,88,1645329118895
42272101,touchmove,927,92,1645329118903
42272101,touchmove,927,96,1645329118912
42272101,touchmove,927,101,1645329118920
42272101,touchmove,927,106,1645329118928
42272101,touchmove,928,111,1645329118937
42272101,touchmove,928,116,1645329118945
42272101,touchmove,929,121,1645329118953
42272101,touchmove,929,126,1645329118962
42272101,touchmove,929,132,1645329118970
42272101,touchmove,929,137,1645329118979
42272101,touchmove,929,142,1645329118987
42272101,touchmove,929,147,1645329118995
42272101,touchmove,929,151,1645329119003
42272101,touchmove,930,156,1645329119012
42272101,touchmove,930,161,1645329119020
42272101,touchmove,930,165,1645329119028
42272101,touchmove,930,170,1645329119037
42272101,touchmove,930,174,1645329119045
42272101,touchmove,930,177,1645329119054
42272101,touchmove,930,181,1645329119062
42272101,touchmove,930,184,1645329119070
42272101,touchmove,930,186,1645329119079
42272101,touchmove,930,188,1645329119087
42272101,touchmove,930,189,1645329119095
42272101,touchmove,930,190,1645329119104
42272101,touchmove,930,191,1645329119112
42272101,touchmove,929,192,1645329119120
42272101,touchmove,926,193,1645329119129
42272101,touchmove,922,195,1645329119137
42272101,touchend,0,0,1645329119144
42272102,touchdown,663,290,1645329119475
42272102,touchmove,663,296,1645329119528
42272102,touchmove,663,297,1645329119537
42272102,touchmove,663,298,1645329119545
42272102,touchmove,663,299,1645329119554
42272102,touchmove,663,300,1645329119562
42272102,touchmove,663,301,1645329119570
42272102,touchmove,663,302,1645329119579
42272102,touchmove,663,303,1645329119587
42272102,touchmove,663,304,1645329119595
42272102,touchmove,663,306,1645329119604
42272102,touchmove,663,308,1645329119612
42272102,touchmove,663,310,1645329119620
42272102,touchmove,663,312,1645329119629
42272102,touchmove,663,315,1645329119637
42272102,touchmove,663,318,1645329119645
42272102,touchmove,663,322,1645329119654
42272102,touchmove,663,327,1645329119662
42272102,touchmove,663,332,1645329119671
42272102,touchmove,663,337,1645329119679
42272102,touchmove,663,341,1645329119687
42272102,touchmove,663,346,1645329119696
42272102,touchmove,663,352,1645329119704
42272102,touchmove,663,357,1645329119712
42272102,touchmove,663,362,1645329119721
42272102,touchmove,663,367,1645329119729
42272102,touchmove,663,373,1645329119737
42272102,touchmove,663,378,1645329119746
42272102,touchmove,663,383,1645329119754
42272102,touchmove,663,388,1645329119762
42272102,touchmove,663,393,1645329119771
42272102,touchmove,663,398,1645329119779
42272102,touchmove,663,402,1645329119787
42272102,touchmove,663,406,1645329119796
42272102,touchmove,663,410,1645329119804
42272102,touchmove,663,414,1645329119812
42272102,touchmove,663,418,1645329119820
42272102,touchmove,663,421,1645329119829
42272102,touchmove,663,423,1645329119837
42272102,touchmove,663,426,1645329119846
42272102,touchmove,664,428,1645329119854
42272102,touchmove,665,430,1645329119862
42272102,touchmove,665,431,1645329119871
42272102,touchmove,665,432,1645329119879
42272102,touchmove,666,433,1645329119887
42272102,touchmove,666,434,1645329119896
42272102,touchmove,667,434,1645329119904
42272102,touchmove,667,433,1645329119937
42272102,touchmove,667,431,1645329119946
42272102,touchend,0,0,1645329119953
42272103,touchdown,796,293,1645329120234
42272103,touchmove,798,298,1645329120304
42272103,touchmove,798,299,1645329120313
42272103,touchmove,798,301,1645329120321
42272103,touchmove,798,303,1645329120329
42272103,touchmove,798,304,1645329120338
42272103,touchmove,797,307,1645329120346
42272103,touchmove,797,309,1645329120354
42272103,touchmove,797,312,1645329120363
42272103,touchmove,797,314,1645329120371
42272103,touchmove,797,317,1645329120379
42272103,touchmove,797,320,1645329120388
42272103,touchmove,797,324,1645329120396
42272103,touchmove,798,327,1645329120404
42272103,touchmove,798,332,1645329120413
42272103,touchmove,799,336,1645329120421
42272103,touchmove,800,341,1645329120429
42272103,touchmove,801,346,1645329120438
42272103,touchmove,801,350,1645329120446
42272103,touchmove,801,356,1645329120454
42272103,touchmove,801,361,1645329120463
42272103,touchmove,801,367,1645329120471
42272103,touchmove,801,372,1645329120479
42272103,touchmove,801,378,1645329120488
42272103,touchmove,801,383,1645329120496
42272103,touchmove,801,389,1645329120504
42272103,touchmove,801,395,1645329120513
42272103,touchmove,801,401,1645329120521
42272103,touchmove,801,406,1645329120529
42272103,touchmove,801,412,1645329120538
42272103,touchmove,801,417,1645329120546
42272103,touchmove,801,421,1645329120554
42272103,touchmove,801,426,1645329120563
42272103,touchmove,801,430,1645329120571
42272103,touchmove,801,433,1645329120579
42272103,touchmove,801,436,1645329120588
42272103,touchmove,801,439,1645329120597
42272103,touchmove,801,441,1645329120604
42272103,touchmove,801,444,1645329120613
42272103,touchmove,801,445,1645329120621
42272103,touchmove,801,446,1645329120629
42272103,touchmove,801,444,1645329120679
42272103,touchmove,801,441,1645329120688
42272103,touchmove,801,439,1645329120696
42272103,touchmove,801,435,1645329120704
42272103,touchend,0,0,1645329120712
42272104,touchdown,929,294,1645329121002
42272104,touchmove,930,301,1645329121079
42272104,touchmove,930,303,1645329121088
42272104,touchmove,930,304,1645329121096
42272104,touchmove,930,306,1645329121105
42272104,touchmove,930,308,1645329121113
42272104,touchmove,930,311,1645329121121
42272104,touchmove,930,313,1645329121130
42272104,touchmove,930,316,1645329121138
42272104,touchmove,930,319,1645329121146
42272104,touchmove,930,322,1645329121155
42272104,touchmove,930,326,1645329121163
42272104,touchmove,930,330,1645329121171
42272104,touchmove,930,333,1645329121180
42272104,touchmove,930,337,1645329121188
42272104,touchmove,930,341,1645329121196
42272104,touchmove,931,346,1645329121205
42272104,touchmove,931,350,1645329121213
42272104,touchmove,931,354,1645329121221
42272104,touchmove,931,359,1645329121230
42272104,touchmove,931,363,1645329121238
42272104,touchmove,931,368,1645329121246
42272104,touchmove,931,373,1645329121255
42272104,touchmove,931,378,1645329121263
42272104,touchmove,931,383,1645329121271
42272104,touchmove,931,389,1645329121280
42272104,touchmove,931,394,1645329121288
42272104,touchmove,931,400,1645329121296
42272104,touchmove,931,406,1645329121305
42272104,touchmove,931,410,1645329121313
42272104,touchmove,931,415,1645329121321
42272104,touchmove,931,420,1645329121330
42272104,touchmove,931,423,1645329121338
42272104,touchmove,931,427,1645329121347
42272104,touchmove,931,430,1645329121355
42272104,touchmove,931,433,1645329121363
42272104,touchmove,931,435,1645329121371
42272104,touchmove,931,438,1645329121380
42272104,touchmove,931,439,1645329121388
42272104,touchmove,931,441,1645329121397
42272104,touchmove,931,442,1645329121405
42272104,touchmove,931,443,1645329121413
42272104,touchmove,931,441,1645329121455
42272104,touchmove,931,439,1645329121463
42272104,touchmove,931,436,1645329121472
42272104,touchmove,930,432,1645329121480
42272104,touchend,0,0,1645329121487
42272105,touchdown,661,168,1645329121844
42272105,touchmove,660,175,1645329121904
42272105,touchmove,660,176,1645329121913
42272105,touchmove,660,178,1645329121922
42272105,touchmove,660,180,1645329121930
42272105,touchmove,660,182,1645329121938
42272105,touchmove,660,184,1645329121947
42272105,touchmove,660,187,1645329121955
42272105,touchmove,660,189,1645329121963
42272105,touchmove,660,193,1645329121972
42272105,touchmove,660,197,1645329121980
42272105,touchmove,660,201,1645329121988
42272105,touchmove,660,205,1645329121997
42272105,touchmove,660,210,1645329122005
42272105,touchmove,660,215,1645329122013
42272105,touchmove,661,220,1645329122022
42272105,touchmove,662,225,1645329122030
42272105,touchmove,662,231,1645329122038
42272105,touchmove,662,236,1645329122047
42272105,touchmove,663,242,1645329122055
42272105,touchmove,663,247,1645329122064
42272105,touchmove,664,252,1645329122072
42272105,touchmove,665,257,1645329122080
42272105,touchmove,665,262,1645329122089
42272105,touchmove,666,268,1645329122097
42272105,touchmove,667,272,1645329122105
42272105,touchmove,667,278,1645329122114
42272105,touchmove,668,282,1645329122122
42272105,touchmove,668,286,1645329122130
42272105,touchmove,669,291,1645329122139
42272105,touchmove,669,295,1645329122147
42272105,touchmove,670,298,1645329122155
42272105,touchmove,670,302,1645329122164
42272105,touchmove,671,304,1645329122172
42272105,touchmove,671,307,1645329122180
42272105,touchmove,671,310,1645329122189
42272105,touchmove,672,312,1645329122197
42272105,touchmove,672,314,1645329122205
42272105,touchmove,672,316,1645329122214
42272105,touchmove,673,316,1645329122222
42272105,touchmove,673,317,1645329122230
42272105,touchmove,674,317,1645329122239
42272105,touchmove,674,315,1645329122263
42272105,touchmove,674,313,1645329122272
42272105,touchmove,674,310,1645329122280
42272105,touchmove,675,307,1645329122289
42272105,touchend,0,0,1645329122296
42272106,touchdown,788,167,1645329122560
42272106,touchmove,793,167,1645329122638
42272106,touchmove,793,170,1645329122647
42272106,touchmove,793,172,1645329122656
42272106,touchmove,793,175,1645329122664
42272106,touchmove,793,178,1645329122672
42272106,touchmove,793,182,1645329122681
42272106,touchmove,793,186,1645329122689
42272106,touchmove,793,189,1645329122697
42272106,touchmove,792,193,1645329122706
42272106,touchmove,792,198,1645329122714
42272106,touchmove,792,203,1645329122722
42272106,touchmove,792,208,1645329122730
42272106,touchmove,791,213,1645329122739
42272106,touchmove,791,219,1645329122747
42272106,touchmove,791,225,1645329122756
42272106,touchmove,791,231,1645329122764
42272106,touchmove,790,237,1645329122772
42272106,touchmove,789,243,1645329122781
42272106,touchmove,789,249,1645329122789
42272106,touchmove,788,255,1645329122797
42272106,touchmove,788,261,1645329122805
42272106,touchmove,788,266,1645329122814
42272106,touchmove,788,272,1645329122822
42272106,touchmove,789,278,1645329122831
42272106,touchmove,790,284,1645329122839
42272106,touchmove,791,289,1645329122847
42272106,touchmove,792,294,1645329122856
42272106,touchmove,793,299,1645329122864
42272106,touchmove,794,303,1645329122872
42272106,touchmove,795,308,1645329122881
42272106,touchmove,796,311,1645329122889
42272106,touchmove,797,314,1645329122897
42272106,touchmove,798,317,1645329122906
42272106,touchmove,800,318,1645329122914
42272106,touchmove,801,320,1645329122922
42272106,touchmove,803,321,1645329122931
42272106,touchmove,804,322,1645329122939
42272106,touchmove,806,322,1645329122947
42272106,touchmove,808,322,1645329122956
42272106,touchmove,810,321,1645329122964
42272106,touchend,0,0,1645329122972
42272107,touchdown,920,159,1645329123277
42272107,touchmove,920,170,1645329123339
42272107,touchmove,920,172,1645329123348
42272107,touchmove,920,174,1645329123356
42272107,touchmove,920,177,1645329123364
42272107,touchmove,920,180,1645329123373
42272107,touchmove,920,182,1645329123381
42272107,touchmove,920,186,1645329123389
42272107,touchmove,920,189,1645329123398
42272107,touchmove,920,192,1645329123406
42272107,touchmove,921,196,1645329123414
42272107,touchmove,921,200,1645329123423
42272107,touchmove,921,203,1645329123431
42272107,touchmove,922,207,1645329123439
42272107,touchmove,922,212,1645329123448
42272107,touchmove,922,216,1645329123456
42272107,touchmove,922,220,1645329123464
42272107,touchmove,922,225,1645329123473
42272107,touchmove,922,229,1645329123481
42272107,touchmove,922,234,1645329123489
42272107,touchmove,923,239,1645329123498
42272107,touchmove,923,244,1645329123506
42272107,touchmove,923,249,1645329123514
42272107,touchmove,923,254,1645329123523
42272107,touchmove,923,259,1645329123531
42272107,touchmove,923,264,1645329123539
42272107,touchmove,924,270,1645329123548
42272107,touchmove,924,274,1645329123556
42272107,touchmove,925,279,1645329123564
42272107,touchmove,925,284,1645329123573
42272107,touchmove,926,289,1645329123581
42272107,touchmove,926,294,1645329123589
42272107,touchmove,927,299,1645329123598
42272107,touchmove,927,303,1645329123606
42272107,touchmove,927,308,1645329123614
42272107,touchmove,928,313,1645329123623
42272107,touchmove,929,317,1645329123631
42272107,touchmove,929,321,1645329123639
42272107,touchmove,930,324,1645329123648
42272107,touchmove,930,327,1645329123656
42272107,touchmove,931,330,1645329123664
42272107,touchmove,931,332,1645329123673
42272107,touchmove,932,332,1645329123681
42272107,touchmove,933,332,1645329123689
42272107,touchmove,933,329,1645329123723
42272107,touchend,0,0,1645329123730
42272108,touchdown,919,26,1645329124087
42272108,touchmove,921,31,1645329124139
42272108,touchmove,921,33,1645329124148
42272108,touchmove,921,35,1645329124156
42272108,touchmove,922,38,1645329124165
42272108,touchmove,924,41,1645329124173
42272108,touchmove,926,44,1645329124181
42272108,touchmove,927,48,1645329124190
42272108,touchmove,928,52,1645329124198
42272108,touchmove,929,56,1645329124206
42272108,touchmove,929,60,1645329124215
42272108,touchmove,929,64,1645329124223
42272108,touchmove,929,68,1645329124231
42272108,touchmove,929,73,1645329124240
42272108,touchmove,929,77,1645329124248
42272108,touchmove,929,82,1645329124256
42272108,touchmove,929,87,1645329124265
42272108,touchmove,929,92,1645329124273
42272108,touchmove,929,97,1645329124281
42272108,touchmove,929,103,1645329124290
42272108,touchmove,929,108,1645329124298
42272108,touchmove,929,114,1645329124307
42272108,touchmove,929,119,1645329124315
42272108,touchmove,929,125,1645329124323
42272108,touchmove,929,130,1645329124331
42272108,touchmove,929,137,1645329124340
42272108,touchmove,929,142,1645329124348
42272108,touchmove,929,148,1645329124357
42272108,touchmove,929,154,1645329124365
42272108,touchmove,929,159,1645329124373
42272108,touchmove,929,163,1645329124382
42272108,touchmove,929,168,1645329124390
42272108,touchmove,929,172,1645329124398
42272108,touchmove,929,177,1645329124407
42272108,touchmove,929,181,1645329124415
42272108,touchmove,929,184,1645329124423
42272108,touchmove,929,188,1645329124432
42272108,touchmove,929,191,1645329124440
42272108,touchmove,929,194,1645329124448
42272108,touchmove,929,197,1645329124456
42272108,touchmove,929,200,1645329124465
42272108,touchmove,929,202,1645329124473
42272108,touchmove,929,205,1645329124481
42272108,touchmove,929,206,1645329124490
42272108,touchmove,929,208,1645329124498
42272108,touchmove,929,210,1645329124507
42272108,touchmove,929,211,1645329124515
42272108,touchmove,929,212,1645329124532
42272108,touchmove,927,212,1645329124540
42272108,touchend,0,0,1645329124547
42272109,touchdown,925,35,1645329125045
42272109,touchmove,924,39,1645329125098
42272109,touchmove,924,41,1645329125107
42272109,touchmove,922,44,1645329125115
42272109,touchmove,920,48,1645329125124
42272109,touchmove,918,52,1645329125132
42272109,touchmove,915,56,1645329125140
42272109,touchmove,910,60,1645329125149
42272109,touchmove,906,64,1645329125157
42272109,touchmove,901,69,1645329125165
42272109,touchmove,896,73,1645329125174
42272109,touchmove,892,77,1645329125182
42272109,touchmove,887,81,1645329125190
42272109,touchmove,882,86,1645329125199
42272109,touchmove,878,90,1645329125207
42272109,touchmove,874,95,1645329125215
42272109,touchmove,870,100,1645329125224
42272109,touchmove,866,104,1645329125232
42272109,touchmove,863,109,1645329125240
42272109,touchmove,859,113,1645329125249
42272109,touchmove,856,118,1645329125257
42272109,touchmove,853,122,1645329125265
42272109,touchmove,850,126,1645329125274
42272109,touchmove,848,131,1645329125282
42272109,touchmove,845,135,1645329125290
42272109,touchmove,842,140,1645329125299
42272109,touchmove,840,144,1645329125307
42272109,touchmove,837,148,1645329125315
42272109,touchmove,834,151,1645329125324
42272109,touchmove,831,154,1645329125332
42272109,touchmove,828,157,1645329125340
42272109,touchmove,825,160,1645329125349
42272109,touchmove,822,162,1645329125357
42272109,touchmove,820,165,1645329125365
42272109,touchmove,817,167,1645329125374
42272109,touchmove,815,169,1645329125382
42272109,touchmove,813,171,1645329125390
42272109,touchmove,811,173,1645329125399
42272109,touchmove,810,174,1645329125407
42272109,touchmove,808,175,1645329125415
42272109,touchmove,808,176,1645329125424
42272109,touchmove,807,176,1645329125432
42272109,touchmove,807,174,1645329125474
42272109,touchmove,807,172,1645329125482
42272109,touchmove,807,170,1645329125490
42272109,touchmove,807,168,1645329125499
42272109,touchend,0,0,1645329125506
42272110,touchdown,804,27,1645329125830
42272110,touchmove,802,31,1645329125882
42272110,touchmove,802,33,1645329125891
42272110,touchmove,802,34,1645329125899
42272110,touchmove,802,36,1645329125907
42272110,touchmove,802,38,1645329125916
42272110,touchmove,801,40,1645329125924
42272110,touchmove,799,42,1645329125932
42272110,touchmove,797,45,1645329125941
42272110,touchmove,795,48,1645329125949
42272110,touchmove,792,52,1645329125957
42272110,touchmove,789,55,1645329125966
42272110,touchmove,785,58,1645329125974
42272110,touchmove,781,62,1645329125982
42272110,touchmove,776,66,1645329125991
42272110,touchmove,772,69,1645329125999
42272110,touchmove,768,73,1645329126007
42272110,touchmove,763,77,1645329126016
42272110,touchmove,759,81,1645329126024
42272110,touchmove,754,85,1645329126032
42272110,touchmove,750,89,1645329126041
42272110,touchmove,746,93,1645329126049
42272110,touchmove,742,97,1645329126057
42272110,touchmove,738,102,1645329126066
42272110,touchmove,735,106,1645329126074
42272110,touchmove,731,111,1645329126082
42272110,touchmove,727,115,1645329126091
42272110,touchmove,724,119,1645329126099
42272110,touchmove,721,123,1645329126107
42272110,touchmove,716,127,1645329126116
42272110,touchmove,713,132,1645329126124
42272110,touchmove,709,135,1645329126133
42272110,touchmove,705,139,1645329126141
42272110,touchmove,702,143,1645329126149
42272110,touchmove,699,146,1645329126158
42272110,touchmove,696,149,1645329126166
42272110,touchmove,693,152,1645329126174
42272110,touchmove,690,154,1645329126183
42272110,touchmove,686,157,1645329126191
42272110,touchmove,683,159,1645329126199
42272110,touchmove,680,162,1645329126208
42272110,touchmove,677,163,1645329126216
42272110,touchmove,676,165,1645329126224
42272110,touchmove,674,167,1645329126232
42272110,touchmove,672,168,1645329126241
42272110,touchmove,671,170,1645329126249
42272110,touchmove,671,171,1645329126266
42272110,touchmove,670,172,1645329126274
42272110,touchmove,669,172,1645329126299
42272110,touchmove,669,171,1645329126324
42272110,touchmove,669,169,1645329126333
42272110,touchmove,669,168,1645329126341
42272110,touchmove,669,166,1645329126349
42272110,touchmove,669,164,1645329126358
42272110,touchend,0,0,1645329126365
42272111,touchdown,667,32,1645329126638
42272111,touchmove,666,36,1645329126707
42272111,touchmove,666,38,1645329126716
42272111,touchmove,665,40,1645329126725
42272111,touchmove,663,42,1645329126733
42272111,touchmove,661,45,1645329126741
42272111,touchmove,658,48,1645329126749
42272111,touchmove,655,51,1645329126758
42272111,touchmove,651,54,1645329126766
42272111,touchmove,647,57,1645329126774
42272111,touchmove,643,61,1645329126783
42272111,touchmove,639,64,1645329126791
42272111,touchmove,635,68,1645329126799
42272111,touchmove,631,72,1645329126808
42272111,touchmove,627,76,1645329126816
42272111,touchmove,623,80,1645329126825
42272111,touchmove,619,85,1645329126833
42272111,touchmove,615,89,1645329126841
42272111,touchmove,611,93,1645329126850
42272111,touchmove,608,97,1645329126858
42272111,touchmove,604,101,1645329126866
42272111,touchmove,599,106,1645329126874
42272111,touchmove,595,110,1645329126883
42272111,touchmove,590,114,1645329126891
42272111,touchmove,585,119,1645329126900
42272111,touchmove,580,123,1645329126908
42272111,touchmove,576,128,1645329126916
42272111,touchmove,571,132,1645329126925
42272111,touchmove,567,136,1645329126933
42272111,touchmove,564,140,1645329126941
42272111,touchmove,561,144,1645329126950
42272111,touchmove,558,147,1645329126958
42272111,touchmove,555,149,1645329126966
42272111,touchmove,552,153,1645329126975
42272111,touchmove,549,156,1645329126983
42272111,touchmove,547,158,1645329126991
42272111,touchmove,544,160,1645329127000
42272111,touchmove,542,162,1645329127008
42272111,touchmove,540,164,1645329127016
42272111,touchmove,538,165,1645329127025
42272111,touchmove,537,166,1645329127033
42272111,touchmove,536,167,1645329127041
42272111,touchmove,536,166,1645329127107
42272111,touchmove,536,165,1645329127116
42272111,touchmove,536,163,1645329127125
42272111,touchmove,536,162,1645329127133
42272111,touchmove,536,160,1645329127141
42272111,touchmove,536,159,1645329127150
42272111,touchend,0,0,1645329127157
42272112,touchdown,535,35,1645329127456
42272112,touchmove,533,37,1645329127532
42272112,touchmove,533,38,1645329127541
42272112,touchmove,531,39,1645329127550
42272112,touchmove,531,41,1645329127558
42272112,touchmove,529,43,1645329127567
42272112,touchmove,528,45,1645329127575
42272112,touchmove,525,48,1645329127583
42272112,touchmove,522,50,1645329127592
42272112,touchmove,519,53,1645329127600
42272112,touchmove,515,56,1645329127608
42272112,touchmove,512,59,1645329127617
42272112,touchmove,508,62,1645329127625
42272112,touchmove,504,66,1645329127633
42272112,touchmove,500,69,1645329127642
42272112,touchmove,497,72,1645329127650
42272112,touchmove,492,75,1645329127658
42272112,touchmove,488,78,1645329127667
42272112,touchmove,484,82,1645329127675
42272112,touchmove,480,85,1645329127683
42272112,touchmove,476,89,1645329127692
42272112,touchmove,472,93,1645329127700
42272112,touchmove,468,97,1645329127708
42272112,touchmove,464,101,1645329127717
42272112,touchmove,460,105,1645329127725
42272112,touchmove,457,109,1645329127733
42272112,touchmove,453,113,1645329127742
42272112,touchmove,450,116,1645329127750
42272112,touchmove,447,120,1645329127758
42272112,touchmove,443,124,1645329127767
42272112,touchmove,440,127,1645329127775
42272112,touchmove,437,130,1645329127784
42272112,touchmove,434,134,1645329127792
42272112,touchmove,431,137,1645329127800
42272112,touchmove,427,140,1645329127808
42272112,touchmove,425,143,1645329127817
42272112,touchmove,422,145,1645329127825
42272112,touchmove,418,150,1645329127842
42272112,touchmove,420,148,1645329127833
42272112,touchmove,416,152,1645329127850
42272112,touchmove,414,153,1645329127858
42272112,touchmove,412,154,1645329127867
42272112,touchmove,410,156,1645329127884
42272112,touchmove,411,156,1645329127875
42272112,touchmove,409,156,1645329127892
42272112,touchmove,409,157,1645329127901
42272112,touchmove,409,156,1645329127975
42272112,touchmove,409,155,1645329127983
42272112,touchmove,409,154,1645329127992
42272112,touchmove,409,153,1645329128000
42272112,touchmove,409,151,1645329128009
42272112,touchmove,409,150,1645329128017
42272112,touchend,0,0,1645329128025
42272113,touchdown,390,27,1645329128331
42272113,touchmove,389,34,1645329128417
42272113,touchmove,389,33,1645329128408
42272113,touchmove,388,37,1645329128425
42272113,touchmove,386,40,1645329128434
42272113,touchmove,383,43,1645329128442
42272113,touchmove,379,48,1645329128450
42272113,touchmove,375,52,1645329128459
42272113,touchmove,371,55,1645329128467
42272113,touchmove,366,60,1645329128475
42272113,touchmove,362,64,1645329128484
42272113,touchmove,358,68,1645329128492
42272113,touchmove,354,72,1645329128500
42272113,touchmove,350,76,1645329128509
42272113,touchmove,345,80,1645329128517
42272113,touchmove,340,85,1645329128526
42272113,touchmove,336,89,1645329128534
42272113,touchmove,331,93,1645329128542
42272113,touchmove,311,112,1645329128576
42272113,touchmove,325,99,1645329128551
42272113,touchmove,320,102,1645329128559
42272113,touchmove,302,120,1645329128592
42272113,touchmove,306,116,1645329128584
42272113,touchmove,316,107,1645329128567
42272113,touchmove,294,128,1645329128609
42272113,touchmove,298,124,1645329128601
42272113,touchmove,290,132,1645329128617
42272113,touchmove,286,135,1645329128626
42272113,touchmove,283,139,1645329128634
42272113,touchmove,279,142,1645329128642
42272113,touchmove,276,145,1645329128651
42272113,touchmove,274,148,1645329128659
42272113,touchmove,272,151,1645329128667
42272113,touchmove,270,153,1645329128676
42272113,touchmove,269,154,1645329128684
42272113,touchmove,269,156,1645329128692
42272113,touchmove,268,157,1645329128701
42272113,touchmove,268,158,1645329128709
42272113,touchmove,268,160,1645329128801
42272113,touchend,0,0,1645329128808
42272114,touchdown,403,171,1645329129214
42272114,touchmove,397,173,1645329129250
42272114,touchmove,392,175,1645329129276
42272114,touchmove,394,173,1645329129268
42272114,touchmove,389,176,1645329129284
42272114,touchmove,396,173,1645329129259
42272114,touchmove,386,179,1645329129293
42272114,touchmove,382,182,1645329129301
42272114,touchmove,378,186,1645329129309
42272114,touchmove,372,190,1645329129318
42272114,touchmove,366,194,1645329129326
42272114,touchmove,360,199,1645329129334
42272114,touchmove,353,204,1645329129343
42272114,touchmove,347,209,1645329129351
42272114,touchmove,341,213,1645329129359
42272114,touchmove,330,222,1645329129376
42272114,touchmove,325,227,1645329129384
42272114,touchmove,335,218,1645329129368
42272114,touchmove,319,231,1645329129393
42272114,touchmove,315,235,1645329129401
42272114,touchmove,310,239,1645329129409
42272114,touchmove,305,244,1645329129418
42272114,touchmove,300,248,1645329129426
42272114,touchmove,297,252,1645329129434
42272114,touchmove,290,259,1645329129451
42272114,touchmove,293,256,1645329129443
42272114,touchmove,287,262,1645329129459
42272114,touchmove,285,266,1645329129468
42272114,touchmove,283,268,1645329129476
42272114,touchmove,281,270,1645329129484
42272114,touchmove,280,272,1645329129493
42272114,touchmove,279,274,1645329129501
42272114,touchmove,279,275,1645329129509
42272114,touchmove,278,276,1645329129518
42272114,touchmove,278,277,1645329129526
42272114,touchmove,279,277,1645329129600
42272114,touchend,0,0,1645329129609
42272115,touchdown,542,165,1645329129970
42272115,touchmove,540,172,1645329130042
42272115,touchmove,538,174,1645329130051
42272115,touchmove,536,175,1645329130060
42272115,touchmove,534,177,1645329130068
42272115,touchmove,531,179,1645329130076
42272115,touchmove,527,182,1645329130085
42272115,touchmove,523,186,1645329130093
42272115,touchmove,518,189,1645329130101
42272115,touchmove,512,193,1645329130109
42272115,touchmove,506,198,1645329130118
42272115,touchmove,501,202,1645329130126
42272115,touchmove,495,207,1645329130135
42272115,touchmove,489,211,1645329130143
42272115,touchmove,484,216,1645329130151
42272115,touchmove,478,221,1645329130160
42272115,touchmove,473,226,1645329130168
42272115,touchmove,468,232,1645329130176
42272115,touchmove,463,237,1645329130185
42272115,touchmove,458,242,1645329130193
42272115,touchmove,453,247,1645329130201
42272115,touchmove,449,252,1645329130210
42272115,touchmove,445,257,1645329130218
42272115,touchmove,440,262,1645329130227
42272115,touchmove,436,267,1645329130235
42272115,touchmove,433,272,1645329130243
42272115,touchmove,429,277,1645329130251
42272115,touchmove,426,281,1645329130260
42272115,touchmove,423,284,1645329130268
42272115,touchmove,420,288,1645329130277
42272115,touchmove,418,290,1645329130285
42272115,touchmove,416,293,1645329130293
42272115,touchmove,415,295,1645329130301
42272115,touchmove,414,297,1645329130310
42272115,touchmove,413,298,1645329130318
42272115,touchmove,412,298,1645329130326
42272115,touchmove,412,297,1645329130393
42272115,touchmove,412,295,1645329130402
42272115,touchmove,413,293,1645329130410
42272115,touchmove,417,291,1645329130418
42272115,touchend,0,0,1645329130426
42272116,touchdown,685,172,1645329130765
42272116,touchmove,684,179,1645329130818
42272116,touchmove,682,181,1645329130827
42272116,touchmove,680,182,1645329130835
42272116,touchmove,677,185,1645329130844
42272116,touchmove,673,188,1645329130852
42272116,touchmove,669,191,1645329130860
42272116,touchmove,663,195,1645329130868
42272116,touchmove,658,199,1645329130877
42272116,touchmove,651,203,1645329130885
42272116,touchmove,643,208,1645329130893
42272116,touchmove,635,212,1645329130902
42272116,touchmove,628,216,1645329130910
42272116,touchmove,619,222,1645329130919
42272116,touchmove,612,227,1645329130927
42272116,touchmove,604,232,1645329130935
42272116,touchmove,596,238,1645329130944
42272116,touchmove,589,243,1645329130952
42272116,touchmove,581,249,1645329130960
42272116,touchmove,574,255,1645329130969
42272116,touchmove,567,260,1645329130977
42272116,touchmove,561,266,1645329130985
42272116,touchmove,554,272,1645329130994
42272116,touchmove,549,277,1645329131002
42272116,touchmove,545,283,1645329131010
42272116,touchmove,541,288,1645329131019
42272116,touchmove,538,292,1645329131027
42272116,touchmove,536,296,1645329131035
42272116,touchmove,534,299,1645329131044
42272116,touchmove,533,302,1645329131052
42272116,touchmove,532,304,1645329131060
42272116,touchmove,531,307,1645329131069
42272116,touchmove,531,308,1645329131077
42272116,touchmove,531,309,1645329131085
42272116,touchmove,531,310,1645329131094
42272116,touchmove,531,311,1645329131102
42272116,touchmove,531,310,1645329131151
42272116,touchmove,531,309,1645329131160
42272116,touchmove,534,307,1645329131169
42272116,touchmove,538,305,1645329131177
42272116,touchend,0,0,1645329131185
42272117,touchdown,792,170,1645329131491
42272117,touchmove,793,175,1645329131560
42272117,touchmove,793,176,1645329131569
42272117,touchmove,793,177,1645329131577
42272117,touchmove,792,179,1645329131586
42272117,touchmove,790,182,1645329131594
42272117,touchmove,788,185,1645329131602
42272117,touchmove,784,188,1645329131611
42272117,touchmove,779,192,1645329131619
42272117,touchmove,773,196,1645329131627
42272117,touchmove,765,200,1645329131636
42272117,touchmove,758,204,1645329131644
42272117,touchmove,750,208,1645329131652
42272117,touchmove,743,213,1645329131661
42272117,touchmove,735,217,1645329131669
42272117,touchmove,728,222,1645329131677
42272117,touchmove,721,228,1645329131686
42272117,touchmove,714,233,1645329131694
42272117,touchmove,707,238,1645329131702
42272117,touchmove,699,244,1645329131711
42272117,touchmove,692,250,1645329131719
42272117,touchmove,685,256,1645329131728
42272117,touchmove,677,262,1645329131736
42272117,touchmove,670,269,1645329131744
42272117,touchmove,663,275,1645329131752
42272117,touchmove,657,281,1645329131761
42272117,touchmove,653,287,1645329131769
42272117,touchmove,649,292,1645329131777
42272117,touchmove,646,298,1645329131786
42272117,touchmove,644,302,1645329131794
42272117,touchmove,642,306,1645329131802
42272117,touchmove,640,310,1645329131811
42272117,touchmove,639,313,1645329131819
42272117,touchmove,639,315,1645329131827
42272117,touchmove,639,317,1645329131836
42272117,touchmove,639,318,1645329131852
42272117,touchmove,639,317,1645329131902
42272117,touchmove,639,315,1645329131911
42272117,touchmove,640,313,1645329131919
42272117,touchmove,643,310,1645329131927
42272117,touchmove,646,307,1645329131936
42272117,touchend,0,0,1645329131944
42272118,touchdown,920,162,1645329132240
42272118,touchmove,921,166,1645329132327
42272118,touchmove,921,168,1645329132336
42272118,touchmove,921,170,1645329132344
42272118,touchmove,920,173,1645329132353
42272118,touchmove,919,176,1645329132361
42272118,touchmove,916,179,1645329132369
42272118,touchmove,913,182,1645329132378
42272118,touchmove,909,186,1645329132386
42272118,touchmove,904,189,1645329132394
42272118,touchmove,898,193,1645329132403
42272118,touchmove,892,196,1645329132411
42272118,touchmove,885,200,1645329132419
42272118,touchmove,878,204,1645329132428
42272118,touchmove,872,208,1645329132436
42272118,touchmove,866,212,1645329132444
42272118,touchmove,860,217,1645329132453
42272118,touchmove,854,222,1645329132461
42272118,touchmove,847,227,1645329132469
42272118,touchmove,841,233,1645329132478
42272118,touchmove,835,238,1645329132486
42272118,touchmove,828,244,1645329132494
42272118,touchmove,822,250,1645329132503
42272118,touchmove,817,255,1645329132511
42272118,touchmove,811,261,1645329132519
42272118,touchmove,807,267,1645329132528
42272118,touchmove,803,273,1645329132536
42272118,touchmove,800,279,1645329132544
42272118,touchmove,798,285,1645329132553
42272118,touchmove,796,290,1645329132561
42272118,touchmove,794,294,1645329132569
42272118,touchmove,793,298,1645329132578
42272118,touchmove,792,301,1645329132586
42272118,touchmove,791,304,1645329132595
42272118,touchmove,790,306,1645329132603
42272118,touchmove,789,308,1645329132611
42272118,touchmove,789,310,1645329132620
42272118,touchmove,789,311,1645329132628
42272118,touchmove,789,312,1645329132636
42272118,touchmove,789,311,1645329132677
42272118,touchmove,789,309,1645329132686
42272118,touchmove,789,308,1645329132695
42272118,touchmove,789,306,1645329132703
42272118,touchmove,789,304,1645329132711
42272118,touchend,0,0,1645329132719
42272119,touchdown,789,170,1645329133098
42272119,touchmove,793,177,1645329133161
42272119,touchmove,796,178,1645329133170
42272119,touchmove,799,179,1645329133178
42272119,touchmove,802,182,1645329133186
42272119,touchmove,805,184,1645329133195
42272119,touchmove,808,187,1645329133203
42272119,touchmove,812,190,1645329133211
42272119,touchmove,815,193,1645329133220
42272119,touchmove,817,196,1645329133228
42272119,touchmove,821,200,1645329133237
42272119,touchmove,823,203,1645329133245
42272119,touchmove,826,207,1645329133253
42272119,touchmove,829,210,1645329133261
42272119,touchmove,832,214,1645329133270
42272119,touchmove,836,218,1645329133278
42272119,touchmove,841,222,1645329133287
42272119,touchmove,844,226,1645329133295
42272119,touchmove,848,230,1645329133303
42272119,touchmove,851,234,1645329133311
42272119,touchmove,854,238,1645329133320
42272119,touchmove,856,242,1645329133328
42272119,touchmove,859,246,1645329133337
42272119,touchmove,862,250,1645329133345
42272119,touchmove,865,253,1645329133353
42272119,touchmove,869,257,1645329133362
42272119,touchmove,873,261,1645329133370
42272119,touchmove,877,264,1645329133378
42272119,touchmove,882,267,1645329133387
42272119,touchmove,886,270,1645329133395
42272119,touchmove,891,273,1645329133403
42272119,touchmove,894,276,1645329133412
42272119,touchmove,897,279,1645329133420
42272119,touchmove,900,282,1645329133428
42272119,touchmove,902,284,1645329133437
42272119,touchmove,905,287,1645329133445
42272119,touchmove,907,289,1645329133453
42272119,touchmove,909,291,1645329133462
42272119,touchmove,911,292,1645329133470
42272119,touchmove,912,294,1645329133478
42272119,touchmove,914,295,1645329133487
42272119,touchmove,915,297,1645329133495
42272119,touchmove,916,298,1645329133503
42272119,touchmove,917,298,1645329133512
42272119,touchmove,917,299,1645329133520
42272119,touchmove,917,298,1645329133561
42272119,touchmove,917,297,1645329133570
42272119,touchmove,917,295,1645329133578
42272119,touchmove,917,293,1645329133587
42272119,touchend,0,0,1645329133594
42272120,touchdown,661,176,1645329134001
42272120,touchmove,666,183,1645329134037
42272120,touchmove,670,185,1645329134045
42272120,touchmove,674,188,1645329134054
42272120,touchmove,679,191,1645329134062
42272120,touchmove,684,194,1645329134070
42272120,touchmove,690,197,1645329134079
42272120,touchmove,694,201,1645329134087
42272120,touchmove,699,205,1645329134095
42272120,touchmove,703,209,1645329134104
42272120,touchmove,707,213,1645329134112
42272120,touchmove,710,217,1645329134120
42272120,touchmove,714,221,1645329134129
42272120,touchmove,718,225,1645329134137
42272120,touchmove,722,229,1645329134145
42272120,touchmove,726,234,1645329134154
42272120,touchmove,731,238,1645329134162
42272120,touchmove,735,242,1645329134170
42272120,touchmove,740,246,1645329134179
42272120,touchmove,745,250,1645329134187
42272120,touchmove,749,254,1645329134195
42272120,touchmove,753,257,1645329134204
42272120,touchmove,756,261,1645329134212
42272120,touchmove,760,265,1645329134220
42272120,touchmove,762,269,1645329134229
42272120,touchmove,765,271,1645329134237
42272120,touchmove,768,275,1645329134245
42272120,touchmove,770,277,1645329134254
42272120,touchmove,773,279,1645329134262
42272120,touchmove,775,281,1645329134270
42272120,touchmove,777,282,1645329134279
42272120,touchmove,778,284,1645329134287
42272120,touchmove,779,285,1645329134295
42272120,touchmove,780,285,1645329134304
42272120,touchmove,781,286,1645329134312
42272120,touchmove,782,287,1645329134320
42272120,touchmove,783,288,1645329134329
42272120,touchmove,783,289,1645329134337
42272120,touchmove,784,289,1645329134345
42272120,touchmove,785,290,1645329134354
42272120,touchmove,786,290,1645329134362
42272120,touchmove,787,290,1645329134379
42272120,touchmove,788,290,1645329134387
42272120,touchmove,788,289,1645329134421
42272120,touchmove,788,288,1645329134429
42272120,touchmove,788,287,1645329134437
42272120,touchmove,788,285,1645329134445
42272120,touchmove,787,283,1645329134454
42272120,touchend,0,0,1645329134462
42272121,touchdown,543,171,1645329134784
42272121,touchmove,546,178,1645329134837
42272121,touchmove,548,180,1645329134846
42272121,touchmove,550,182,1645329134854
42272121,touchmove,553,185,1645329134862
42272121,touchmove,557,189,1645329134871
42272121,touchmove,560,192,1645329134879
42272121,touchmove,564,196,1645329134888
42272121,touchmove,567,200,1645329134896
42272121,touchmove,571,203,1645329134904
42272121,touchmove,574,208,1645329134912
42272121,touchmove,578,211,1645329134921
42272121,touchmove,582,215,1645329134929
42272121,touchmove,586,219,1645329134938
42272121,touchmove,590,223,1645329134946
42272121,touchmove,595,227,1645329134954
42272121,touchmove,599,231,1645329134962
42272121,touchmove,604,235,1645329134971
42272121,touchmove,608,239,1645329134979
42272121,touchmove,612,243,1645329134987
42272121,touchmove,616,248,1645329134996
42272121,touchmove,620,252,1645329135004
42272121,touchmove,624,257,1645329135012
42272121,touchmove,628,261,1645329135021
42272121,touchmove,631,265,1645329135029
42272121,touchmove,635,269,1645329135038
42272121,touchmove,638,273,1645329135046
42272121,touchmove,641,276,1645329135054
42272121,touchmove,643,280,1645329135063
42272121,touchmove,646,283,1645329135071
42272121,touchmove,648,286,1645329135079
42272121,touchmove,650,289,1645329135088
42272121,touchmove,652,291,1645329135096
42272121,touchmove,654,293,1645329135104
42272121,touchmove,656,295,1645329135113
42272121,touchmove,657,297,1645329135121
42272121,touchmove,658,298,1645329135129
42272121,touchmove,660,299,1645329135137
42272121,touchmove,661,299,1645329135146
42272121,touchmove,662,299,1645329135154
42272121,touchmove,663,299,1645329135162
42272121,touchmove,663,298,1645329135204
42272121,touchmove,662,296,1645329135213
42272121,touchend,0,0,1645329135220
42272122,touchdown,390,168,1645329135626
42272122,touchmove,394,172,1645329135654
42272122,touchmove,398,175,1645329135671
42272122,touchmove,417,186,1645329135705
42272122,touchmove,406,179,1645329135688
42272122,touchmove,411,182,1645329135696
42272122,touchmove,422,190,1645329135713
42272122,touchmove,428,194,1645329135721
42272122,touchmove,434,198,1645329135730
42272122,touchmove,439,202,1645329135738
42272122,touchmove,444,206,1645329135746
42272122,touchmove,449,212,1645329135755
42272122,touchmove,454,216,1645329135763
42272122,touchmove,459,221,1645329135771
42272122,touchmove,464,227,1645329135780
42272122,touchmove,468,232,1645329135788
42272122,touchmove,473,237,1645329135796
42272122,touchmove,478,242,1645329135805
42272122,touchmove,483,247,1645329135813
42272122,touchmove,489,252,1645329135821
42272122,touchmove,495,257,1645329135830
42272122,touchmove,500,262,1645329135838
42272122,touchmove,505,266,1645329135846
42272122,touchmove,510,271,1645329135855
42272122,touchmove,514,276,1645329135863
42272122,touchmove,517,280,1645329135871
42272122,touchmove,521,284,1645329135880
42272122,touchmove,524,287,1645329135888
42272122,touchmove,526,289,1645329135896
42272122,touchmove,529,292,1645329135905
42272122,touchmove,531,294,1645329135913
42272122,touchmove,533,297,1645329135921
42272122,touchmove,535,298,1645329135930
42272122,touchmove,537,299,1645329135938
42272122,touchmove,539,300,1645329135946
42272122,touchmove,540,301,1645329135955
42272122,touchmove,541,301,1645329135963
42272122,touchmove,541,300,1645329136005
42272122,touchmove,540,298,1645329136013
42272122,touchmove,538,296,1645329136021
42272122,touchend,0,0,1645329136029
42272123,touchdown,261,160,1645329136386
42272123,touchmove,263,167,1645329136454
42272123,touchmove,265,167,1645329136463
42272123,touchmove,267,169,1645329136472
42272123,touchmove,270,171,1645329136480
42272123,touchmove,273,173,1645329136488
42272123,touchmove,276,176,1645329136497
42272123,touchmove,280,179,1645329136505
42272123,touchmove,285,182,1645329136513
42272123,touchmove,289,185,1645329136522
42272123,touchmove,294,189,1645329136530
42272123,touchmove,300,192,1645329136538
42272123,touchmove,305,196,1645329136547
42272123,touchmove,311,200,1645329136555
42272123,touchmove,321,208,1645329136572
42272123,touchmove,326,212,1645329136580
42272123,touchmove,331,218,1645329136589
42272123,touchmove,336,223,1645329136597
42272123,touchmove,341,228,1645329136605
42272123,touchmove,346,233,1645329136613
42272123,touchmove,351,239,1645329136622
42272123,touchmove,356,245,1645329136630
42272123,touchmove,372,262,1645329136655
42272123,touchmove,377,267,1645329136663
42272123,touchmove,382,271,1645329136672
42272123,touchmove,316,204,1645329136563
42272123,touchmove,386,276,1645329136680
42272123,touchmove,390,280,1645329136689
42272123,touchmove,393,283,1645329136697
42272123,touchmove,396,286,1645329136705
42272123,touchmove,399,290,1645329136713
42272123,touchmove,402,293,1645329136722
42272123,touchmove,404,296,1645329136730
42272123,touchmove,407,299,1645329136739
42272123,touchmove,410,301,1645329136747
42272123,touchmove,362,251,1645329136638
42272123,touchmove,412,303,1645329136755
42272123,touchmove,367,256,1645329136647
42272123,touchmove,414,305,1645329136764
42272123,touchmove,416,307,1645329136772
42272123,touchmove,417,308,1645329136780
42272123,touchmove,418,308,1645329136789
42272123,touchmove,418,309,1645329136814
42272123,touchend,0,0,1645329136821
42272124,touchdown,258,288,1645329137177
42272124,touchmove,262,291,1645329137221
42272124,touchmove,264,293,1645329137230
42272124,touchmove,267,294,1645329137239
42272124,touchmove,270,296,1645329137247
42272124,touchmove,273,299,1645329137255
42272124,touchmove,276,301,1645329137264
42272124,touchmove,280,304,1645329137272
42272124,touchmove,284,307,1645329137280
42272124,touchmove,287,311,1645329137289
42272124,touchmove,291,314,1645329137297
42272124,touchmove,295,318,1645329137305
42272124,touchmove,299,322,1645329137314
42272124,touchmove,303,326,1645329137322
42272124,touchmove,307,330,1645329137330
42272124,touchmove,311,334,1645329137339
42272124,touchmove,315,338,1645329137347
42272124,touchmove,319,342,1645329137356
42272124,touchmove,324,346,1645329137364
42272124,touchmove,329,350,1645329137372
42272124,touchmove,335,354,1645329137381
42272124,touchmove,340,358,1645329137389
42272124,touchmove,345,362,1645329137397
42272124,touchmove,351,367,1645329137406
42272124,touchmove,357,371,1645329137414
42272124,touchmove,363,374,1645329137422
42272124,touchmove,369,379,1645329137430
42272124,touchmove,374,382,1645329137439
42272124,touchmove,379,386,1645329137447
42272124,touchmove,385,389,1645329137456
42272124,touchmove,390,393,1645329137464
42272124,touchmove,394,396,1645329137472
42272124,touchmove,398,400,1645329137481
42272124,touchmove,401,402,1645329137489
42272124,touchmove,403,405,1645329137497
42272124,touchmove,406,407,1645329137506
42272124,touchmove,408,409,1645329137514
42272124,touchmove,410,411,1645329137522
42272124,touchmove,412,412,1645329137531
42272124,touchmove,414,413,1645329137539
42272124,touchmove,416,413,1645329137547
42272124,touchmove,417,413,1645329137556
42272124,touchmove,418,413,1645329137564
42272124,touchmove,419,413,1645329137581
42272124,touchmove,420,413,1645329137589
42272124,touchmove,421,413,1645329137597
42272124,touchmove,423,413,1645329137606
42272124,touchend,0,0,1645329137613
42272125,touchdown,403,298,1645329137969
42272125,touchmove,407,298,1645329138014
42272125,touchmove,409,298,1645329138023
42272125,touchmove,412,301,1645329138031
42272125,touchmove,415,303,1645329138039
42272125,touchmove,418,307,1645329138048
42272125,touchmove,421,311,1645329138056
42272125,touchmove,425,315,1645329138064
42272125,touchmove,428,319,1645329138073
42272125,touchmove,431,323,1645329138081
42272125,touchmove,434,327,1645329138089
42272125,touchmove,437,332,1645329138098
42272125,touchmove,440,337,1645329138106
42272125,touchmove,443,341,1645329138114
42272125,touchmove,447,346,1645329138123
42272125,touchmove,451,350,1645329138131
42272125,touchmove,455,354,1645329138139
42272125,touchmove,460,359,1645329138148
42272125,touchmove,464,363,1645329138156
42272125,touchmove,468,368,1645329138164
42272125,touchmove,473,372,1645329138173
42272125,touchmove,478,377,1645329138181
42272125,touchmove,482,381,1645329138189
42272125,touchmove,487,385,1645329138198
42272125,touchmove,492,389,1645329138206
42272125,touchmove,497,393,1645329138214
42272125,touchmove,502,397,1645329138223
42272125,touchmove,506,401,1645329138231
42272125,touchmove,511,404,1645329138239
42272125,touchmove,515,408,1645329138248
42272125,touchmove,520,411,1645329138256
42272125,touchmove,524,414,1645329138264
42272125,touchmove,527,416,1645329138273
42272125,touchmove,530,418,1645329138281
42272125,touchmove,533,421,1645329138289
42272125,touchmove,536,422,1645329138298
42272125,touchmove,538,423,1645329138306
42272125,touchmove,540,425,1645329138314
42272125,touchmove,541,425,1645329138323
42272125,touchmove,542,425,1645329138331
42272125,touchmove,543,425,1645329138339
42272125,touchmove,543,423,1645329138364
42272125,touchmove,543,421,1645329138373
42272125,touchmove,543,418,1645329138381
42272125,touchend,0,0,1645329138389
42272126,touchdown,522,283,1645329138669
42272126,touchmove,526,286,1645329138714
42272126,touchmove,528,287,1645329138723
42272126,touchmove,529,288,1645329138731
42272126,touchmove,532,290,1645329138740
42272126,touchmove,534,292,1645329138748
42272126,touchmove,536,294,1645329138756
42272126,touchmove,540,298,1645329138765
42272126,touchmove,542,301,1645329138773
42272126,touchmove,545,305,1645329138781
42272126,touchmove,548,308,1645329138790
42272126,touchmove,551,312,1645329138798
42272126,touchmove,555,317,1645329138806
42272126,touchmove,558,320,1645329138815
42272126,touchmove,562,324,1645329138823
42272126,touchmove,567,328,1645329138831
42272126,touchmove,572,331,1645329138840
42272126,touchmove,577,335,1645329138848
42272126,touchmove,582,340,1645329138856
42272126,touchmove,587,344,1645329138865
42272126,touchmove,592,348,1645329138873
42272126,touchmove,598,353,1645329138881
42272126,touchmove,603,357,1645329138890
42272126,touchmove,609,362,1645329138898
42272126,touchmove,615,367,1645329138906
42272126,touchmove,621,371,1645329138915
42272126,touchmove,627,376,1645329138923
42272126,touchmove,634,381,1645329138931
42272126,touchmove,639,385,1645329138940
42272126,touchmove,645,389,1645329138948
42272126,touchmove,651,393,1645329138956
42272126,touchmove,656,396,1645329138965
42272126,touchmove,661,399,1645329138973
42272126,touchmove,666,403,1645329138981
42272126,touchmove,671,406,1645329138990
42272126,touchmove,676,408,1645329138998
42272126,touchmove,684,413,1645329139015
42272126,touchmove,688,415,1645329139023
42272126,touchmove,692,417,1645329139031
42272126,touchmove,680,411,1645329139006
42272126,touchmove,695,418,1645329139040
42272126,touchmove,696,419,1645329139048
42272126,touchmove,698,420,1645329139056
42272126,touchmove,699,420,1645329139065
42272126,touchmove,700,418,1645329139123
42272126,touchmove,700,420,1645329139082
42272126,touchmove,700,419,1645329139114
42272126,touchmove,699,416,1645329139140
42272126,touchend,0,0,1645329139147
42272127,touchdown,654,286,1645329139419
42272127,touchmove,657,292,1645329139473
42272127,touchmove,658,294,1645329139482
42272127,touchmove,660,296,1645329139490
42272127,touchmove,662,298,1645329139498
42272127,touchmove,665,301,1645329139507
42272127,touchmove,668,304,1645329139515
42272127,touchmove,674,311,1645329139532
42272127,touchmove,677,315,1645329139540
42272127,touchmove,681,318,1645329139548
42272127,touchmove,684,322,1645329139557
42272127,touchmove,688,326,1645329139565
42272127,touchmove,691,329,1645329139574
42272127,touchmove,695,333,1645329139582
42272127,touchmove,698,336,1645329139590
42272127,touchmove,703,340,1645329139598
42272127,touchmove,707,343,1645329139607
42272127,touchmove,712,346,1645329139615
42272127,touchmove,717,350,1645329139623
42272127,touchmove,722,353,1645329139632
42272127,touchmove,727,357,1645329139640
42272127,touchmove,733,360,1645329139648
42272127,touchmove,744,365,1645329139665
42272127,touchmove,738,363,1645329139657
42272127,touchmove,750,369,1645329139674
42272127,touchmove,756,371,1645329139682
42272127,touchmove,761,374,1645329139690
42272127,touchmove,767,377,1645329139699
42272127,touchmove,777,383,1645329139715
42272127,touchmove,785,389,1645329139732
42272127,touchmove,781,386,1645329139724
42272127,touchmove,772,380,1645329139707
42272127,touchmove,789,392,1645329139740
42272127,touchmove,793,395,1645329139748
42272127,touchmove,797,397,1645329139757
42272127,touchmove,803,402,1645329139774
42272127,touchmove,809,407,1645329139790
42272127,touchmove,806,404,1645329139782
42272127,touchmove,812,409,1645329139799
42272127,touchmove,813,411,1645329139807
42272127,touchmove,815,413,1645329139815
42272127,touchmove,817,415,1645329139824
42272127,touchmove,818,415,1645329139832
42272127,touchmove,820,416,1645329139840
42272127,touchmove,800,399,1645329139765
42272127,touchmove,821,417,1645329139857
42272127,touchmove,821,416,1645329139898
42272127,touchmove,821,415,1645329139915
42272127,touchmove,821,414,1645329139924
42272127,touchmove,819,412,1645329139932
42272127,touchend,0,0,1645329139939
42272128,touchdown,786,290,1645329140187
42272128,touchmove,791,296,1645329140240
42272128,touchmove,793,298,1645329140249
42272128,touchmove,795,300,1645329140257
42272128,touchmove,797,304,1645329140266
42272128,touchmove,800,307,1645329140274
42272128,touchmove,802,311,1645329140282
42272128,touchmove,805,315,1645329140290
42272128,touchmove,807,318,1645329140299
42272128,touchmove,810,322,1645329140307
42272128,touchmove,814,326,1645329140315
42272128,touchmove,817,329,1645329140324
42272128,touchmove,821,332,1645329140332
42272128,touchmove,825,336,1645329140341
42272128,touchmove,829,340,1645329140349
42272128,touchmove,834,343,1645329140357
42272128,touchmove,838,346,1645329140366
42272128,touchmove,842,350,1645329140374
42272128,touchmove,846,353,1645329140382
42272128,touchmove,851,356,1645329140391
42272128,touchmove,855,359,1645329140399
42272128,touchmove,859,362,1645329140407
42272128,touchmove,863,365,1645329140416
42272128,touchmove,867,368,1645329140424
42272128,touchmove,872,371,1645329140432
42272128,touchmove,876,374,1645329140441
42272128,touchmove,880,377,1645329140449
42272128,touchmove,883,380,1645329140457
42272128,touchmove,887,383,1645329140466
42272128,touchmove,889,386,1645329140474
42272128,touchmove,892,388,1645329140482
42272128,touchmove,894,391,1645329140490
42272128,touchmove,897,393,1645329140499
42272128,touchmove,899,396,1645329140507
42272128,touchmove,901,398,1645329140516
42272128,touchmove,904,399,1645329140524
42272128,touchmove,907,401,1645329140532
42272128,touchmove,910,403,1645329140541
42272128,touchmove,912,405,1645329140549
42272128,touchmove,915,407,1645329140557
42272128,touchmove,917,408,1645329140566
42272128,touchmove,919,410,1645329140574
42272128,touchmove,920,412,1645329140582
42272128,touchmove,922,413,1645329140591
42272128,touchmove,923,415,1645329140599
42272128,touchmove,924,416,1645329140607
42272128,touchmove,925,417,1645329140616
42272128,touchmove,926,418,1645329140624
42272128,touchmove,927,419,1645329140632
42272128,touchmove,927,420,1645329140641
42272128,touchmove,928,421,1645329140649
42272128,touchmove,929,422,1645329140657
42272128,touchmove,930,423,1645329140666
42272128,touchmove,931,425,1645329140674
42272128,touchmove,932,426,1645329140691
42272128,touchmove,933,427,1645329140699
42272128,touchmove,933,428,1645329140707
42272128,touchmove,934,428,1645329140716
42272128,touchmove,934,429,1645329140732
42272128,touchend,0,0,1645329140807
42272128,touchmove,934,427,1645329140799
42272128,touchmove,934,428,1645329140790
