42273340,touchdown,365,449,1645331328816
42273341,touchdown,450,280,1645331328816
42273340,touchend,0,0,1645331328902
42273341,touchend,0,0,1645331328902
42273342,touchdown,713,248,1645331329368
42273343,touchdown,586,383,1645331329368
42273342,touchend,0,0,1645331329452
42273343,touchend,0,0,1645331329452
42273344,touchdown,477,196,1645331329942
42273345,touchdown,422,365,1645331329957
42273344,touchmove,476,192,1645331329985
42273345,touchend,0,0,1645331329994
42273344,touchmove,479,191,1645331329994
42273344,touchmove,483,189,1645331330002
42273344,touchend,0,0,1645331330010
42273346,touchdown,737,197,1645331330503
42273347,touchdown,573,292,1645331330503
42273347,touchend,0,0,1645331330561
42273346,touchend,0,0,1645331330577
42273348,touchdown,790,392,1645331331058
42273349,touchdown,633,484,1645331331078
42273349,touchend,0,0,1645331331128
42273348,touchend,0,0,1645331331144
42273350,touchdown,449,296,1645331331590
42273351,touchdown,331,443,1645331331605
42273351,touchend,0,0,1645331331678
42273350,touchend,0,0,1645331331686
42273352,touchdown,446,260,1645331332133
42273353,touchdown,407,447,1645331332149
42273352,touchend,0,0,1645331332245
42273353,touchend,0,0,1645331332246
42273354,touchdown,673,284,1645331332711
42273355,touchdown,517,399,1645331332712
42273355,touchmove,520,404,1645331332722
42273355,touchmove,519,404,1645331332779
42273355,touchmove,518,404,1645331332788
42273355,touchend,0,0,1645331332796
42273354,touchend,0,0,1645331332804
42273356,touchdown,550,326,1645331333253
42273357,touchdown,491,510,1645331333254
42273357,touchend,0,0,1645331333346
42273356,touchend,0,0,1645331333354
42273358,touchdown,736,307,1645331333776
42273359,touchdown,593,425,1645331333797
42273359,touchend,0,0,1645331333829
42273358,touchend,0,0,1645331333854
42273360,touchdown,500,322,1645331334295
42273361,touchdown,655,258,1645331334306
42273361,touchend,0,0,1645331334404
42273360,touchend,0,0,1645331334388
42273362,touchdown,412,358,1645331334814
42273363,touchdown,564,280,1645331334814
42273363,touchmove,564,278,1645331334824
42273363,touchmove,564,274,1645331334831
42273363,touchmove,564,275,1645331334847
42273363,touchmove,564,277,1645331334855
42273363,touchmove,564,278,1645331334864
42273363,touchmove,564,279,1645331334880
42273362,touchend,0,0,1645331334889
42273363,touchmove,564,280,1645331334889
42273363,touchend,0,0,1645331334896
42273364,touchdown,800,370,1645331335370
42273365,touchdown,650,388,1645331335370
42273365,touchend,0,0,1645331335447
42273364,touchmove,798,373,1645331335448
42273364,touchmove,797,373,1645331335456
42273364,touchmove,794,373,1645331335464
42273364,touchend,0,0,1645331335471
42273366,touchdown,398,242,1645331335920
42273367,touchdown,541,191,1645331335935
42273366,touchmove,396,236,1645331335947
42273366,touchmove,396,235,1645331335956
42273366,touchmove,396,234,1645331335964
42273366,touchmove,397,234,1645331335998
42273366,touchend,0,0,1645331336005
42273367,touchend,0,0,1645331336005
42273368,touchdown,764,174,1645331336421
42273369,touchdown,623,205,1645331336421
42273368,touchmove,765,172,1645331336473
42273368,touchmove,765,173,1645331336481
42273368,touchmove,765,174,1645331336490
42273368,touchmove,764,175,1645331336498
42273369,touchend,0,0,1645331336506
42273368,touchmove,762,177,1645331336506
42273368,touchmove,760,179,1645331336515
42273368,touchend,0,0,1645331336522
42273370,touchdown,394,254,1645331336956
42273371,touchdown,522,203,1645331336957
42273370,touchend,0,0,1645331337040
42273371,touchend,0,0,1645331337040
42273372,touchdown,623,393,1645331337470
42273373,touchdown,769,373,1645331337491
42273373,touchend,0,0,1645331337540
42273372,touchend,0,0,1645331337556
42273374,touchdown,499,372,1645331337956
42273375,touchdown,354,428,1645331337957
42273375,touchend,0,0,1645331338040
42273374,touchend,0,0,1645331338040
42273376,touchdown,796,408,1645331338463
42273377,touchdown,641,436,1645331338464
42273377,touchmove,641,433,1645331338515
42273377,touchmove,641,434,1645331338524
42273377,touchmove,641,435,1645331338532
42273377,touchmove,641,436,1645331338541
42273377,touchmove,641,437,1645331338549
42273376,touchend,0,0,1645331338557
42273377,touchmove,639,437,1645331338557
42273377,touchend,0,0,1645331338565
42273378,touchdown,555,391,1645331339023
42273379,touchdown,412,441,1645331339023
42273378,touchend,0,0,1645331339083
42273379,touchend,0,0,1645331339099
42273380,touchdown,357,469,1645331339573
42273381,touchdown,448,208,1645331339588
42273382,touchdown,798,353,1645331339588
42273383,touchdown,613,149,1645331339593
42273384,touchdown,734,211,1645331339593
42273380,touchend,0,0,1645331339675
42273384,touchend,0,0,1645331339675
42273381,touchend,0,0,1645331339684
42273383,touchend,0,0,1645331339684
42273382,touchend,0,0,1645331339692
42273385,touchdown,352,226,1645331340094
42273387,touchdown,628,130,1645331340118
42273386,touchdown,498,111,1645331340095
42273388,touchdown,745,249,1645331340135
42273389,touchdown,374,505,1645331340160
42273389,touchend,0,0,1645331340167
42273388,touchend,0,0,1645331340209
42273387,touchend,0,0,1645331340217
42273385,touchend,0,0,1645331340225
42273386,touchend,0,0,1645331340241
42273390,touchdown,415,463,1645331340615
42273391,touchdown,502,192,1645331340636
42273392,touchdown,665,142,1645331340636
42273393,touchdown,846,355,1645331340636
42273394,touchdown,776,203,1645331340643
42273394,touchend,0,0,1645331340667
42273395,touchdown,776,203,1645331340677
42273390,touchend,0,0,1645331340735
42273391,touchend,0,0,1645331340744
42273393,touchend,0,0,1645331340751
42273395,touchend,0,0,1645331340751
42273392,touchend,0,0,1645331340758
42273398,touchdown,730,172,1645331341143
42273396,touchdown,797,327,1645331341142
42273397,touchdown,617,113,1645331341142
42273399,touchdown,359,442,1645331341143
42273400,touchdown,449,158,1645331341143
42273398,touchend,0,0,1645331341251
42273397,touchend,0,0,1645331341261
42273396,touchend,0,0,1645331341261
42273400,touchend,0,0,1645331341261
42273399,touchend,0,0,1645331341267
42273402,touchdown,716,190,1645331341650
42273401,touchdown,874,396,1645331341650
42273404,touchdown,441,495,1645331341650
42273403,touchdown,550,223,1645331341650
42273405,touchdown,826,253,1645331341661
42273401,touchend,0,0,1645331341727
42273405,touchend,0,0,1645331341736
42273404,touchend,0,0,1645331341743
42273402,touchend,0,0,1645331341759
42273403,touchend,0,0,1645331341759
42273406,touchdown,594,104,1645331342115
42273407,touchdown,708,158,1645331342131
42273408,touchdown,762,300,1645331342131
42273409,touchdown,431,141,1645331342132
42273410,touchdown,336,420,1645331342132
42273409,touchend,0,0,1645331342252
42273406,touchend,0,0,1645331342261
42273407,touchend,0,0,1645331342261
42273410,touchend,0,0,1645331342261
42273408,touchend,0,0,1645331342261
42273411,touchdown,553,210,1645331342613
42273412,touchdown,719,179,1645331342614
42273413,touchdown,444,484,1645331342614
42273414,touchdown,879,387,1645331342614
42273415,touchdown,832,242,1645331342614
42273414,touchmove,880,385,1645331342661
42273414,touchmove,879,385,1645331342677
42273411,touchmove,553,211,1645331342685
42273414,touchend,0,0,1645331342718
42273413,touchend,0,0,1645331342718
42273415,touchend,0,0,1645331342718
42273411,touchmove,552,211,1645331342735
42273411,touchend,0,0,1645331342743
42273412,touchend,0,0,1645331342743
42273416,touchdown,400,177,1645331343131
42273417,touchdown,562,130,1645331343132
42273418,touchdown,681,180,1645331343146
42273419,touchdown,323,462,1645331343147
42273420,touchdown,742,320,1645331343147
42273416,touchmove,398,172,1645331343147
42273416,touchmove,398,171,1645331343152
42273416,touchmove,399,171,1645331343194
42273416,touchmove,400,171,1645331343202
42273416,touchmove,401,171,1645331343235
42273416,touchend,0,0,1645331343252
42273419,touchend,0,0,1645331343253
42273417,touchend,0,0,1645331343261
42273418,touchend,0,0,1645331343268
42273420,touchend,0,0,1645331343269
42273421,touchdown,861,342,1645331343642
42273422,touchdown,708,135,1645331343643
42273423,touchdown,544,163,1645331343655
42273424,touchdown,816,196,1645331343655
42273425,touchdown,436,439,1645331343655
42273423,touchend,0,0,1645331343753
42273424,touchend,0,0,1645331343753
42273425,touchend,0,0,1645331343753
42273422,touchend,0,0,1645331343761
42273421,touchend,0,0,1645331343785
42273426,touchdown,616,133,1645331344135
42273427,touchdown,731,185,1645331344135
42273428,touchdown,788,327,1645331344136
42273429,touchdown,460,171,1645331344147
42273430,touchdown,370,473,1645331344147
42273429,touchmove,460,174,1645331344186
42273426,touchmove,616,134,1645331344187
42273429,touchmove,460,175,1645331344194
42273426,touchmove,616,135,1645331344195
42273429,touchmove,460,176,1645331344203
42273426,touchmove,617,136,1645331344203
42273426,touchmove,617,137,1645331344211
42273430,touchend,0,0,1645331344219
42273429,touchmove,460,177,1645331344219
42273428,touchmove,784,330,1645331344219
42273426,touchmove,618,138,1645331344219
42273429,touchmove,461,178,1645331344228
42273426,touchmove,618,139,1645331344228
42273429,touchend,0,0,1645331344236
42273428,touchmove,783,330,1645331344236
42273426,touchmove,619,139,1645331344236
42273427,touchend,0,0,1645331344244
42273426,touchmove,620,139,1645331344244
42273426,touchend,0,0,1645331344252
42273428,touchmove,782,330,1645331344252
42273428,touchend,0,0,1645331344260
42273431,touchdown,422,475,1645331344532
42273432,touchdown,530,157,1645331344562
42273431,touchmove,431,472,1645331344594
42273432,touchmove,528,170,1645331344603
42273431,touchmove,432,470,1645331344603
42273432,touchmove,526,174,1645331344611
42273431,touchmove,433,468,1645331344611
42273432,touchmove,523,179,1645331344619
42273431,touchmove,434,465,1645331344619
42273432,touchmove,520,184,1645331344627
42273431,touchmove,435,462,1645331344628
42273432,touchmove,517,189,1645331344636
42273432,touchmove,514,196,1645331344644
42273431,touchmove,438,455,1645331344644
42273432,touchmove,511,202,1645331344653
42273431,touchmove,437,459,1645331344636
42273431,touchmove,440,451,1645331344653
42273432,touchmove,508,209,1645331344661
42273431,touchmove,441,447,1645331344661
42273432,touchmove,505,215,1645331344669
42273431,touchmove,443,444,1645331344669
42273432,touchmove,502,220,1645331344678
42273431,touchmove,444,441,1645331344678
42273432,touchmove,500,224,1645331344686
42273431,touchmove,445,440,1645331344686
42273432,touchmove,498,228,1645331344694
42273431,touchmove,446,439,1645331344694
42273432,touchmove,496,232,1645331344702
42273431,touchmove,446,438,1645331344702
42273432,touchmove,494,236,1645331344711
42273431,touchmove,446,437,1645331344711
42273432,touchmove,492,239,1645331344719
42273431,touchmove,447,435,1645331344719
42273432,touchmove,491,243,1645331344728
42273431,touchmove,448,432,1645331344728
42273432,touchmove,490,247,1645331344736
42273431,touchmove,449,430,1645331344736
42273432,touchmove,488,251,1645331344744
42273431,touchmove,450,426,1645331344744
42273432,touchmove,487,255,1645331344752
42273431,touchmove,452,423,1645331344753
42273432,touchmove,487,259,1645331344761
42273431,touchmove,453,420,1645331344761
42273432,touchmove,487,263,1645331344769
42273431,touchmove,455,417,1645331344769
42273432,touchmove,487,265,1645331344777
42273431,touchmove,456,415,1645331344777
42273432,touchmove,487,268,1645331344786
42273431,touchmove,457,413,1645331344786
42273432,touchmove,487,271,1645331344794
42273431,touchmove,458,412,1645331344794
42273432,touchmove,487,273,1645331344803
42273431,touchmove,459,412,1645331344803
42273432,touchmove,487,275,1645331344811
42273431,touchmove,459,411,1645331344811
42273432,touchmove,487,277,1645331344819
42273431,touchend,0,0,1645331344827
42273432,touchmove,486,278,1645331344827
42273432,touchmove,486,279,1645331344836
42273432,touchmove,485,280,1645331344844
42273432,touchend,0,0,1645331344852
42273433,touchdown,435,463,1645331345141
42273434,touchdown,560,165,1645331345179
42273433,touchmove,443,462,1645331345186
42273434,touchmove,559,169,1645331345186
42273434,touchmove,557,172,1645331345194
42273433,touchmove,444,462,1645331345203
42273434,touchmove,554,175,1645331345203
42273434,touchmove,550,178,1645331345211
42273433,touchmove,444,460,1645331345220
42273434,touchmove,547,181,1645331345220
42273433,touchmove,444,459,1645331345228
42273434,touchmove,544,185,1645331345228
42273433,touchmove,444,456,1645331345236
42273434,touchmove,540,188,1645331345236
42273433,touchmove,444,454,1645331345244
42273434,touchmove,536,192,1645331345244
42273433,touchmove,444,452,1645331345253
42273434,touchmove,532,195,1645331345253
42273433,touchmove,444,449,1645331345261
42273434,touchmove,529,199,1645331345261
42273433,touchmove,444,447,1645331345269
42273434,touchmove,526,203,1645331345269
42273433,touchmove,444,445,1645331345278
42273434,touchmove,523,207,1645331345278
42273433,touchmove,444,442,1645331345286
42273434,touchmove,520,211,1645331345286
42273433,touchmove,445,440,1645331345294
42273434,touchmove,517,215,1645331345295
42273433,touchmove,445,437,1645331345303
42273434,touchmove,514,220,1645331345303
42273433,touchmove,446,435,1645331345311
42273434,touchmove,511,224,1645331345311
42273433,touchmove,446,433,1645331345319
42273434,touchmove,509,227,1645331345320
42273433,touchmove,447,431,1645331345328
42273434,touchmove,507,231,1645331345328
42273433,touchmove,448,428,1645331345336
42273434,touchmove,505,234,1645331345336
42273433,touchmove,448,426,1645331345344
42273434,touchmove,503,237,1645331345345
42273433,touchmove,449,423,1645331345353
42273434,touchmove,501,240,1645331345353
42273433,touchmove,450,420,1645331345361
42273434,touchmove,500,243,1645331345361
42273433,touchmove,451,418,1645331345369
42273434,touchmove,498,246,1645331345370
42273433,touchmove,452,415,1645331345378
42273434,touchmove,497,248,1645331345378
42273433,touchmove,453,413,1645331345386
42273434,touchmove,496,251,1645331345386
42273433,touchmove,453,411,1645331345395
42273434,touchmove,495,254,1645331345395
42273433,touchmove,454,410,1645331345403
42273434,touchmove,494,256,1645331345403
42273433,touchmove,455,408,1645331345411
42273434,touchmove,493,259,1645331345411
42273433,touchmove,455,407,1645331345420
42273434,touchmove,491,261,1645331345420
42273433,touchmove,456,406,1645331345428
42273434,touchmove,491,263,1645331345428
42273433,touchmove,457,405,1645331345436
42273434,touchmove,490,265,1645331345436
42273433,touchmove,458,403,1645331345445
42273434,touchmove,489,267,1645331345445
42273433,touchmove,459,401,1645331345453
42273434,touchmove,488,269,1645331345453
42273433,touchmove,460,398,1645331345461
42273434,touchmove,487,272,1645331345461
42273433,touchmove,462,395,1645331345470
42273434,touchmove,487,275,1645331345470
42273433,touchmove,464,392,1645331345478
42273434,touchmove,487,278,1645331345478
42273433,touchmove,466,388,1645331345486
42273434,touchmove,486,280,1645331345486
42273433,touchmove,467,386,1645331345495
42273434,touchmove,486,283,1645331345495
42273433,touchmove,469,383,1645331345503
42273434,touchmove,486,285,1645331345503
42273433,touchmove,470,381,1645331345511
42273434,touchmove,486,288,1645331345511
42273433,touchmove,471,380,1645331345520
42273434,touchmove,486,290,1645331345520
42273433,touchmove,473,378,1645331345528
42273434,touchmove,486,292,1645331345528
42273433,touchmove,474,375,1645331345536
42273434,touchmove,486,295,1645331345536
42273433,touchmove,477,373,1645331345545
42273434,touchmove,486,298,1645331345545
42273433,touchmove,479,370,1645331345553
42273434,touchmove,486,302,1645331345553
42273433,touchmove,482,368,1645331345561
42273434,touchmove,486,304,1645331345561
42273433,touchmove,484,366,1645331345570
42273434,touchmove,487,307,1645331345570
42273433,touchmove,486,364,1645331345578
42273434,touchmove,488,308,1645331345578
42273433,touchmove,486,363,1645331345586
42273433,touchmove,487,362,1645331345603
42273434,touchmove,489,308,1645331345603
42273433,touchmove,487,361,1645331345611
42273434,touchmove,490,308,1645331345611
42273433,touchmove,487,360,1645331345620
42273433,touchmove,487,359,1645331345636
42273433,touchend,0,0,1645331345653
42273434,touchend,0,0,1645331345661
42273435,touchdown,446,442,1645331345942
42273436,touchdown,576,167,1645331345962
42273436,touchmove,576,168,1645331345970
42273436,touchmove,574,170,1645331345978
42273436,touchmove,572,173,1645331345986
42273436,touchmove,569,176,1645331345995
42273435,touchmove,453,440,1645331346003
42273436,touchmove,566,180,1645331346003
42273435,touchmove,453,439,1645331346012
42273436,touchmove,562,184,1645331346012
42273435,touchmove,454,437,1645331346020
42273436,touchmove,557,188,1645331346020
42273435,touchmove,454,435,1645331346028
42273436,touchmove,553,192,1645331346028
42273436,touchmove,545,199,1645331346045
42273436,touchmove,549,195,1645331346037
42273435,touchmove,454,432,1645331346053
42273435,touchmove,454,434,1645331346037
42273436,touchmove,541,203,1645331346053
42273435,touchmove,454,431,1645331346062
42273436,touchmove,537,207,1645331346062
42273435,touchmove,454,430,1645331346070
42273436,touchmove,534,210,1645331346070
42273435,touchmove,454,429,1645331346078
42273436,touchmove,531,213,1645331346079
42273435,touchmove,454,427,1645331346087
42273436,touchmove,528,216,1645331346087
42273435,touchmove,454,425,1645331346095
42273436,touchmove,526,219,1645331346095
42273435,touchmove,455,423,1645331346103
42273436,touchmove,523,223,1645331346103
42273435,touchmove,455,420,1645331346112
42273436,touchmove,521,226,1645331346112
42273435,touchmove,456,418,1645331346120
42273436,touchmove,518,229,1645331346120
42273435,touchmove,457,415,1645331346128
42273436,touchmove,516,233,1645331346128
42273435,touchmove,457,412,1645331346137
42273436,touchmove,514,237,1645331346137
42273435,touchmove,458,410,1645331346145
42273436,touchmove,512,239,1645331346145
42273435,touchmove,458,408,1645331346153
42273436,touchmove,511,241,1645331346153
42273435,touchmove,458,406,1645331346162
42273436,touchmove,509,243,1645331346162
42273435,touchmove,459,404,1645331346170
42273436,touchmove,507,246,1645331346170
42273435,touchmove,459,402,1645331346178
42273436,touchmove,505,249,1645331346178
42273435,touchmove,460,401,1645331346187
42273436,touchmove,503,252,1645331346187
42273435,touchmove,460,398,1645331346195
42273436,touchmove,502,256,1645331346195
42273435,touchmove,462,396,1645331346204
42273436,touchmove,500,259,1645331346204
42273435,touchmove,462,393,1645331346212
42273436,touchmove,498,262,1645331346212
42273435,touchmove,463,390,1645331346220
42273436,touchmove,497,265,1645331346220
42273435,touchmove,464,388,1645331346228
42273436,touchmove,496,268,1645331346228
42273435,touchmove,465,386,1645331346237
42273436,touchmove,495,271,1645331346237
42273435,touchmove,466,384,1645331346245
42273436,touchmove,493,273,1645331346245
42273435,touchmove,467,382,1645331346253
42273436,touchmove,492,275,1645331346253
42273435,touchmove,467,380,1645331346262
42273436,touchmove,491,277,1645331346262
42273435,touchmove,468,378,1645331346270
42273436,touchmove,490,279,1645331346270
42273435,touchmove,469,376,1645331346278
42273436,touchmove,490,281,1645331346278
42273435,touchmove,471,373,1645331346287
42273436,touchmove,489,284,1645331346287
42273435,touchmove,472,371,1645331346295
42273436,touchmove,488,288,1645331346295
42273435,touchmove,474,368,1645331346304
42273436,touchmove,488,291,1645331346304
42273435,touchmove,475,365,1645331346312
42273436,touchmove,488,295,1645331346312
42273435,touchmove,477,363,1645331346320
42273436,touchmove,488,299,1645331346320
42273435,touchmove,479,361,1645331346328
42273436,touchmove,488,301,1645331346328
42273435,touchmove,480,359,1645331346337
42273436,touchmove,488,302,1645331346337
42273435,touchmove,481,357,1645331346345
42273435,touchmove,482,356,1645331346362
42273435,touchmove,482,355,1645331346370
42273435,touchmove,482,354,1645331346378
42273435,touchmove,482,353,1645331346387
42273435,touchmove,482,352,1645331346395
42273436,touchmove,488,303,1645331346395
42273435,touchend,0,0,1645331346420
42273436,touchmove,489,304,1645331346420
42273436,touchend,0,0,1645331346428
42273437,touchdown,498,430,1645331346726
42273438,touchdown,641,169,1645331346754
42273438,touchmove,633,177,1645331346771
42273438,touchmove,629,181,1645331346779
42273438,touchmove,624,185,1645331346787
42273438,touchmove,619,189,1645331346795
42273438,touchmove,614,192,1645331346804
42273437,touchmove,502,428,1645331346812
42273438,touchmove,609,196,1645331346812
42273437,touchmove,502,426,1645331346820
42273438,touchmove,603,200,1645331346820
42273437,touchmove,502,425,1645331346829
42273438,touchmove,598,203,1645331346829
42273437,touchmove,502,423,1645331346837
42273438,touchmove,593,207,1645331346837
42273437,touchmove,501,422,1645331346845
42273438,touchmove,589,210,1645331346845
42273437,touchmove,501,421,1645331346854
42273438,touchmove,585,214,1645331346854
42273437,touchmove,500,419,1645331346862
42273438,touchmove,581,217,1645331346862
42273437,touchmove,500,417,1645331346870
42273438,touchmove,578,219,1645331346870
42273437,touchmove,499,416,1645331346879
42273438,touchmove,576,222,1645331346879
42273437,touchmove,499,414,1645331346887
42273438,touchmove,572,224,1645331346887
42273437,touchmove,499,412,1645331346896
42273438,touchmove,571,227,1645331346896
42273437,touchmove,499,411,1645331346904
42273438,touchmove,568,229,1645331346904
42273437,touchmove,499,408,1645331346912
42273438,touchmove,566,231,1645331346912
42273437,touchmove,499,406,1645331346921
42273438,touchmove,564,233,1645331346921
42273437,touchmove,499,404,1645331346929
42273438,touchmove,562,236,1645331346929
42273437,touchmove,499,402,1645331346937
42273438,touchmove,560,238,1645331346937
42273437,touchmove,499,400,1645331346946
42273438,touchmove,559,240,1645331346946
42273437,touchmove,499,397,1645331346954
42273438,touchmove,557,242,1645331346954
42273437,touchmove,499,395,1645331346962
42273438,touchmove,555,245,1645331346962
42273437,touchmove,499,392,1645331346970
42273438,touchmove,553,248,1645331346970
42273437,touchmove,499,390,1645331346979
42273438,touchmove,552,251,1645331346979
42273437,touchmove,499,387,1645331346987
42273438,touchmove,550,255,1645331346987
42273437,touchmove,499,384,1645331346995
42273438,touchmove,548,258,1645331346995
42273437,touchmove,499,381,1645331347004
42273438,touchmove,546,262,1645331347004
42273437,touchmove,499,378,1645331347012
42273438,touchmove,544,266,1645331347012
42273437,touchmove,499,376,1645331347020
42273438,touchmove,542,270,1645331347020
42273437,touchmove,499,374,1645331347029
42273438,touchmove,540,273,1645331347029
42273437,touchmove,499,373,1645331347037
42273438,touchmove,539,276,1645331347037
42273437,touchmove,500,372,1645331347045
42273438,touchmove,538,278,1645331347045
42273437,touchmove,500,371,1645331347054
42273438,touchmove,536,280,1645331347054
42273437,touchmove,501,369,1645331347062
42273438,touchmove,536,282,1645331347062
42273437,touchmove,502,367,1645331347070
42273438,touchmove,535,284,1645331347070
42273437,touchmove,505,365,1645331347079
42273438,touchmove,534,286,1645331347079
42273437,touchmove,507,362,1645331347087
42273438,touchmove,534,289,1645331347087
42273437,touchmove,509,360,1645331347095
42273438,touchmove,534,292,1645331347095
42273437,touchmove,511,357,1645331347104
42273438,touchmove,533,294,1645331347104
42273437,touchmove,512,355,1645331347112
42273438,touchmove,533,297,1645331347112
42273437,touchmove,513,354,1645331347120
42273438,touchmove,532,298,1645331347121
42273437,touchmove,513,353,1645331347129
42273438,touchmove,532,299,1645331347129
42273438,touchmove,531,300,1645331347137
42273437,touchmove,514,352,1645331347146
42273437,touchmove,514,351,1645331347171
42273437,touchmove,514,350,1645331347187
42273437,touchend,0,0,1645331347204
42273438,touchmove,530,300,1645331347221
42273438,touchend,0,0,1645331347228
42273439,touchdown,430,425,1645331347584
42273440,touchdown,588,159,1645331347622
42273440,touchmove,586,162,1645331347629
42273440,touchmove,583,165,1645331347638
42273440,touchmove,580,168,1645331347646
42273440,touchmove,577,171,1645331347654
42273439,touchmove,437,422,1645331347663
42273440,touchmove,573,174,1645331347663
42273439,touchmove,437,421,1645331347671
42273440,touchmove,569,178,1645331347671
42273439,touchmove,437,419,1645331347679
42273440,touchmove,564,181,1645331347679
42273439,touchmove,436,417,1645331347688
42273440,touchmove,560,185,1645331347688
42273439,touchmove,436,416,1645331347696
42273440,touchmove,556,189,1645331347696
42273439,touchmove,436,413,1645331347704
42273440,touchmove,551,193,1645331347704
42273439,touchmove,436,411,1645331347713
42273440,touchmove,547,197,1645331347713
42273439,touchmove,436,407,1645331347721
42273440,touchmove,542,201,1645331347721
42273439,touchmove,438,404,1645331347729
42273440,touchmove,539,205,1645331347729
42273439,touchmove,440,402,1645331347738
42273440,touchmove,536,209,1645331347738
42273439,touchmove,443,399,1645331347746
42273440,touchmove,534,212,1645331347746
42273439,touchmove,445,395,1645331347754
42273440,touchmove,531,216,1645331347754
42273439,touchmove,447,392,1645331347763
42273440,touchmove,529,220,1645331347763
42273439,touchmove,450,389,1645331347771
42273440,touchmove,527,224,1645331347771
42273439,touchmove,452,385,1645331347779
42273440,touchmove,525,229,1645331347779
42273439,touchmove,453,383,1645331347787
42273440,touchmove,523,233,1645331347788
42273439,touchmove,455,380,1645331347796
42273440,touchmove,520,236,1645331347796
42273439,touchmove,455,379,1645331347804
42273440,touchmove,517,239,1645331347804
42273439,touchmove,456,378,1645331347813
42273440,touchmove,515,241,1645331347813
42273439,touchmove,457,376,1645331347821
42273440,touchmove,514,242,1645331347821
42273439,touchmove,459,374,1645331347829
42273440,touchmove,512,244,1645331347829
42273439,touchmove,461,373,1645331347838
42273440,touchmove,512,245,1645331347838
42273439,touchmove,464,370,1645331347846
42273440,touchmove,511,246,1645331347846
42273439,touchmove,467,367,1645331347854
42273440,touchmove,511,247,1645331347854
42273439,touchmove,470,364,1645331347863
42273440,touchmove,510,249,1645331347863
42273439,touchmove,473,361,1645331347871
42273440,touchmove,510,250,1645331347871
42273439,touchmove,476,359,1645331347879
42273440,touchmove,510,252,1645331347879
42273439,touchmove,479,356,1645331347888
42273440,touchmove,510,254,1645331347888
42273439,touchmove,481,354,1645331347896
42273440,touchmove,510,256,1645331347896
42273439,touchmove,481,352,1645331347904
42273440,touchmove,510,258,1645331347904
42273439,touchmove,481,350,1645331347913
42273440,touchmove,510,260,1645331347913
42273439,touchmove,482,349,1645331347921
42273440,touchmove,510,261,1645331347921
42273439,touchmove,482,348,1645331347929
42273439,touchmove,482,347,1645331347938
42273439,touchmove,483,345,1645331347946
42273439,touchmove,484,343,1645331347954
42273439,touchend,0,0,1645331347962
42273440,touchend,0,0,1645331347987
42273441,touchdown,429,399,1645331348235
42273442,touchdown,624,129,1645331348264
42273442,touchmove,619,134,1645331348271
42273442,touchmove,615,135,1645331348279
42273442,touchmove,612,138,1645331348288
42273442,touchmove,608,141,1645331348296
42273441,touchmove,440,400,1645331348296
42273442,touchmove,604,144,1645331348305
42273441,touchmove,440,399,1645331348305
42273442,touchmove,599,147,1645331348313
42273441,touchmove,440,398,1645331348313
42273442,touchmove,594,151,1645331348321
42273441,touchmove,440,397,1645331348321
42273442,touchmove,589,154,1645331348330
42273442,touchmove,583,157,1645331348338
42273442,touchmove,577,161,1645331348346
42273441,touchmove,440,396,1645331348346
42273442,touchmove,572,165,1645331348355
42273441,touchmove,440,395,1645331348355
42273442,touchmove,567,169,1645331348363
42273441,touchmove,440,393,1645331348363
42273442,touchmove,562,173,1645331348371
42273441,touchmove,440,392,1645331348371
42273442,touchmove,558,176,1645331348380
42273441,touchmove,440,390,1645331348380
42273442,touchmove,554,179,1645331348388
42273441,touchmove,440,389,1645331348388
42273442,touchmove,551,182,1645331348397
42273441,touchmove,440,388,1645331348397
42273442,touchmove,549,185,1645331348405
42273441,touchmove,440,387,1645331348405
42273442,touchmove,547,187,1645331348413
42273441,touchmove,441,386,1645331348413
42273442,touchmove,543,190,1645331348421
42273442,touchmove,540,193,1645331348430
42273441,touchmove,441,385,1645331348430
42273442,touchmove,537,196,1645331348438
42273441,touchmove,442,385,1645331348438
42273442,touchmove,534,199,1645331348446
42273441,touchmove,443,383,1645331348446
42273442,touchmove,531,202,1645331348455
42273441,touchmove,444,382,1645331348455
42273442,touchmove,529,205,1645331348463
42273441,touchmove,445,380,1645331348463
42273442,touchmove,528,207,1645331348471
42273441,touchmove,446,378,1645331348471
42273442,touchmove,526,209,1645331348480
42273441,touchmove,447,376,1645331348480
42273442,touchmove,525,212,1645331348488
42273441,touchmove,448,374,1645331348488
42273442,touchmove,524,213,1645331348497
42273441,touchmove,448,373,1645331348497
42273442,touchmove,523,215,1645331348505
42273441,touchmove,449,373,1645331348505
42273442,touchmove,521,217,1645331348513
42273441,touchmove,450,371,1645331348513
42273442,touchmove,519,219,1645331348521
42273441,touchmove,450,370,1645331348521
42273442,touchmove,516,222,1645331348530
42273441,touchmove,451,369,1645331348530
42273442,touchmove,514,224,1645331348538
42273441,touchmove,453,367,1645331348538
42273442,touchmove,512,227,1645331348546
42273441,touchmove,454,365,1645331348546
42273442,touchmove,510,229,1645331348555
42273441,touchmove,455,362,1645331348555
42273442,touchmove,508,233,1645331348563
42273441,touchmove,457,360,1645331348563
42273442,touchmove,507,237,1645331348571
42273441,touchmove,459,357,1645331348572
42273442,touchmove,505,239,1645331348580
42273441,touchmove,460,355,1645331348580
42273442,touchmove,504,242,1645331348588
42273441,touchmove,463,352,1645331348588
42273442,touchmove,503,244,1645331348596
42273441,touchmove,464,350,1645331348596
42273442,touchmove,503,246,1645331348605
42273441,touchmove,467,348,1645331348605
42273442,touchmove,503,248,1645331348613
42273441,touchmove,469,346,1645331348613
42273442,touchmove,502,250,1645331348621
42273441,touchmove,472,344,1645331348621
42273442,touchmove,502,252,1645331348630
42273441,touchmove,475,341,1645331348630
42273442,touchmove,502,255,1645331348638
42273441,touchmove,478,338,1645331348638
42273442,touchmove,502,258,1645331348646
42273441,touchmove,482,336,1645331348646
42273442,touchmove,502,262,1645331348655
42273441,touchmove,486,334,1645331348655
42273442,touchmove,502,266,1645331348663
42273441,touchmove,490,331,1645331348663
42273442,touchmove,502,269,1645331348671
42273441,touchmove,493,329,1645331348671
42273442,touchmove,502,271,1645331348680
42273441,touchmove,495,328,1645331348680
42273442,touchmove,502,272,1645331348688
42273441,touchmove,496,327,1645331348688
42273442,touchmove,502,273,1645331348696
42273441,touchmove,497,327,1645331348696
42273442,touchmove,503,273,1645331348705
42273442,touchmove,504,273,1645331348721
42273441,touchmove,498,326,1645331348721
42273442,touchmove,505,274,1645331348730
42273441,touchend,0,0,1645331348738
42273442,touchmove,505,275,1645331348738
42273442,touchend,0,0,1645331348746
42273443,touchdown,646,148,1645331349080
42273444,touchdown,468,397,1645331349080
42273443,touchmove,641,155,1645331349113
42273444,touchmove,476,399,1645331349113
42273443,touchmove,637,158,1645331349122
42273444,touchmove,478,399,1645331349122
42273443,touchmove,633,161,1645331349130
42273444,touchmove,479,397,1645331349130
42273443,touchmove,628,164,1645331349138
42273444,touchmove,480,396,1645331349139
42273443,touchmove,623,168,1645331349147
42273444,touchmove,481,393,1645331349147
42273443,touchmove,618,171,1645331349155
42273444,touchmove,482,392,1645331349155
42273443,touchmove,614,175,1645331349163
42273444,touchmove,483,390,1645331349163
42273443,touchmove,610,178,1645331349172
42273444,touchmove,483,388,1645331349172
42273443,touchmove,605,181,1645331349180
42273444,touchmove,484,386,1645331349180
42273443,touchmove,600,186,1645331349188
42273444,touchmove,484,384,1645331349189
42273444,touchmove,485,382,1645331349197
42273443,touchmove,596,189,1645331349197
42273443,touchmove,591,194,1645331349205
42273444,touchmove,486,380,1645331349205
42273443,touchmove,587,197,1645331349213
42273444,touchmove,487,378,1645331349213
42273443,touchmove,583,200,1645331349222
42273444,touchmove,488,376,1645331349222
42273443,touchmove,581,204,1645331349230
42273444,touchmove,490,374,1645331349230
42273443,touchmove,579,206,1645331349238
42273444,touchmove,491,371,1645331349238
42273443,touchmove,577,209,1645331349247
42273444,touchmove,492,370,1645331349247
42273443,touchmove,576,211,1645331349255
42273444,touchmove,494,368,1645331349255
42273443,touchmove,574,213,1645331349263
42273444,touchmove,495,366,1645331349264
42273443,touchmove,572,215,1645331349272
42273444,touchmove,497,365,1645331349272
42273443,touchmove,571,217,1645331349280
42273444,touchmove,497,363,1645331349280
42273443,touchmove,568,219,1645331349288
42273444,touchmove,498,362,1645331349288
42273443,touchmove,566,221,1645331349297
42273444,touchmove,499,361,1645331349297
42273443,touchmove,564,223,1645331349305
42273444,touchmove,500,359,1645331349305
42273443,touchmove,562,225,1645331349313
42273444,touchmove,501,358,1645331349313
42273443,touchmove,559,228,1645331349322
42273444,touchmove,502,356,1645331349322
42273443,touchmove,557,231,1645331349330
42273444,touchmove,504,354,1645331349330
42273443,touchmove,556,233,1645331349339
42273444,touchmove,506,352,1645331349339
42273443,touchmove,554,236,1645331349347
42273444,touchmove,508,349,1645331349347
42273443,touchmove,553,238,1645331349355
42273444,touchmove,510,346,1645331349355
42273443,touchmove,553,240,1645331349363
42273444,touchmove,512,345,1645331349363
42273443,touchmove,553,242,1645331349372
42273444,touchmove,514,343,1645331349372
42273443,touchmove,552,244,1645331349380
42273444,touchmove,516,341,1645331349380
42273443,touchmove,551,246,1645331349389
42273444,touchmove,518,339,1645331349389
42273443,touchmove,550,249,1645331349397
42273444,touchmove,520,337,1645331349397
42273443,touchmove,549,251,1645331349405
42273444,touchmove,522,335,1645331349405
42273443,touchmove,548,254,1645331349413
42273444,touchmove,524,333,1645331349414
42273443,touchmove,547,257,1645331349422
42273444,touchmove,527,331,1645331349422
42273443,touchmove,547,261,1645331349430
42273444,touchmove,530,327,1645331349430
42273443,touchmove,547,264,1645331349438
42273444,touchmove,533,326,1645331349439
42273443,touchmove,547,266,1645331349447
42273444,touchmove,535,323,1645331349447
42273443,touchmove,547,267,1645331349455
42273444,touchmove,538,322,1645331349455
42273444,touchmove,539,321,1645331349472
42273444,touchmove,539,320,1645331349480
42273444,touchmove,539,319,1645331349497
42273444,touchmove,539,318,1645331349505
42273444,touchmove,539,317,1645331349514
42273443,touchmove,546,267,1645331349530
42273444,touchmove,538,316,1645331349531
42273444,touchmove,538,315,1645331349539
42273444,touchmove,538,314,1645331349547
42273444,touchmove,538,313,1645331349555
42273443,touchmove,545,267,1645331349564
42273444,touchend,0,0,1645331349572
42273443,touchend,0,0,1645331349588
42273445,touchdown,673,135,1645331349863
42273446,touchdown,460,411,1645331349863
42273445,touchmove,669,140,1645331349914
42273445,touchmove,665,141,1645331349923
42273446,touchmove,467,411,1645331349931
42273445,touchmove,660,143,1645331349931
42273446,touchmove,467,410,1645331349939
42273445,touchmove,655,145,1645331349939
42273446,touchmove,467,409,1645331349947
42273445,touchmove,648,148,1645331349947
42273446,touchmove,467,407,1645331349955
42273445,touchmove,643,151,1645331349956
42273446,touchmove,468,406,1645331349964
42273445,touchmove,638,154,1645331349964
42273446,touchmove,469,404,1645331349972
42273445,touchmove,633,156,1645331349972
42273446,touchmove,470,402,1645331349981
42273445,touchmove,629,158,1645331349981
42273446,touchmove,471,401,1645331349989
42273445,touchmove,626,161,1645331349989
42273446,touchmove,472,399,1645331349997
42273445,touchmove,623,163,1645331349997
42273446,touchmove,472,397,1645331350005
42273445,touchmove,621,165,1645331350005
42273446,touchmove,473,396,1645331350014
42273445,touchmove,619,167,1645331350014
42273446,touchmove,474,394,1645331350022
42273445,touchmove,616,168,1645331350022
42273446,touchmove,474,393,1645331350031
42273445,touchmove,614,171,1645331350031
42273446,touchmove,476,391,1645331350039
42273445,touchmove,610,173,1645331350039
42273446,touchmove,476,389,1645331350047
42273445,touchmove,607,176,1645331350047
42273446,touchmove,477,388,1645331350055
42273445,touchmove,604,178,1645331350055
42273446,touchmove,478,386,1645331350064
42273445,touchmove,600,181,1645331350064
42273445,touchmove,597,184,1645331350072
42273446,touchmove,480,384,1645331350072
42273446,touchmove,481,382,1645331350081
42273445,touchmove,595,186,1645331350081
42273446,touchmove,482,381,1645331350089
42273445,touchmove,592,189,1645331350089
42273446,touchmove,483,379,1645331350097
42273445,touchmove,590,191,1645331350097
42273446,touchmove,484,378,1645331350106
42273445,touchmove,588,193,1645331350106
42273445,touchmove,586,196,1645331350114
42273446,touchmove,485,378,1645331350114
42273446,touchmove,486,377,1645331350122
42273445,touchmove,583,198,1645331350123
42273446,touchmove,487,376,1645331350131
42273445,touchmove,581,200,1645331350131
42273446,touchmove,488,374,1645331350139
42273445,touchmove,578,203,1645331350139
42273446,touchmove,490,373,1645331350147
42273445,touchmove,575,207,1645331350147
42273446,touchmove,491,370,1645331350156
42273445,touchmove,571,210,1645331350156
42273446,touchmove,493,367,1645331350164
42273445,touchmove,568,215,1645331350164
42273446,touchmove,496,364,1645331350172
42273445,touchmove,565,219,1645331350172
42273446,touchmove,499,360,1645331350181
42273445,touchmove,562,223,1645331350181
42273446,touchmove,503,356,1645331350189
42273445,touchmove,560,227,1645331350189
42273446,touchmove,506,352,1645331350197
42273445,touchmove,558,231,1645331350197
42273446,touchmove,509,349,1645331350205
42273445,touchmove,557,233,1645331350206
42273446,touchmove,512,346,1645331350214
42273445,touchmove,555,237,1645331350214
42273446,touchmove,514,344,1645331350222
42273445,touchmove,553,240,1645331350222
42273446,touchmove,517,341,1645331350231
42273445,touchmove,552,243,1645331350231
42273446,touchmove,519,339,1645331350239
42273445,touchmove,551,247,1645331350239
42273446,touchmove,521,336,1645331350247
42273445,touchmove,550,251,1645331350247
42273446,touchmove,524,333,1645331350256
42273445,touchmove,548,256,1645331350256
42273446,touchmove,526,330,1645331350264
42273445,touchmove,548,261,1645331350264
42273446,touchmove,530,327,1645331350272
42273445,touchmove,547,266,1645331350272
42273446,touchmove,533,325,1645331350281
42273445,touchmove,547,270,1645331350281
42273446,touchmove,535,324,1645331350289
42273445,touchmove,547,272,1645331350289
42273446,touchmove,536,323,1645331350297
42273446,touchmove,536,322,1645331350314
42273446,touchmove,536,321,1645331350339
42273446,touchmove,536,320,1645331350356
42273446,touchmove,536,319,1645331350364
42273446,touchend,0,0,1645331350372
42273445,touchmove,547,273,1645331350372
42273445,touchmove,546,273,1645331350381
42273445,touchmove,545,274,1645331350389
42273445,touchend,0,0,1645331350397
42273447,touchdown,689,130,1645331350661
42273448,touchdown,464,390,1645331350681
42273447,touchmove,687,135,1645331350714
42273447,touchmove,684,135,1645331350723
42273447,touchmove,680,137,1645331350731
42273447,touchmove,675,138,1645331350739
42273447,touchmove,669,140,1645331350748
42273447,touchmove,662,143,1645331350756
42273447,touchmove,657,146,1645331350765
42273448,touchmove,469,390,1645331350765
42273447,touchmove,651,149,1645331350773
42273448,touchmove,469,389,1645331350773
42273447,touchmove,645,152,1645331350781
42273448,touchmove,471,387,1645331350781
42273447,touchmove,640,156,1645331350789
42273448,touchmove,472,384,1645331350789
42273447,touchmove,636,159,1645331350798
42273448,touchmove,473,382,1645331350798
42273447,touchmove,632,161,1645331350806
42273448,touchmove,474,379,1645331350806
42273447,touchmove,629,163,1645331350814
42273448,touchmove,475,378,1645331350814
42273447,touchmove,627,165,1645331350823
42273448,touchmove,476,376,1645331350823
42273447,touchmove,624,168,1645331350831
42273448,touchmove,477,375,1645331350831
42273447,touchmove,622,170,1645331350839
42273448,touchmove,478,374,1645331350839
42273447,touchmove,618,172,1645331350848
42273448,touchmove,479,372,1645331350848
42273447,touchmove,615,175,1645331350856
42273448,touchmove,480,371,1645331350856
42273447,touchmove,611,178,1645331350864
42273448,touchmove,481,369,1645331350864
42273447,touchmove,607,182,1645331350873
42273448,touchmove,483,367,1645331350873
42273447,touchmove,602,186,1645331350881
42273448,touchmove,485,365,1645331350881
42273447,touchmove,599,190,1645331350889
42273448,touchmove,487,363,1645331350889
42273447,touchmove,595,194,1645331350898
42273448,touchmove,488,360,1645331350898
42273447,touchmove,592,198,1645331350906
42273448,touchmove,490,358,1645331350906
42273447,touchmove,590,201,1645331350914
42273448,touchmove,491,357,1645331350914
42273447,touchmove,588,203,1645331350923
42273448,touchmove,493,355,1645331350923
42273447,touchmove,586,205,1645331350931
42273448,touchmove,494,354,1645331350931
42273447,touchmove,583,208,1645331350939
42273448,touchmove,495,353,1645331350939
42273447,touchmove,581,211,1645331350948
42273448,touchmove,497,351,1645331350948
42273447,touchmove,577,215,1645331350956
42273448,touchmove,499,349,1645331350956
42273448,touchmove,502,346,1645331350964
42273447,touchmove,574,220,1645331350964
42273447,touchmove,571,225,1645331350973
42273448,touchmove,506,343,1645331350973
42273447,touchmove,568,232,1645331350981
42273448,touchmove,510,339,1645331350981
42273447,touchmove,566,238,1645331350989
42273448,touchmove,515,335,1645331350989
42273447,touchmove,565,245,1645331350998
42273448,touchmove,520,331,1645331350998
42273447,touchmove,564,251,1645331351006
42273448,touchmove,525,327,1645331351006
42273447,touchmove,564,256,1645331351014
42273448,touchmove,529,325,1645331351014
42273447,touchmove,564,260,1645331351023
42273448,touchmove,531,324,1645331351023
42273447,touchmove,564,264,1645331351031
42273448,touchmove,534,322,1645331351031
42273447,touchmove,563,267,1645331351039
42273448,touchmove,536,321,1645331351039
42273447,touchmove,563,270,1645331351048
42273448,touchmove,539,320,1645331351048
42273447,touchmove,563,272,1645331351056
42273448,touchmove,540,319,1645331351056
42273447,touchmove,563,273,1645331351064
42273448,touchmove,542,318,1645331351064
42273448,touchmove,543,318,1645331351073
42273447,touchmove,563,274,1645331351090
42273448,touchmove,543,317,1645331351090
42273448,touchmove,543,316,1645331351106
42273448,touchmove,543,315,1645331351114
42273447,touchmove,562,274,1645331351131
42273448,touchmove,542,314,1645331351131
42273448,touchmove,541,313,1645331351139
42273448,touchmove,540,312,1645331351156
42273448,touchmove,539,310,1645331351165
42273447,touchmove,560,274,1645331351173
42273448,touchmove,538,310,1645331351173
42273448,touchend,0,0,1645331351181
42273447,touchmove,559,274,1645331351181
42273447,touchend,0,0,1645331351189
42273450,touchdown,464,364,1645331351487
42273449,touchdown,672,127,1645331351487
42273450,touchmove,462,371,1645331351506
42273449,touchmove,681,124,1645331351506
42273449,touchmove,684,124,1645331351515
42273450,touchmove,461,374,1645331351515
42273450,touchmove,459,377,1645331351523
42273449,touchmove,685,124,1645331351523
42273450,touchmove,458,379,1645331351531
42273450,touchmove,457,380,1645331351540
42273449,touchmove,682,125,1645331351548
42273449,touchmove,676,126,1645331351556
42273449,touchmove,667,128,1645331351565
42273449,touchmove,658,131,1645331351573
42273449,touchmove,648,134,1645331351581
42273450,touchmove,458,380,1645331351581
42273449,touchmove,639,137,1645331351590
42273450,touchmove,460,378,1645331351590
42273449,touchmove,631,140,1645331351598
42273450,touchmove,462,377,1645331351598
42273449,touchmove,625,144,1645331351606
42273450,touchmove,463,374,1645331351606
42273449,touchmove,619,148,1645331351615
42273450,touchmove,464,373,1645331351615
42273449,touchmove,614,153,1645331351623
42273450,touchmove,466,370,1645331351623
42273449,touchmove,609,158,1645331351631
42273450,touchmove,467,367,1645331351631
42273449,touchmove,602,165,1645331351640
42273450,touchmove,469,363,1645331351640
42273449,touchmove,595,174,1645331351648
42273450,touchmove,472,359,1645331351648
42273449,touchmove,587,182,1645331351656
42273450,touchmove,476,354,1645331351656
42273449,touchmove,581,190,1645331351665
42273450,touchmove,480,348,1645331351665
42273449,touchmove,576,198,1645331351673
42273450,touchmove,485,342,1645331351673
42273449,touchmove,572,203,1645331351681
42273450,touchmove,490,338,1645331351681
42273449,touchmove,568,208,1645331351690
42273450,touchmove,493,336,1645331351690
42273449,touchmove,564,212,1645331351698
42273450,touchmove,496,334,1645331351698
42273449,touchmove,560,215,1645331351706
42273450,touchmove,498,333,1645331351706
42273449,touchmove,557,219,1645331351715
42273450,touchmove,500,332,1645331351715
42273449,touchmove,555,223,1645331351723
42273450,touchmove,502,331,1645331351723
42273449,touchmove,553,228,1645331351731
42273450,touchmove,504,329,1645331351732
42273449,touchmove,552,233,1645331351740
42273450,touchmove,507,326,1645331351740
42273449,touchmove,550,238,1645331351748
42273450,touchmove,511,324,1645331351748
42273449,touchmove,549,243,1645331351756
42273450,touchmove,515,320,1645331351757
42273449,touchmove,548,249,1645331351765
42273450,touchmove,520,317,1645331351765
42273449,touchmove,547,255,1645331351773
42273450,touchmove,524,314,1645331351773
42273449,touchmove,547,258,1645331351781
42273450,touchmove,529,313,1645331351781
42273449,touchmove,547,260,1645331351790
42273450,touchmove,530,313,1645331351790
42273449,touchmove,547,261,1645331351798
42273450,touchmove,531,312,1645331351798
42273450,touchmove,531,311,1645331351831
42273450,touchmove,532,310,1645331351840
42273450,touchmove,532,309,1645331351848
42273450,touchmove,532,308,1645331351857
42273450,touchmove,532,307,1645331351865
42273450,touchmove,532,306,1645331351873
42273450,touchmove,532,305,1645331351882
42273450,touchmove,532,304,1645331351890
42273450,touchmove,532,303,1645331351907
42273449,touchmove,547,262,1645331351915
42273450,touchend,0,0,1645331351923
42273449,touchmove,545,263,1645331351923
42273449,touchmove,545,264,1645331351932
42273449,touchend,0,0,1645331351940
42273451,touchdown,537,287,1645331352229
42273452,touchdown,528,324,1645331352249
42273451,touchmove,540,277,1645331352349
42273451,touchmove,541,271,1645331352357
42273451,touchmove,544,265,1645331352365
42273451,touchmove,547,258,1645331352374
42273452,touchmove,524,330,1645331352374
42273451,touchmove,551,253,1645331352382
42273452,touchmove,523,331,1645331352382
42273451,touchmove,554,248,1645331352390
42273452,touchmove,523,332,1645331352391
42273451,touchmove,558,244,1645331352399
42273452,touchmove,522,333,1645331352399
42273451,touchmove,561,241,1645331352407
42273452,touchmove,522,334,1645331352407
42273451,touchmove,564,238,1645331352415
42273452,touchmove,522,336,1645331352415
42273451,touchmove,566,235,1645331352424
42273452,touchmove,522,337,1645331352424
42273451,touchmove,567,234,1645331352432
42273452,touchmove,522,338,1645331352432
42273451,touchmove,569,233,1645331352440
42273452,touchmove,522,340,1645331352440
42273451,touchmove,570,231,1645331352449
42273452,touchmove,522,341,1645331352449
42273451,touchmove,571,231,1645331352457
42273452,touchmove,522,343,1645331352457
42273451,touchmove,572,229,1645331352465
42273452,touchmove,521,345,1645331352465
42273451,touchmove,574,228,1645331352474
42273452,touchmove,521,346,1645331352474
42273451,touchmove,576,227,1645331352482
42273452,touchmove,521,348,1645331352482
42273451,touchmove,578,226,1645331352490
42273452,touchmove,520,350,1645331352490
42273451,touchmove,579,225,1645331352499
42273452,touchmove,519,352,1645331352499
42273451,touchmove,581,224,1645331352507
42273452,touchmove,519,354,1645331352507
42273451,touchmove,582,223,1645331352515
42273452,touchmove,518,355,1645331352515
42273452,touchmove,517,357,1645331352524
42273451,touchmove,583,221,1645331352524
42273451,touchmove,585,219,1645331352532
42273452,touchmove,516,359,1645331352532
42273451,touchmove,586,217,1645331352540
42273452,touchmove,515,360,1645331352540
42273451,touchmove,588,215,1645331352549
42273452,touchmove,513,363,1645331352549
42273451,touchmove,591,212,1645331352557
42273452,touchmove,511,365,1645331352557
42273451,touchmove,594,209,1645331352565
42273452,touchmove,508,368,1645331352566
42273452,touchmove,504,371,1645331352574
42273451,touchmove,597,205,1645331352574
42273451,touchmove,602,200,1645331352582
42273452,touchmove,501,375,1645331352582
42273451,touchmove,605,196,1645331352590
42273452,touchmove,498,378,1645331352590
42273451,touchmove,608,194,1645331352599
42273452,touchmove,497,380,1645331352599
42273451,touchmove,609,192,1645331352607
42273452,touchmove,496,382,1645331352607
42273451,touchmove,609,191,1645331352615
42273452,touchmove,495,384,1645331352616
42273452,touchmove,494,385,1645331352624
42273451,touchmove,609,190,1645331352632
42273452,touchmove,493,387,1645331352632
42273452,touchmove,492,388,1645331352641
42273451,touchmove,609,189,1645331352640
42273451,touchmove,609,187,1645331352649
42273452,touchmove,490,391,1645331352649
42273451,touchmove,610,184,1645331352657
42273452,touchmove,488,393,1645331352657
42273451,touchmove,611,180,1645331352665
42273452,touchmove,485,397,1645331352665
42273451,touchmove,614,176,1645331352674
42273452,touchmove,482,400,1645331352674
42273451,touchmove,617,171,1645331352682
42273452,touchmove,478,403,1645331352682
42273451,touchmove,620,167,1645331352690
42273452,touchmove,476,407,1645331352690
42273451,touchmove,623,164,1645331352699
42273452,touchmove,473,410,1645331352699
42273451,touchmove,624,161,1645331352707
42273452,touchmove,470,413,1645331352707
42273451,touchmove,626,158,1645331352715
42273452,touchmove,468,415,1645331352715
42273451,touchmove,628,155,1645331352724
42273452,touchmove,467,417,1645331352724
42273451,touchmove,629,153,1645331352732
42273452,touchmove,465,420,1645331352732
42273451,touchmove,632,149,1645331352741
42273452,touchmove,463,421,1645331352741
42273451,touchmove,636,146,1645331352749
42273452,touchmove,462,424,1645331352749
42273451,touchmove,641,142,1645331352757
42273452,touchmove,460,426,1645331352757
42273451,touchmove,647,139,1645331352765
42273452,touchmove,459,428,1645331352766
42273451,touchmove,653,137,1645331352774
42273452,touchmove,458,430,1645331352774
42273451,touchmove,656,135,1645331352782
42273452,touchmove,456,432,1645331352782
42273451,touchmove,657,134,1645331352790
42273452,touchmove,455,434,1645331352790
42273452,touchmove,455,435,1645331352799
42273451,touchmove,655,134,1645331352807
42273451,touchend,0,0,1645331352815
42273452,touchend,0,0,1645331352815
42273453,touchdown,535,311,1645331353229
42273453,touchmove,533,307,1645331353300
42273454,touchdown,524,346,1645331353300
42273453,touchmove,533,304,1645331353308
42273453,touchmove,533,298,1645331353316
42273453,touchmove,534,287,1645331353324
42273453,touchmove,537,277,1645331353332
42273453,touchmove,538,270,1645331353341
42273454,touchmove,515,351,1645331353341
42273453,touchmove,540,265,1645331353349
42273454,touchmove,514,353,1645331353349
42273453,touchmove,542,264,1645331353358
42273454,touchmove,512,355,1645331353358
42273453,touchmove,543,264,1645331353366
42273454,touchmove,512,357,1645331353366
42273453,touchmove,545,263,1645331353374
42273454,touchmove,511,359,1645331353374
42273453,touchmove,547,263,1645331353382
42273454,touchmove,511,360,1645331353382
42273453,touchmove,548,263,1645331353391
42273454,touchmove,510,362,1645331353391
42273453,touchmove,549,262,1645331353399
42273454,touchmove,510,364,1645331353399
42273453,touchmove,550,260,1645331353407
42273454,touchmove,508,365,1645331353408
42273453,touchmove,551,258,1645331353416
42273454,touchmove,506,368,1645331353416
42273453,touchmove,552,256,1645331353424
42273454,touchmove,503,371,1645331353424
42273453,touchmove,552,254,1645331353432
42273454,touchmove,500,374,1645331353433
42273453,touchmove,552,252,1645331353441
42273454,touchmove,498,377,1645331353441
42273453,touchmove,553,249,1645331353449
42273454,touchmove,496,380,1645331353449
42273453,touchmove,553,247,1645331353458
42273454,touchmove,495,382,1645331353458
42273454,touchmove,493,384,1645331353466
42273453,touchmove,554,245,1645331353466
42273453,touchmove,556,243,1645331353474
42273454,touchmove,493,386,1645331353474
42273453,touchmove,558,240,1645331353482
42273454,touchmove,493,387,1645331353483
42273453,touchmove,560,237,1645331353491
42273454,touchmove,492,389,1645331353491
42273453,touchmove,564,232,1645331353499
42273454,touchmove,491,391,1645331353499
42273453,touchmove,568,228,1645331353507
42273454,touchmove,491,393,1645331353508
42273453,touchmove,573,223,1645331353516
42273454,touchmove,490,395,1645331353516
42273453,touchmove,577,218,1645331353524
42273454,touchmove,489,397,1645331353524
42273453,touchmove,581,214,1645331353532
42273454,touchmove,488,399,1645331353533
42273453,touchmove,583,211,1645331353541
42273454,touchmove,488,401,1645331353541
42273453,touchmove,584,209,1645331353549
42273454,touchmove,488,402,1645331353549
42273453,touchmove,585,208,1645331353557
42273454,touchmove,487,404,1645331353558
42273453,touchmove,585,206,1645331353566
42273454,touchmove,486,406,1645331353566
42273453,touchmove,586,203,1645331353574
42273454,touchmove,485,408,1645331353574
42273453,touchmove,587,200,1645331353582
42273454,touchmove,484,411,1645331353583
42273453,touchmove,589,196,1645331353591
42273454,touchmove,483,413,1645331353591
42273453,touchmove,591,191,1645331353599
42273454,touchmove,481,416,1645331353599
42273453,touchmove,595,186,1645331353607
42273454,touchmove,479,419,1645331353608
42273453,touchmove,600,180,1645331353616
42273454,touchmove,477,422,1645331353616
42273453,touchmove,604,175,1645331353624
42273454,touchmove,475,425,1645331353624
42273453,touchmove,608,171,1645331353632
42273454,touchmove,473,428,1645331353633
42273453,touchmove,611,167,1645331353641
42273454,touchmove,470,431,1645331353641
42273453,touchmove,614,165,1645331353649
42273454,touchmove,469,433,1645331353649
42273453,touchmove,615,162,1645331353658
42273454,touchmove,467,435,1645331353658
42273453,touchmove,617,159,1645331353666
42273454,touchmove,465,439,1645331353666
42273453,touchmove,618,157,1645331353674
42273454,touchmove,463,441,1645331353674
42273453,touchmove,618,156,1645331353683
42273454,touchmove,462,444,1645331353683
42273454,touchmove,461,447,1645331353691
42273454,touchmove,460,449,1645331353699
42273454,touchmove,460,452,1645331353708
42273454,touchmove,460,455,1645331353716
42273453,touchmove,617,156,1645331353724
42273454,touchmove,460,458,1645331353725
42273454,touchmove,460,460,1645331353733
42273453,touchend,0,0,1645331353740
42273454,touchend,0,0,1645331353740
42273455,touchdown,684,365,1645331354121
42273456,touchdown,698,406,1645331354142
42273455,touchmove,683,359,1645331354208
42273455,touchmove,683,352,1645331354216
42273455,touchmove,683,345,1645331354225
42273455,touchmove,683,338,1645331354233
42273456,touchmove,703,416,1645331354233
42273455,touchmove,683,334,1645331354242
42273456,touchmove,703,419,1645331354242
42273455,touchmove,684,331,1645331354250
42273456,touchmove,703,421,1645331354250
42273455,touchmove,686,328,1645331354258
42273456,touchmove,703,423,1645331354258
42273455,touchmove,688,326,1645331354266
42273456,touchmove,704,425,1645331354266
42273455,touchmove,690,324,1645331354275
42273456,touchmove,705,426,1645331354275
42273455,touchmove,691,323,1645331354283
42273456,touchmove,705,428,1645331354283
42273455,touchmove,691,322,1645331354291
42273456,touchmove,705,430,1645331354291
42273455,touchmove,692,321,1645331354300
42273456,touchmove,705,432,1645331354300
42273455,touchmove,692,320,1645331354308
42273456,touchmove,705,435,1645331354308
42273455,touchmove,693,318,1645331354316
42273456,touchmove,705,437,1645331354316
42273455,touchmove,693,317,1645331354325
42273456,touchmove,703,440,1645331354325
42273455,touchmove,693,315,1645331354333
42273456,touchmove,701,444,1645331354333
42273455,touchmove,693,312,1645331354341
42273456,touchmove,700,446,1645331354341
42273455,touchmove,694,310,1645331354350
42273456,touchmove,699,449,1645331354350
42273455,touchmove,694,307,1645331354358
42273456,touchmove,698,453,1645331354358
42273455,touchmove,695,304,1645331354366
42273456,touchmove,697,455,1645331354366
42273455,touchmove,695,303,1645331354375
42273456,touchmove,697,457,1645331354375
42273455,touchmove,696,300,1645331354383
42273456,touchmove,696,459,1645331354383
42273455,touchmove,696,298,1645331354392
42273456,touchmove,696,462,1645331354392
42273455,touchmove,697,295,1645331354400
42273456,touchmove,695,464,1645331354400
42273455,touchmove,698,291,1645331354408
42273456,touchmove,694,467,1645331354408
42273455,touchmove,699,287,1645331354416
42273456,touchmove,692,470,1645331354416
42273455,touchmove,701,282,1645331354425
42273456,touchmove,690,474,1645331354425
42273455,touchmove,703,277,1645331354433
42273456,touchmove,688,477,1645331354433
42273455,touchmove,704,272,1645331354441
42273456,touchmove,686,480,1645331354441
42273455,touchmove,705,268,1645331354450
42273456,touchmove,684,482,1645331354450
42273455,touchmove,706,265,1645331354458
42273456,touchmove,683,484,1645331354458
42273455,touchmove,706,262,1645331354466
42273456,touchmove,682,484,1645331354467
42273455,touchmove,707,259,1645331354475
42273455,touchmove,708,255,1645331354483
42273455,touchmove,710,251,1645331354491
42273455,touchmove,712,247,1645331354500
42273455,touchmove,715,242,1645331354508
42273456,touchmove,681,485,1645331354509
42273455,touchmove,717,237,1645331354516
42273456,touchmove,679,488,1645331354517
42273455,touchmove,720,231,1645331354525
42273456,touchmove,677,491,1645331354525
42273455,touchmove,722,225,1645331354533
42273456,touchmove,674,495,1645331354533
42273455,touchmove,723,221,1645331354541
42273456,touchmove,671,498,1645331354541
42273455,touchmove,723,220,1645331354550
42273456,touchmove,669,501,1645331354550
42273455,touchmove,723,219,1645331354558
42273456,touchmove,666,503,1645331354558
42273455,touchmove,722,219,1645331354566
42273456,touchmove,664,505,1645331354567
42273455,touchmove,721,219,1645331354575
42273456,touchmove,662,505,1645331354575
42273456,touchend,0,0,1645331354583
42273455,touchmove,720,219,1645331354583
42273455,touchend,0,0,1645331354607
42273457,touchdown,721,240,1645331355030
42273458,touchdown,691,274,1645331355100
42273457,touchmove,717,242,1645331355101
42273457,touchmove,717,241,1645331355109
42273457,touchmove,715,240,1645331355117
42273457,touchmove,714,238,1645331355125
42273457,touchmove,714,237,1645331355134
42273457,touchmove,713,234,1645331355142
42273457,touchmove,715,227,1645331355150
42273457,touchmove,723,214,1645331355159
42273457,touchmove,733,201,1645331355167
42273458,touchmove,674,292,1645331355167
42273457,touchmove,740,193,1645331355175
42273458,touchmove,674,294,1645331355175
42273457,touchmove,745,190,1645331355183
42273457,touchmove,748,187,1645331355192
42273458,touchmove,675,295,1645331355192
42273457,touchmove,750,186,1645331355200
42273458,touchmove,676,296,1645331355200
42273457,touchmove,751,184,1645331355208
42273458,touchmove,676,297,1645331355209
42273457,touchmove,753,183,1645331355217
42273458,touchmove,676,298,1645331355217
42273457,touchmove,755,181,1645331355225
42273457,touchmove,757,179,1645331355233
42273458,touchmove,676,299,1645331355234
42273457,touchmove,759,177,1645331355242
42273458,touchmove,676,300,1645331355242
42273457,touchmove,761,174,1645331355250
42273458,touchmove,676,301,1645331355250
42273457,touchmove,764,172,1645331355258
42273458,touchmove,675,301,1645331355258
42273457,touchmove,766,169,1645331355267
42273458,touchmove,674,302,1645331355267
42273457,touchmove,769,166,1645331355275
42273458,touchmove,672,303,1645331355275
42273457,touchmove,772,163,1645331355284
42273458,touchmove,671,304,1645331355284
42273457,touchmove,775,159,1645331355292
42273458,touchmove,669,306,1645331355292
42273457,touchmove,778,156,1645331355300
42273458,touchmove,666,308,1645331355300
42273457,touchmove,781,153,1645331355309
42273458,touchmove,663,310,1645331355309
42273457,touchmove,783,149,1645331355317
42273458,touchmove,660,313,1645331355317
42273457,touchmove,784,147,1645331355325
42273458,touchmove,658,315,1645331355325
42273457,touchmove,786,144,1645331355333
42273458,touchmove,656,317,1645331355334
42273457,touchmove,787,141,1645331355342
42273458,touchmove,654,320,1645331355342
42273457,touchmove,789,139,1645331355350
42273458,touchmove,652,322,1645331355350
42273457,touchmove,791,135,1645331355358
42273458,touchmove,651,323,1645331355359
42273457,touchmove,793,132,1645331355367
42273458,touchmove,649,325,1645331355367
42273457,touchmove,796,129,1645331355375
42273458,touchmove,648,327,1645331355375
42273457,touchmove,799,125,1645331355384
42273458,touchmove,646,328,1645331355384
42273457,touchmove,803,121,1645331355392
42273458,touchmove,644,331,1645331355392
42273457,touchmove,807,118,1645331355400
42273458,touchmove,643,332,1645331355400
42273457,touchmove,811,115,1645331355409
42273458,touchmove,641,334,1645331355409
42273457,touchmove,815,111,1645331355417
42273458,touchmove,639,336,1645331355417
42273457,touchmove,818,109,1645331355425
42273458,touchmove,637,337,1645331355425
42273457,touchmove,821,106,1645331355433
42273458,touchmove,635,338,1645331355434
42273457,touchmove,824,105,1645331355442
42273458,touchmove,634,340,1645331355442
42273457,touchmove,826,103,1645331355450
42273458,touchmove,632,341,1645331355450
42273457,touchmove,827,101,1645331355459
42273458,touchmove,631,342,1645331355459
42273457,touchmove,828,99,1645331355467
42273458,touchmove,629,344,1645331355467
42273457,touchmove,829,98,1645331355475
42273458,touchmove,628,345,1645331355475
42273457,touchmove,829,97,1645331355484
42273458,touchmove,626,346,1645331355484
42273457,touchmove,829,95,1645331355492
42273458,touchmove,625,348,1645331355492
42273457,touchmove,830,95,1645331355500
42273458,touchmove,624,349,1645331355500
42273458,touchmove,622,350,1645331355509
42273457,touchmove,830,94,1645331355517
42273458,touchmove,620,351,1645331355517
42273458,touchmove,618,352,1645331355525
42273457,touchend,0,0,1645331355533
42273458,touchmove,615,353,1645331355533
42273458,touchend,0,0,1645331355541
42273459,touchdown,524,344,1645331355898
42273460,touchdown,521,305,1645331355898
42273460,touchmove,514,303,1645331356009
42273460,touchmove,512,301,1645331356017
42273459,touchmove,522,345,1645331356026
42273460,touchmove,510,300,1645331356026
42273459,touchmove,519,345,1645331356034
42273460,touchmove,509,298,1645331356034
42273459,touchmove,516,347,1645331356042
42273460,touchmove,507,296,1645331356043
42273459,touchmove,513,350,1645331356051
42273460,touchmove,505,294,1645331356051
42273459,touchmove,510,353,1645331356059
42273460,touchmove,504,293,1645331356059
42273459,touchmove,507,357,1645331356067
42273460,touchmove,503,291,1645331356068
42273459,touchmove,505,359,1645331356076
42273460,touchmove,503,290,1645331356076
42273459,touchmove,503,362,1645331356084
42273460,touchmove,503,289,1645331356084
42273459,touchmove,502,365,1645331356092
42273460,touchmove,502,286,1645331356092
42273459,touchmove,501,367,1645331356101
42273460,touchmove,502,282,1645331356101
42273459,touchmove,500,370,1645331356109
42273460,touchmove,502,278,1645331356109
42273459,touchmove,498,373,1645331356117
42273460,touchmove,502,273,1645331356118
42273459,touchmove,497,375,1645331356126
42273460,touchmove,502,269,1645331356126
42273459,touchmove,496,377,1645331356134
42273460,touchmove,502,265,1645331356134
42273459,touchmove,495,379,1645331356142
42273460,touchmove,502,262,1645331356142
42273459,touchmove,494,381,1645331356151
42273460,touchmove,502,260,1645331356151
42273459,touchmove,493,383,1645331356159
42273460,touchmove,502,257,1645331356159
42273459,touchmove,492,386,1645331356167
42273460,touchmove,502,256,1645331356167
42273459,touchmove,491,389,1645331356176
42273460,touchmove,502,254,1645331356176
42273459,touchmove,489,392,1645331356184
42273460,touchmove,502,251,1645331356184
42273459,touchmove,487,396,1645331356192
42273460,touchmove,502,248,1645331356193
42273459,touchmove,484,401,1645331356201
42273460,touchmove,502,244,1645331356201
42273459,touchmove,483,404,1645331356209
42273460,touchmove,502,239,1645331356209
42273459,touchmove,482,408,1645331356217
42273460,touchmove,502,235,1645331356217
42273459,touchmove,481,411,1645331356226
42273460,touchmove,503,231,1645331356226
42273459,touchmove,481,413,1645331356234
42273460,touchmove,504,227,1645331356234
42273459,touchmove,481,415,1645331356242
42273460,touchmove,505,224,1645331356242
42273459,touchmove,481,416,1645331356251
42273460,touchmove,505,222,1645331356251
42273459,touchmove,480,418,1645331356259
42273460,touchmove,505,219,1645331356259
42273459,touchmove,479,420,1645331356267
42273460,touchmove,506,217,1645331356268
42273459,touchmove,478,422,1645331356276
42273460,touchmove,506,215,1645331356276
42273459,touchmove,476,426,1645331356284
42273460,touchmove,506,212,1645331356284
42273459,touchmove,473,430,1645331356293
42273460,touchmove,506,210,1645331356293
42273459,touchmove,470,435,1645331356301
42273460,touchmove,506,209,1645331356301
42273460,touchmove,505,207,1645331356309
42273459,touchmove,467,440,1645331356309
42273459,touchmove,464,445,1645331356317
42273460,touchmove,503,206,1645331356317
42273459,touchmove,463,449,1645331356326
42273460,touchmove,502,205,1645331356326
42273459,touchmove,461,453,1645331356334
42273460,touchmove,501,204,1645331356334
42273459,touchmove,460,456,1645331356342
42273460,touchmove,500,204,1645331356342
42273459,touchmove,460,458,1645331356351
42273460,touchmove,499,204,1645331356351
42273459,touchmove,459,461,1645331356359
42273459,touchmove,459,463,1645331356367
42273460,touchmove,498,204,1645331356367
42273459,touchmove,459,465,1645331356376
42273459,touchmove,459,467,1645331356384
42273459,touchmove,459,469,1645331356392
42273460,touchmove,498,203,1645331356392
42273459,touchmove,458,471,1645331356401
42273460,touchmove,498,202,1645331356401
42273459,touchmove,457,474,1645331356409
42273460,touchmove,498,200,1645331356409
42273459,touchmove,455,476,1645331356417
42273460,touchmove,498,198,1645331356417
42273459,touchmove,453,478,1645331356426
42273460,touchmove,498,195,1645331356426
42273459,touchmove,452,479,1645331356434
42273460,touchmove,498,194,1645331356434
42273459,touchend,0,0,1645331356442
42273460,touchend,0,0,1645331356442
42273461,touchdown,461,324,1645331356822
42273462,touchdown,481,295,1645331356877
42273461,touchmove,460,326,1645331356877
42273461,touchmove,459,326,1645331356885
42273461,touchmove,457,327,1645331356893
42273461,touchmove,456,327,1645331356901
42273461,touchmove,455,327,1645331356909
42273461,touchmove,451,329,1645331356918
42273461,touchmove,445,331,1645331356926
42273461,touchmove,439,334,1645331356935
42273461,touchmove,435,336,1645331356943
42273461,touchmove,432,338,1645331356951
42273461,touchmove,430,340,1645331356960
42273461,touchmove,427,341,1645331356968
42273461,touchmove,425,343,1645331356976
42273462,touchmove,476,291,1645331356976
42273462,touchmove,476,288,1645331356985
42273461,touchmove,423,345,1645331356985
42273462,touchmove,476,284,1645331356993
42273461,touchmove,420,346,1645331356993
42273462,touchmove,476,279,1645331357001
42273461,touchmove,417,348,1645331357001
42273462,touchmove,476,274,1645331357009
42273461,touchmove,415,350,1645331357010
42273462,touchmove,477,269,1645331357018
42273461,touchmove,412,352,1645331357018
42273462,touchmove,478,265,1645331357026
42273461,touchmove,411,353,1645331357026
42273462,touchmove,479,262,1645331357035
42273461,touchmove,410,354,1645331357035
42273462,touchmove,481,259,1645331357043
42273461,touchmove,409,355,1645331357043
42273462,touchmove,483,257,1645331357051
42273461,touchmove,409,357,1645331357051
42273461,touchmove,407,358,1645331357060
42273462,touchmove,485,255,1645331357060
42273462,touchmove,487,253,1645331357068
42273461,touchmove,406,359,1645331357068
42273462,touchmove,488,252,1645331357076
42273461,touchmove,405,361,1645331357076
42273462,touchmove,490,249,1645331357085
42273461,touchmove,403,364,1645331357085
42273462,touchmove,491,247,1645331357093
42273461,touchmove,401,366,1645331357093
42273462,touchmove,492,244,1645331357101
42273461,touchmove,398,369,1645331357101
42273462,touchmove,493,240,1645331357110
42273461,touchmove,396,371,1645331357110
42273462,touchmove,493,237,1645331357118
42273461,touchmove,392,374,1645331357118
42273462,touchmove,494,234,1645331357126
42273461,touchmove,388,378,1645331357126
42273462,touchmove,495,231,1645331357134
42273461,touchmove,385,380,1645331357135
42273462,touchmove,495,228,1645331357143
42273461,touchmove,381,383,1645331357143
42273462,touchmove,495,226,1645331357151
42273461,touchmove,378,385,1645331357151
42273462,touchmove,495,224,1645331357160
42273461,touchmove,375,387,1645331357160
42273462,touchmove,495,221,1645331357168
42273461,touchmove,373,390,1645331357168
42273462,touchmove,495,219,1645331357176
42273461,touchmove,371,392,1645331357176
42273462,touchmove,496,217,1645331357185
42273461,touchmove,370,393,1645331357185
42273462,touchmove,497,213,1645331357193
42273461,touchmove,369,396,1645331357193
42273462,touchmove,498,209,1645331357201
42273461,touchmove,368,398,1645331357201
42273462,touchmove,501,205,1645331357210
42273461,touchmove,367,400,1645331357210
42273462,touchmove,505,199,1645331357218
42273461,touchmove,366,402,1645331357218
42273462,touchmove,510,194,1645331357226
42273461,touchmove,365,403,1645331357226
42273462,touchmove,513,190,1645331357235
42273461,touchmove,364,404,1645331357235
42273462,touchmove,515,188,1645331357243
42273461,touchmove,364,405,1645331357243
42273462,touchmove,515,186,1645331357251
42273461,touchmove,364,406,1645331357251
42273462,touchmove,516,185,1645331357260
42273462,touchmove,516,184,1645331357268
42273461,touchmove,363,406,1645331357276
42273462,touchmove,516,182,1645331357285
42273462,touchmove,517,181,1645331357293
42273461,touchmove,362,406,1645331357293
42273462,touchmove,517,180,1645331357301
42273462,touchmove,517,179,1645331357310
42273461,touchmove,361,407,1645331357310
42273461,touchmove,361,409,1645331357326
42273461,touchmove,360,410,1645331357335
42273461,touchmove,360,412,1645331357343
42273461,touchend,0,0,1645331357351
42273462,touchend,0,0,1645331357359
42273463,touchdown,439,422,1645331357648
42273463,touchmove,432,410,1645331357659
42273464,touchdown,450,449,1645331357666
42273463,touchmove,431,407,1645331357666
42273463,touchmove,432,409,1645331357670
42273463,touchmove,433,409,1645331357685
42273463,touchmove,433,408,1645331357718
42273463,touchmove,432,408,1645331357743
42273463,touchmove,432,406,1645331357752
42273464,touchmove,452,455,1645331357752
42273463,touchmove,431,403,1645331357760
42273464,touchmove,449,458,1645331357760
42273463,touchmove,429,399,1645331357768
42273464,touchmove,446,462,1645331357769
42273463,touchmove,427,394,1645331357777
42273464,touchmove,443,465,1645331357777
42273463,touchmove,426,390,1645331357785
42273464,touchmove,441,469,1645331357785
42273463,touchmove,425,386,1645331357793
42273464,touchmove,439,472,1645331357794
42273463,touchmove,424,382,1645331357802
42273464,touchmove,438,475,1645331357802
42273463,touchmove,423,378,1645331357810
42273464,touchmove,437,477,1645331357810
42273463,touchmove,422,374,1645331357818
42273464,touchmove,436,480,1645331357818
42273463,touchmove,422,369,1645331357827
42273464,touchmove,436,482,1645331357827
42273463,touchmove,422,365,1645331357835
42273464,touchmove,436,484,1645331357835
42273463,touchmove,422,362,1645331357843
42273464,touchmove,436,486,1645331357843
42273463,touchmove,422,360,1645331357852
42273464,touchmove,436,488,1645331357852
42273463,touchmove,422,357,1645331357860
42273464,touchmove,436,490,1645331357860
42273463,touchmove,422,356,1645331357868
42273464,touchmove,435,492,1645331357868
42273463,touchmove,422,354,1645331357877
42273464,touchmove,435,495,1645331357877
42273463,touchmove,423,352,1645331357885
42273464,touchmove,434,497,1645331357885
42273463,touchmove,424,349,1645331357893
42273464,touchmove,433,500,1645331357893
42273463,touchmove,424,345,1645331357902
42273464,touchmove,432,503,1645331357902
42273463,touchmove,425,340,1645331357910
42273464,touchmove,431,507,1645331357910
42273463,touchmove,426,335,1645331357918
42273464,touchmove,429,510,1645331357918
42273463,touchmove,427,330,1645331357927
42273464,touchmove,427,513,1645331357927
42273463,touchmove,427,324,1645331357935
42273464,touchmove,426,516,1645331357935
42273463,touchmove,429,319,1645331357943
42273464,touchmove,424,519,1645331357943
42273463,touchmove,429,315,1645331357952
42273464,touchmove,422,521,1645331357952
42273463,touchmove,430,311,1645331357960
42273464,touchmove,420,523,1645331357960
42273463,touchmove,431,308,1645331357968
42273464,touchmove,418,524,1645331357968
42273463,touchmove,431,304,1645331357977
42273464,touchmove,417,526,1645331357977
42273463,touchmove,433,300,1645331357985
42273464,touchmove,415,528,1645331357985
42273463,touchmove,434,296,1645331357993
42273464,touchmove,413,529,1645331357994
42273463,touchmove,435,291,1645331358002
42273464,touchmove,412,531,1645331358002
42273463,touchmove,436,285,1645331358010
42273464,touchmove,410,533,1645331358010
42273463,touchmove,437,281,1645331358018
42273464,touchmove,408,535,1645331358018
42273463,touchmove,438,277,1645331358027
42273464,touchmove,407,538,1645331358027
42273463,touchmove,438,275,1645331358035
42273464,touchmove,405,540,1645331358035
42273463,touchmove,438,273,1645331358044
42273464,touchmove,405,542,1645331358044
42273464,touchmove,404,543,1645331358052
42273463,touchmove,437,272,1645331358060
42273464,touchmove,403,543,1645331358060
42273463,touchmove,436,272,1645331358068
42273463,touchmove,435,272,1645331358077
42273464,touchmove,402,543,1645331358077
42273463,touchmove,434,272,1645331358085
42273464,touchmove,401,543,1645331358085
42273464,touchmove,400,543,1645331358093
42273463,touchmove,433,272,1645331358102
42273464,touchmove,398,543,1645331358102
42273463,touchend,0,0,1645331358110
42273464,touchend,0,0,1645331358110
42273465,touchdown,549,360,1645331358413
42273466,touchdown,556,338,1645331358504
42273465,touchmove,542,367,1645331358504
42273465,touchmove,540,369,1645331358511
42273465,touchmove,537,371,1645331358519
42273465,touchmove,535,372,1645331358527
42273465,touchmove,534,372,1645331358535
42273465,touchmove,534,373,1645331358544
42273465,touchmove,533,373,1645331358552
42273465,touchmove,533,374,1645331358569
42273465,touchmove,532,375,1645331358577
42273465,touchmove,532,376,1645331358585
42273465,touchmove,531,376,1645331358594
42273465,touchmove,530,377,1645331358602
42273465,touchmove,528,379,1645331358611
42273465,touchmove,525,380,1645331358619
42273465,touchmove,521,383,1645331358627
42273466,touchmove,551,322,1645331358636
42273465,touchmove,517,386,1645331358636
42273466,touchmove,553,312,1645331358644
42273465,touchmove,514,389,1645331358644
42273466,touchmove,556,303,1645331358652
42273465,touchmove,511,393,1645331358652
42273466,touchmove,559,296,1645331358660
42273465,touchmove,510,395,1645331358661
42273466,touchmove,562,291,1645331358669
42273465,touchmove,510,397,1645331358669
42273466,touchmove,566,287,1645331358677
42273465,touchmove,510,399,1645331358677
42273466,touchmove,570,285,1645331358685
42273465,touchmove,510,400,1645331358685
42273466,touchmove,574,282,1645331358694
42273465,touchmove,510,401,1645331358694
42273466,touchmove,579,280,1645331358702
42273465,touchmove,511,402,1645331358702
42273466,touchmove,583,278,1645331358711
42273465,touchmove,511,403,1645331358711
42273466,touchmove,586,277,1645331358719
42273465,touchmove,512,404,1645331358719
42273466,touchmove,590,274,1645331358727
42273465,touchmove,512,405,1645331358727
42273466,touchmove,592,272,1645331358735
42273465,touchmove,512,406,1645331358736
42273466,touchmove,596,270,1645331358744
42273465,touchmove,512,407,1645331358744
42273466,touchmove,599,266,1645331358752
42273466,touchmove,603,263,1645331358761
42273465,touchmove,510,409,1645331358761
42273466,touchmove,607,259,1645331358769
42273465,touchmove,507,410,1645331358769
42273466,touchmove,610,255,1645331358777
42273465,touchmove,504,411,1645331358777
42273466,touchmove,614,251,1645331358785
42273465,touchmove,502,411,1645331358786
42273466,touchmove,617,247,1645331358794
42273465,touchmove,499,413,1645331358794
42273466,touchmove,620,243,1645331358802
42273465,touchmove,497,413,1645331358802
42273466,touchmove,623,240,1645331358810
42273465,touchmove,495,415,1645331358810
42273466,touchmove,626,237,1645331358819
42273465,touchmove,493,415,1645331358819
42273466,touchmove,629,234,1645331358827
42273465,touchmove,492,415,1645331358827
42273466,touchmove,632,230,1645331358835
42273465,touchmove,491,416,1645331358835
42273466,touchmove,636,226,1645331358844
42273465,touchmove,489,416,1645331358844
42273466,touchmove,641,221,1645331358852
42273465,touchmove,487,417,1645331358852
42273466,touchmove,646,217,1645331358861
42273465,touchmove,484,418,1645331358861
42273466,touchmove,651,211,1645331358869
42273465,touchmove,482,420,1645331358869
42273466,touchmove,657,206,1645331358877
42273465,touchmove,479,421,1645331358877
42273466,touchmove,662,201,1645331358886
42273465,touchmove,476,422,1645331358886
42273466,touchmove,667,197,1645331358894
42273465,touchmove,473,423,1645331358894
42273466,touchmove,672,194,1645331358902
42273465,touchmove,471,424,1645331358902
42273466,touchmove,676,190,1645331358911
42273465,touchmove,469,425,1645331358911
42273466,touchmove,679,188,1645331358919
42273465,touchmove,467,426,1645331358919
42273466,touchmove,683,186,1645331358927
42273465,touchmove,466,427,1645331358927
42273466,touchmove,687,183,1645331358936
42273465,touchmove,464,428,1645331358936
42273466,touchmove,691,181,1645331358944
42273465,touchmove,463,428,1645331358944
42273466,touchmove,694,179,1645331358952
42273465,touchmove,462,429,1645331358952
42273466,touchmove,696,179,1645331358961
42273465,touchmove,461,429,1645331358961
42273466,touchmove,696,178,1645331358969
42273465,touchmove,460,429,1645331358969
42273466,touchend,0,0,1645331358977
42273465,touchmove,459,429,1645331358977
42273465,touchmove,458,429,1645331358986
42273465,touchend,0,0,1645331358994
42273467,touchdown,507,286,1645331359285
42273468,touchdown,503,327,1645331359286
42273467,touchmove,500,282,1645331359336
42273467,touchmove,500,281,1645331359344
42273467,touchmove,500,280,1645331359353
42273468,touchmove,498,322,1645331359353
42273467,touchmove,500,279,1645331359361
42273468,touchmove,498,321,1645331359361
42273467,touchmove,500,278,1645331359369
42273468,touchmove,498,320,1645331359369
42273467,touchmove,498,277,1645331359377
42273468,touchmove,497,319,1645331359378
42273467,touchmove,497,276,1645331359386
42273468,touchmove,496,319,1645331359386
42273467,touchmove,496,274,1645331359394
42273468,touchmove,495,318,1645331359394
42273467,touchmove,495,271,1645331359402
42273468,touchmove,493,318,1645331359403
42273467,touchmove,495,263,1645331359411
42273468,touchmove,490,318,1645331359411
42273467,touchmove,495,253,1645331359419
42273468,touchmove,487,320,1645331359419
42273467,touchmove,496,243,1645331359427
42273468,touchmove,484,321,1645331359428
42273467,touchmove,499,236,1645331359436
42273468,touchmove,483,323,1645331359436
42273467,touchmove,502,232,1645331359444
42273468,touchmove,483,324,1645331359444
42273467,touchmove,503,228,1645331359453
42273467,touchmove,505,225,1645331359461
42273468,touchmove,483,326,1645331359461
42273467,touchmove,506,223,1645331359469
42273467,touchmove,507,221,1645331359477
42273468,touchmove,483,327,1645331359478
42273467,touchmove,507,218,1645331359486
42273468,touchmove,482,328,1645331359486
42273467,touchmove,507,215,1645331359494
42273468,touchmove,481,329,1645331359494
42273467,touchmove,508,212,1645331359503
42273468,touchmove,478,331,1645331359503
42273467,touchmove,508,208,1645331359511
42273468,touchmove,475,334,1645331359511
42273467,touchmove,509,203,1645331359519
42273468,touchmove,471,337,1645331359519
42273467,touchmove,511,196,1645331359528
42273468,touchmove,467,341,1645331359528
42273467,touchmove,513,190,1645331359536
42273468,touchmove,464,344,1645331359536
42273467,touchmove,516,184,1645331359544
42273468,touchmove,460,347,1645331359544
42273467,touchmove,519,178,1645331359553
42273468,touchmove,459,350,1645331359553
42273467,touchmove,521,174,1645331359561
42273468,touchmove,457,352,1645331359561
42273467,touchmove,522,171,1645331359569
42273468,touchmove,456,353,1645331359569
42273467,touchmove,524,169,1645331359578
42273468,touchmove,456,355,1645331359578
42273467,touchmove,525,166,1645331359586
42273468,touchmove,455,355,1645331359586
42273467,touchmove,526,163,1645331359594
42273468,touchmove,454,357,1645331359594
42273467,touchmove,528,159,1645331359603
42273468,touchmove,453,359,1645331359603
42273467,touchmove,531,154,1645331359611
42273468,touchmove,450,361,1645331359611
42273467,touchmove,535,148,1645331359619
42273468,touchmove,448,363,1645331359619
42273467,touchmove,541,140,1645331359628
42273468,touchmove,445,366,1645331359628
42273467,touchmove,547,132,1645331359636
42273468,touchmove,441,369,1645331359636
42273467,touchmove,550,128,1645331359644
42273468,touchmove,439,372,1645331359644
42273467,touchmove,552,124,1645331359653
42273468,touchmove,436,374,1645331359653
42273467,touchmove,554,121,1645331359661
42273468,touchmove,435,377,1645331359661
42273468,touchmove,433,379,1645331359669
42273467,touchmove,557,119,1645331359669
42273467,touchmove,560,118,1645331359678
42273468,touchmove,432,381,1645331359678
42273467,touchmove,563,116,1645331359686
42273468,touchmove,431,383,1645331359686
42273467,touchend,0,0,1645331359694
42273468,touchmove,431,385,1645331359695
42273468,touchmove,431,386,1645331359711
42273468,touchend,0,0,1645331359718
42273469,touchdown,638,303,1645331360042
42273470,touchdown,604,312,1645331360054
42273469,touchmove,631,307,1645331360086
42273469,touchmove,627,307,1645331360094
42273469,touchmove,623,308,1645331360103
42273469,touchmove,622,308,1645331360111
42273469,touchmove,620,308,1645331360120
42273469,touchmove,618,309,1645331360178
42273471,touchdown,645,292,1645331360188
42273469,touchmove,614,312,1645331360188
42273469,touchmove,611,313,1645331360195
42273469,touchmove,609,315,1645331360203
42273471,touchmove,649,284,1645331360203
42273471,touchmove,658,271,1645331360211
42273469,touchmove,606,316,1645331360211
42273469,touchmove,602,317,1645331360220
42273471,touchmove,671,259,1645331360220
42273469,touchmove,598,318,1645331360228
42273471,touchmove,682,251,1645331360228
42273469,touchmove,595,319,1645331360236
42273471,touchmove,689,248,1645331360236
42273469,touchmove,592,321,1645331360245
42273471,touchmove,696,246,1645331360245
42273469,touchmove,591,322,1645331360253
42273471,touchmove,704,244,1645331360253
42273469,touchmove,591,324,1645331360261
42273471,touchmove,709,243,1645331360261
42273471,touchmove,713,243,1645331360270
42273469,touchmove,591,326,1645331360278
42273471,touchmove,717,243,1645331360278
42273471,touchmove,718,243,1645331360286
42273471,touchmove,719,242,1645331360295
42273469,touchmove,589,326,1645331360303
42273471,touchmove,721,242,1645331360303
42273469,touchmove,585,326,1645331360311
42273471,touchmove,723,239,1645331360311
42273469,touchmove,579,327,1645331360320
42273471,touchmove,726,237,1645331360320
42273469,touchmove,574,328,1645331360328
42273471,touchmove,728,234,1645331360328
42273469,touchmove,569,329,1645331360336
42273471,touchmove,731,231,1645331360336
42273469,touchmove,564,330,1645331360345
42273471,touchmove,733,229,1645331360345
42273469,touchmove,558,331,1645331360353
42273471,touchmove,736,225,1645331360353
42273469,touchmove,554,332,1645331360361
42273471,touchmove,740,223,1645331360361
42273469,touchmove,550,333,1645331360370
42273471,touchmove,742,220,1645331360370
42273469,touchmove,547,333,1645331360378
42273471,touchmove,745,218,1645331360378
42273469,touchmove,543,333,1645331360386
42273471,touchmove,747,216,1645331360386
42273469,touchmove,540,333,1645331360395
42273471,touchmove,749,214,1645331360395
42273469,touchmove,538,333,1645331360403
42273471,touchmove,751,211,1645331360403
42273469,touchmove,535,334,1645331360411
42273471,touchmove,754,209,1645331360411
42273469,touchmove,532,334,1645331360420
42273471,touchmove,757,206,1645331360420
42273469,touchmove,529,335,1645331360428
42273471,touchmove,760,204,1645331360428
42273469,touchmove,527,336,1645331360436
42273471,touchmove,762,202,1645331360436
42273469,touchmove,524,337,1645331360445
42273471,touchmove,765,200,1645331360445
42273469,touchmove,523,337,1645331360453
42273471,touchmove,765,199,1645331360453
42273469,touchmove,521,338,1645331360461
42273471,touchmove,766,198,1645331360461
42273469,touchmove,520,338,1645331360470
42273471,touchmove,766,197,1645331360470
42273471,touchmove,766,196,1645331360478
42273469,touchmove,519,338,1645331360486
42273471,touchmove,766,195,1645331360495
42273471,touchmove,766,194,1645331360512
42273469,touchmove,519,339,1645331360520
42273469,touchmove,518,340,1645331360528
42273469,touchmove,517,341,1645331360536
42273469,touchmove,516,343,1645331360545
42273471,touchmove,767,194,1645331360545
42273469,touchmove,515,345,1645331360553
42273471,touchmove,769,195,1645331360553
42273469,touchmove,514,347,1645331360562
42273471,touchmove,770,198,1645331360562
42273471,touchend,0,0,1645331360570
42273469,touchmove,513,350,1645331360570
42273469,touchmove,512,354,1645331360578
42273469,touchend,0,0,1645331360586
