42243269,touchdown,912,568,1644770646423
42243269,touchend,0,0,1644770646492
42243270,touchdown,788,568,1644770647114
42243270,touchend,0,0,1644770647201
42243271,touchdown,663,566,1644770647898
42243271,touchend,0,0,1644770647951
42243272,touchdown,530,561,1644770648656
42243272,touchend,0,0,1644770648735
42243273,touchdown,407,561,1644770649390
42243273,touchend,0,0,1644770649469
42243274,touchdown,270,561,1644770650141
42243274,touchend,0,0,1644770650227
42243275,touchdown,267,432,1644770650925
42243275,touchend,0,0,1644770651003
42243276,touchdown,401,434,1644770651692
42243276,touchend,0,0,1644770651753
42243277,touchdown,529,430,1644770652367
42243277,touchend,0,0,1644770652470
42243278,touchdown,663,438,1644770653092
42243278,touchend,0,0,1644770653196
42243279,touchdown,788,441,1644770653901
42243279,touchend,0,0,1644770653971
42243280,touchdown,920,436,1644770654610
42243280,touchend,0,0,1644770654688
42243281,touchdown,934,304,1644770655352
42243281,touchend,0,0,1644770655464
42243282,touchdown,795,304,1644770656110
42243282,touchend,0,0,1644770656214
42243283,touchdown,672,309,1644770656869
42243283,touchend,0,0,1644770656956
42243284,touchdown,542,295,1644770657620
42243284,touchend,0,0,1644770657723
42243285,touchdown,414,293,1644770658395
42243285,touchend,0,0,1644770658507
42243286,touchdown,286,295,1644770659154
42243286,touchend,0,0,1644770659283
42243287,touchdown,271,168,1644770659913
42243287,touchend,0,0,1644770660008
42243288,touchdown,410,158,1644770660596
42243288,touchend,0,0,1644770660717
42243289,touchdown,537,161,1644770661296
42243289,touchend,0,0,1644770661443
42243290,touchdown,680,163,1644770662022
42243290,touchend,0,0,1644770662143
42243291,touchdown,805,171,1644770662814
42243291,touchend,0,0,1644770662951
42243292,touchdown,921,177,1644770663590
42243292,touchend,0,0,1644770663693
42243293,touchdown,929,43,1644770664381
42243293,touchend,0,0,1644770664469
42243294,touchdown,791,41,1644770665199
42243294,touchend,0,0,1644770665278
42243295,touchdown,647,44,1644770665958
42243295,touchend,0,0,1644770666044
42243296,touchdown,541,39,1644770666691
42243296,touchend,0,0,1644770666761
42243297,touchdown,410,40,1644770667425
42243297,touchend,0,0,1644770667479
42243298,touchdown,278,48,1644770668201
42243298,touchend,0,0,1644770668279
42243299,touchdown,276,172,1644770668901
42243299,touchend,0,0,1644770669004
42243300,touchdown,413,169,1644770669593
42243300,touchend,0,0,1644770669688
42243301,touchdown,538,174,1644770670351
42243301,touchend,0,0,1644770670447
42243302,touchdown,671,187,1644770671093
42243302,touchend,0,0,1644770671198
42243303,touchdown,808,177,1644770671877
42243303,touchmove,807,173,1644770671973
42243303,touchmove,807,175,1644770671986
42243303,touchend,0,0,1644770671990
42243304,touchdown,913,175,1644770672670
42243304,touchend,0,0,1644770672748
42243305,touchdown,938,291,1644770673370
42243305,touchend,0,0,1644770673499
42243306,touchdown,814,317,1644770674129
42243306,touchend,0,0,1644770674232
42243307,touchdown,674,303,1644770674855
42243307,touchend,0,0,1644770674991
42243308,touchdown,542,294,1644770675687
42243308,touchend,0,0,1644770675791
42243309,touchdown,405,289,1644770676413
42243309,touchend,0,0,1644770676534
42243310,touchdown,286,301,1644770677205
42243310,touchend,0,0,1644770677301
42243311,touchdown,282,427,1644770677956
42243311,touchend,0,0,1644770678051
42243312,touchdown,388,431,1644770678748
42243312,touchend,0,0,1644770678801
42243313,touchdown,516,434,1644770679423
42243313,touchend,0,0,1644770679519
42243314,touchdown,672,439,1644770680207
42243314,touchend,0,0,1644770680278
42243315,touchdown,794,442,1644770680899
42243315,touchend,0,0,1644770681011
42243316,touchdown,918,435,1644770681631
42243316,touchend,0,0,1644770681728
42243317,touchdown,921,556,1644770682324
42243317,touchend,0,0,1644770682437
42243318,touchdown,793,555,1644770683117
42243318,touchend,0,0,1644770683212
42243319,touchdown,658,556,1644770683859
42243319,touchend,0,0,1644770683971
42243320,touchdown,529,551,1644770684601
42243320,touchend,0,0,1644770684738
42243321,touchdown,400,551,1644770685385
42243321,touchend,0,0,1644770685514
42243322,touchdown,270,552,1644770686119
42243322,touchend,0,0,1644770686214
42243323,touchdown,268,433,1644770686894
42243323,touchend,0,0,1644770686981
42243324,touchdown,403,433,1644770687620
42243324,touchend,0,0,1644770687731
42243325,touchdown,522,432,1644770688387
42243325,touchend,0,0,1644770688473
42243326,touchdown,658,430,1644770689116
42243326,touchend,0,0,1644770689249
42243327,touchdown,783,435,1644770689904
42243327,touchend,0,0,1644770690008
42243328,touchdown,916,444,1644770690688
42243328,touchend,0,0,1644770690792
42243329,touchdown,916,299,1644770691454
42243329,touchend,0,0,1644770691559
42243330,touchdown,790,318,1644770692213
42243330,touchend,0,0,1644770692309
42243331,touchdown,664,308,1644770692906
42243331,touchend,0,0,1644770693009
42243332,touchdown,534,304,1644770693640
42243332,touchend,0,0,1644770693751
42243333,touchdown,406,303,1644770694415
42243333,touchend,0,0,1644770694494
42243334,touchdown,280,302,1644770695182
42243334,touchend,0,0,1644770695277
42243335,touchdown,279,165,1644770696024
42243335,touchend,0,0,1644770696086
42243336,touchdown,403,168,1644770696633
42243336,touchmove,403,170,1644770696720
42243336,touchmove,405,170,1644770696733
42243336,touchmove,407,170,1644770696741
42243336,touchmove,410,170,1644770696750
42243336,touchend,0,0,1644770696753
42243337,touchdown,520,177,1644770697417
42243337,touchmove,521,176,1644770697503
42243337,touchend,0,0,1644770697512
42243338,touchdown,666,184,1644770698151
42243338,touchend,0,0,1644770698237
42243339,touchdown,794,179,1644770698882
42243339,touchend,0,0,1644770698963
42243340,touchdown,920,175,1644770699618
42243340,touchend,0,0,1644770699713
42243341,touchdown,912,59,1644770700393
42243341,touchend,0,0,1644770700480
42243342,touchdown,808,58,1644770701152
42243342,touchend,0,0,1644770701256
42243343,touchdown,693,55,1644770701911
42243343,touchend,0,0,1644770701998
42243344,touchdown,534,41,1644770702644
42243344,touchend,0,0,1644770702731
42243345,touchdown,404,45,1644770703370
42243345,touchend,0,0,1644770703473
42243346,touchdown,273,49,1644770704137
42243346,touchend,0,0,1644770704216
42243347,touchdown,285,171,1644770704845
42243347,touchmove,280,168,1644770704899
42243347,touchmove,279,168,1644770704913
42243347,touchend,0,0,1644770704949
42243348,touchdown,415,172,1644770705569
42243348,touchend,0,0,1644770705674
42243349,touchdown,529,175,1644770706313
42243349,touchmove,526,171,1644770706408
42243349,touchend,0,0,1644770706417
42243350,touchdown,663,190,1644770707039
42243350,touchend,0,0,1644770707125
42243351,touchdown,783,184,1644770707756
42243351,touchend,0,0,1644770707851
42243352,touchdown,919,174,1644770708598
42243352,touchend,0,0,1644770708677
42243353,touchdown,929,314,1644770709340
42243353,touchend,0,0,1644770709418
42243354,touchdown,790,307,1644770710132
42243354,touchend,0,0,1644770710211
42243355,touchdown,656,307,1644770710899
42243355,touchend,0,0,1644770711011
42243356,touchdown,534,303,1644770711624
42243356,touchend,0,0,1644770711728
42243357,touchdown,392,297,1644770712383
42243357,touchend,0,0,1644770712487
42243358,touchdown,279,305,1644770713083
42243358,touchend,0,0,1644770713196
42243359,touchdown,271,441,1644770713918
42243359,touchend,0,0,1644770713996
42243360,touchdown,405,441,1644770714609
42243360,touchend,0,0,1644770714730
42243361,touchdown,530,447,1644770715468
42243361,touchend,0,0,1644770715505
42243362,touchdown,664,445,1644770716043
42243362,touchend,0,0,1644770716155
42243363,touchdown,798,430,1644770716936
42243363,touchend,0,0,1644770716998
42243364,touchdown,912,432,1644770717577
42243364,touchend,0,0,1644770717673
42243365,touchdown,920,581,1644770718312
42243365,touchend,0,0,1644770718407
42243366,touchdown,786,578,1644770719103
42243366,touchend,0,0,1644770719207
42243367,touchdown,653,563,1644770719887
42243367,touchend,0,0,1644770719991
42243368,touchdown,526,561,1644770720621
42243368,touchend,0,0,1644770720733
42243369,touchdown,406,559,1644770721388
42243369,touchend,0,0,1644770721500
42243370,touchdown,281,565,1644770722138
42243370,touchend,0,0,1644770722250
42243371,touchdown,279,430,1644770723239
42243371,touchend,0,0,1644770723276
42243372,touchdown,390,425,1644770723714
42243372,touchend,0,0,1644770723793
42243373,touchdown,536,430,1644770724414
42243373,touchend,0,0,1644770724527
42243374,touchdown,660,436,1644770725132
42243374,touchend,0,0,1644770725252
42243375,touchdown,788,434,1644770725857
42243375,touchend,0,0,1644770725978
42243376,touchdown,912,435,1644770726716
42243376,touchend,0,0,1644770726820
42243377,touchdown,924,322,1644770727423
42243377,touchend,0,0,1644770727528
42243378,touchdown,805,294,1644770728192
42243378,touchend,0,0,1644770728287
42243379,touchdown,537,324,1644770729684
42243379,touchend,0,0,1644770729730
42243380,touchdown,406,309,1644770730451
42243380,touchend,0,0,1644770730538
42243381,touchdown,273,305,1644770731169
42243381,touchend,0,0,1644770731264
42243382,touchdown,275,170,1644770731885
42243382,touchmove,275,171,1644770731964
42243382,touchmove,276,172,1644770731977
42243382,touchmove,279,172,1644770731986
42243382,touchend,0,0,1644770731989
42243383,touchdown,415,161,1644770732652
42243383,touchend,0,0,1644770732756
42243384,touchdown,526,167,1644770733386
42243384,touchend,0,0,1644770733490
42243385,touchdown,675,170,1644770734137
42243385,touchend,0,0,1644770734240
42243386,touchdown,798,179,1644770734786
42243386,touchend,0,0,1644770734933
42243387,touchdown,931,205,1644770735579
42243387,touchend,0,0,1644770735649
42243388,touchdown,931,59,1644770736396
42243388,touchend,0,0,1644770736475
42243389,touchdown,792,47,1644770737172
42243389,touchend,0,0,1644770737217
42243390,touchdown,668,44,1644770737906
42243390,touchend,0,0,1644770737984
42243391,touchdown,538,37,1644770738681
42243391,touchend,0,0,1644770738760
42243392,touchdown,402,41,1644770739406
42243392,touchend,0,0,1644770739493
42243393,touchdown,275,40,1644770740106
42243393,touchend,0,0,1644770740202
42243394,touchdown,274,164,1644770740790
42243394,touchend,0,0,1644770740911
42243395,touchdown,414,171,1644770741624
42243395,touchend,0,0,1644770741711
42243396,touchdown,542,167,1644770742366
42243396,touchmove,540,166,1644770742461
42243396,touchmove,541,167,1644770742475
42243396,touchend,0,0,1644770742478
42243397,touchdown,664,170,1644770743117
42243397,touchend,0,0,1644770743212
42243398,touchdown,793,177,1644770743867
42243398,touchend,0,0,1644770743962
42243399,touchend,0,0,1644770744755
42243399,touchdown,924,170,1644770744676
42243400,touchdown,922,298,1644770745351
42243400,touchend,0,0,1644770745446
42243401,touchdown,795,307,1644770746143
42243401,touchend,0,0,1644770746239
42243402,touchdown,664,304,1644770746869
42243402,touchend,0,0,1644770746998
42243403,touchdown,523,305,1644770747619
42243403,touchend,0,0,1644770747740
42243404,touchdown,395,304,1644770748328
42243404,touchend,0,0,1644770748482
42243405,touchdown,265,289,1644770749078
42243405,touchend,0,0,1644770749215
42243406,touchdown,272,431,1644770749829
42243406,touchend,0,0,1644770749932
42243407,touchdown,403,440,1644770750554
42243407,touchend,0,0,1644770750683
42243408,touchdown,539,439,1644770751379
42243408,touchend,0,0,1644770751492
42243409,touchdown,655,429,1644770752121
42243409,touchend,0,0,1644770752234
42243410,touchdown,800,439,1644770752813
42243410,touchend,0,0,1644770752925
42243411,touchdown,897,448,1644770753523
42243411,touchend,0,0,1644770753651
42243412,touchdown,928,568,1644770754357
42243412,touchend,0,0,1644770754468
42243413,touchdown,807,573,1644770755131
42243413,touchend,0,0,1644770755260
42243414,touchdown,669,568,1644770755899
42243414,touchend,0,0,1644770756002
42243415,touchdown,527,570,1644770756665
42243415,touchend,0,0,1644770756728
42243416,touchdown,400,557,1644770757432
42243416,touchend,0,0,1644770757528
42243417,touchdown,273,559,1644770758142
42243417,touchend,0,0,1644770758287
42243418,touchdown,278,417,1644770758883
42243418,touchend,0,0,1644770759012
42243419,touchdown,410,435,1644770759667
42243419,touchend,0,0,1644770759788
42243420,touchdown,526,428,1644770760351
42243420,touchend,0,0,1644770760455
42243421,touchdown,656,420,1644770761118
42243421,touchend,0,0,1644770761230
42243422,touchdown,792,436,1644770761894
42243422,touchend,0,0,1644770761981
42243423,touchdown,912,435,1644770762552
42243423,touchend,0,0,1644770762622
