42249310,touchdown,931,555,1644813400530
42249310,touchend,0,0,1644813400583
42249311,touchdown,928,430,1644813401030
42249311,touchend,0,0,1644813401091
42249312,touchdown,922,297,1644813401531
42249312,touchend,0,0,1644813401591
42249313,touchdown,932,167,1644813402039
42249313,touchend,0,0,1644813402108
42249314,touchdown,939,37,1644813402554
42249314,touchend,0,0,1644813402608
42249315,touchdown,799,28,1644813403039
42249315,touchend,0,0,1644813403100
42249316,touchdown,799,149,1644813403548
42249316,touchend,0,0,1644813403600
42249317,touchdown,795,302,1644813404056
42249317,touchend,0,0,1644813404117
42249318,touchdown,794,423,1644813404524
42249318,touchend,0,0,1644813404584
42249319,touchdown,789,554,1644813405006
42249319,touchend,0,0,1644813405100
42249320,touchdown,664,561,1644813405540
42249320,touchend,0,0,1644813405593
42249321,touchdown,654,422,1644813406098
42249321,touchend,0,0,1644813406151
42249322,touchdown,659,288,1644813406556
42249322,touchend,0,0,1644813406617
42249323,touchdown,662,163,1644813407023
42249323,touchend,0,0,1644813407101
42249324,touchdown,664,43,1644813407499
42249324,touchend,0,0,1644813407560
42249325,touchdown,543,30,1644813407973
42249325,touchend,0,0,1644813408060
42249326,touchdown,544,162,1644813408541
42249326,touchend,0,0,1644813408576
42249327,touchdown,541,304,1644813409049
42249327,touchend,0,0,1644813409102
42249328,touchdown,539,411,1644813409524
42249328,touchend,0,0,1644813409577
42249329,touchdown,533,569,1644813410015
42249329,touchend,0,0,1644813410085
42249330,touchdown,397,554,1644813410549
42249330,touchend,0,0,1644813410610
42249331,touchdown,392,434,1644813411066
42249331,touchend,0,0,1644813411102
42249332,touchdown,399,301,1644813411582
42249332,touchend,0,0,1644813411627
42249333,touchdown,397,159,1644813412092
42249333,touchend,0,0,1644813412136
42249335,touchdown,276,33,1644813413042
42249335,touchend,0,0,1644813413111
42249336,touchdown,279,167,1644813413567
42249336,touchmove,278,166,1644813413628
42249336,touchend,0,0,1644813413636
42249337,touchdown,261,281,1644813414051
42249337,touchend,0,0,1644813414103
42249338,touchdown,265,439,1644813414577
42249338,touchend,0,0,1644813414629
42249339,touchdown,282,550,1644813415059
42249339,touchend,0,0,1644813415137
42249340,touchdown,279,415,1644813415552
42249340,touchend,0,0,1644813415604
42249341,touchdown,277,294,1644813416035
42249341,touchend,0,0,1644813416079
42249342,touchdown,265,170,1644813416501
42249342,touchend,0,0,1644813416546
42249343,touchdown,282,27,1644813416977
42249343,touchend,0,0,1644813417029
42249344,touchdown,408,41,1644813417469
42249344,touchend,0,0,1644813417522
42249345,touchdown,408,173,1644813417987
42249345,touchend,0,0,1644813418055
42249346,touchdown,408,294,1644813418486
42249346,touchend,0,0,1644813418538
42249347,touchdown,424,417,1644813418962
42249347,touchend,0,0,1644813419039
42249348,touchdown,380,570,1644813419519
42249348,touchend,0,0,1644813419572
42249349,touchdown,531,568,1644813420009
42249349,touchend,0,0,1644813420089
42249350,touchdown,543,431,1644813420553
42249350,touchend,0,0,1644813420614
42249351,touchdown,529,282,1644813421071
42249351,touchend,0,0,1644813421114
42249352,touchdown,541,163,1644813421578
42249352,touchend,0,0,1644813421648
42249353,touchdown,523,31,1644813422070
42249353,touchend,0,0,1644813422115
42249354,touchdown,686,32,1644813422554
42249354,touchend,0,0,1644813422607
42249355,touchdown,667,185,1644813423029
42249355,touchend,0,0,1644813423082
42249356,touchdown,667,301,1644813423546
42249356,touchend,0,0,1644813423607
42249357,touchdown,671,435,1644813424005
42249357,touchend,0,0,1644813424066
42249358,touchdown,658,561,1644813424529
42249358,touchend,0,0,1644813424591
42249359,touchdown,786,562,1644813424998
42249359,touchmove,787,558,1644813425049
42249359,touchmove,787,559,1644813425063
42249359,touchmove,787,561,1644813425071
42249359,touchend,0,0,1644813425075
42249360,touchdown,788,434,1644813425531
42249360,touchend,0,0,1644813425583
42249361,touchdown,797,289,1644813426031
42249361,touchend,0,0,1644813426083
42249362,touchdown,805,168,1644813426564
42249362,touchend,0,0,1644813426617
42249363,touchdown,795,20,1644813427073
42249363,touchend,0,0,1644813427125
42249364,touchdown,945,37,1644813427565
42249364,touchend,0,0,1644813427617
42249365,touchdown,922,184,1644813428050
42249365,touchend,0,0,1644813428118
42249366,touchdown,931,298,1644813428540
42249366,touchend,0,0,1644813428601
42249367,touchdown,928,441,1644813428999
42249367,touchmove,926,437,1644813429015
42249367,touchmove,926,435,1644813429023
42249367,touchmove,927,435,1644813429059
42249367,touchend,0,0,1644813429068
42249368,touchdown,925,572,1644813429481
42249368,touchend,0,0,1644813429543
42249369,touchdown,924,443,1644813429991
42249369,touchend,0,0,1644813430060
42249370,touchdown,923,301,1644813430467
42249370,touchmove,922,296,1644813430482
42249370,touchmove,922,294,1644813430490
42249370,touchmove,922,293,1644813430499
42249370,touchend,0,0,1644813430511
42249371,touchdown,923,166,1644813430983
42249371,touchend,0,0,1644813431036
42249372,touchdown,919,25,1644813431475
42249372,touchend,0,0,1644813431519
42249373,touchdown,811,24,1644813431984
42249373,touchend,0,0,1644813432028
42249374,touchdown,802,167,1644813432493
42249374,touchend,0,0,1644813432536
42249375,touchdown,802,285,1644813432994
42249375,touchend,0,0,1644813433053
42249376,touchdown,790,426,1644813433493
42249376,touchend,0,0,1644813433553
42249377,touchdown,786,577,1644813434051
42249377,touchend,0,0,1644813434096
42249378,touchdown,663,556,1644813434535
42249378,touchend,0,0,1644813434604
42249379,touchdown,672,417,1644813435060
42249379,touchend,0,0,1644813435121
42249380,touchdown,665,282,1644813435577
42249380,touchend,0,0,1644813435613
42249381,touchdown,655,171,1644813436035
42249381,touchend,0,0,1644813436080
42249382,touchdown,661,26,1644813436545
42249382,touchend,0,0,1644813436589
42249383,touchdown,540,28,1644813437011
42249383,touchend,0,0,1644813437064
42249384,touchdown,540,177,1644813437503
42249384,touchmove,540,174,1644813437513
42249384,touchmove,540,171,1644813437520
42249384,touchmove,540,170,1644813437527
42249384,touchmove,540,169,1644813437535
42249384,touchmove,541,169,1644813437552
42249384,touchmove,543,170,1644813437560
42249384,touchend,0,0,1644813437564
42249385,touchdown,535,297,1644813437986
42249385,touchend,0,0,1644813438047
42249386,touchdown,532,433,1644813438486
42249386,touchend,0,0,1644813438539
42249387,touchdown,540,571,1644813438995
42249387,touchmove,534,566,1644813439011
42249387,touchmove,533,566,1644813439019
42249387,touchmove,532,566,1644813439028
42249387,touchmove,531,566,1644813439036
42249387,touchend,0,0,1644813439048
42249388,touchdown,402,549,1644813439470
42249388,touchend,0,0,1644813439549
42249389,touchdown,403,411,1644813440055
42249389,touchend,0,0,1644813440099
42249390,touchdown,402,291,1644813440546
42249390,touchend,0,0,1644813440599
42249391,touchdown,406,167,1644813441072
42249391,touchend,0,0,1644813441108
42249392,touchdown,408,39,1644813441571
42249392,touchend,0,0,1644813441633
42249393,touchdown,280,20,1644813442089
42249393,touchend,0,0,1644813442141
42249394,touchdown,285,153,1644813442572
42249394,touchmove,284,152,1644813442625
42249394,touchend,0,0,1644813442633
42249395,touchdown,271,291,1644813443073
42249395,touchend,0,0,1644813443125
42249396,touchdown,269,430,1644813443590
42249396,touchend,0,0,1644813443617
42249397,touchdown,271,556,1644813444032
42249397,touchend,0,0,1644813444109
42249398,touchdown,267,423,1644813444548
42249398,touchend,0,0,1644813444601
42249399,touchdown,272,286,1644813445049
42249399,touchend,0,0,1644813445101
42249400,touchdown,277,156,1644813445550
42249400,touchend,0,0,1644813445601
42249401,touchdown,267,22,1644813446032
42249401,touchend,0,0,1644813446094
42249402,touchdown,426,26,1644813446525
42249402,touchend,0,0,1644813446577
42249403,touchdown,416,172,1644813447033
42249403,touchend,0,0,1644813447094
42249404,touchdown,404,297,1644813447558
42249404,touchend,0,0,1644813447603
42249405,touchdown,400,430,1644813448050
42249405,touchend,0,0,1644813448119
42249406,touchdown,402,567,1644813448550
42249406,touchend,0,0,1644813448612
42249407,touchdown,532,548,1644813449025
42249407,touchend,0,0,1644813449087
42249408,touchdown,536,415,1644813449551
42249408,touchend,0,0,1644813449604
42249409,touchdown,535,288,1644813450061
42249409,touchend,0,0,1644813450104
42249410,touchdown,541,165,1644813450584
42249410,touchend,0,0,1644813450638
42249411,touchdown,536,24,1644813451052
42249411,touchend,0,0,1644813451104
42249412,touchdown,664,27,1644813451543
42249412,touchend,0,0,1644813451588
42249413,touchdown,678,167,1644813452069
42249413,touchend,0,0,1644813452105
42249414,touchdown,661,298,1644813452528
42249414,touchend,0,0,1644813452580
42249415,touchdown,651,433,1644813453061
42249415,touchend,0,0,1644813453106
42249416,touchdown,671,552,1644813453536
42249416,touchend,0,0,1644813453589
42249417,touchdown,796,557,1644813454020
42249417,touchend,0,0,1644813454081
42249418,touchdown,801,425,1644813454512
42249418,touchend,0,0,1644813454565
42249419,touchdown,793,304,1644813455037
42249419,touchend,0,0,1644813455081
42249420,touchdown,807,161,1644813455504
42249420,touchend,0,0,1644813455565
42249421,touchdown,802,26,1644813456013
42249421,touchend,0,0,1644813456065
42249422,touchdown,949,34,1644813456547
42249422,touchend,0,0,1644813456591
42249423,touchdown,933,172,1644813457064
42249423,touchend,0,0,1644813457116
42249424,touchdown,934,304,1644813457564
42249424,touchend,0,0,1644813457633
42249425,touchdown,925,439,1644813458039
42249425,touchend,0,0,1644813458108
42249426,touchdown,917,561,1644813458498
42249426,touchend,0,0,1644813458567
42249427,touchdown,928,438,1644813459039
42249427,touchend,0,0,1644813459083
42249428,touchdown,924,295,1644813459532
42249428,touchend,0,0,1644813459600
42249429,touchdown,927,169,1644813460040
42249429,touchend,0,0,1644813460093
42249430,touchdown,939,27,1644813460515
42249430,touchend,0,0,1644813460568
42249431,touchdown,793,33,1644813461016
42249431,touchend,0,0,1644813461052
42249432,touchdown,798,170,1644813461524
42249432,touchmove,796,165,1644813461540
42249432,touchmove,796,163,1644813461548
42249432,touchmove,797,164,1644813461577
42249432,touchmove,799,165,1644813461590
42249432,touchend,0,0,1644813461593
42249433,touchdown,798,300,1644813462033
42249433,touchend,0,0,1644813462085
42249434,touchdown,798,435,1644813462541
42249434,touchend,0,0,1644813462611
42249435,touchdown,786,563,1644813463074
42249435,touchend,0,0,1644813463119
42249436,touchdown,672,558,1644813463550
42249436,touchend,0,0,1644813463611
42249437,touchdown,664,418,1644813464102
42249437,touchend,0,0,1644813464145
42249438,touchdown,665,307,1644813464584
42249438,touchend,0,0,1644813464637
42249439,touchdown,660,160,1644813465085
42249439,touchend,0,0,1644813465112
42249440,touchdown,681,21,1644813465577
42249440,touchend,0,0,1644813465629
42249441,touchdown,531,34,1644813466052
42249441,touchend,0,0,1644813466104
42249442,touchdown,547,172,1644813466544
42249442,touchend,0,0,1644813466605
42249443,touchdown,532,291,1644813467002
42249443,touchend,0,0,1644813467071
42249444,touchdown,542,433,1644813467552
42249444,touchend,0,0,1644813467613
42249445,touchdown,531,560,1644813468045
42249445,touchend,0,0,1644813468089
42249446,touchdown,396,548,1644813468561
42249446,touchend,0,0,1644813468614
42249447,touchdown,403,429,1644813469012
42249447,touchend,0,0,1644813469056
42249448,touchdown,409,283,1644813469521
42249448,touchend,0,0,1644813469564
