42268215,touchdown,599,265,1645232428703
42268216,touchdown,457,427,1645232428732
42268216,touchend,0,0,1645232428872
42268215,touchend,0,0,1645232428888
42268217,touchdown,613,254,1645232429286
42268218,touchdown,476,417,1645232429301
42268218,touchend,0,0,1645232429456
42268217,touchend,0,0,1645232429505
42268219,touchdown,623,255,1645232429828
42268220,touchdown,480,418,1645232429843
42268220,touchend,0,0,1645232430006
42268219,touchend,0,0,1645232430031
42268221,touchdown,435,251,1645232430379
42268222,touchdown,346,402,1645232430406
42268222,touchmove,352,404,1645232430489
42268222,touchmove,353,404,1645232430498
42268222,touchmove,354,403,1645232430507
42268222,touchmove,355,402,1645232430515
42268222,touchend,0,0,1645232430523
42268221,touchend,0,0,1645232430547
42268223,touchdown,713,191,1645232430894
42268224,touchdown,558,351,1645232430906
42268224,touchend,0,0,1645232431049
42268223,touchend,0,0,1645232431073
42268225,touchdown,655,271,1645232431362
42268226,touchdown,445,484,1645232431383
42268225,touchmove,651,278,1645232431415
42268225,touchmove,651,279,1645232431424
42268225,touchmove,651,280,1645232431432
42268225,touchmove,651,281,1645232431441
42268225,touchmove,651,282,1645232431457
42268225,touchmove,651,283,1645232431466
42268227,touchdown,710,544,1645232431475
42268227,touchend,0,0,1645232431507
42268225,touchmove,651,282,1645232431557
42268225,touchmove,651,281,1645232431566
42268226,touchend,0,0,1645232431573
42268225,touchmove,651,280,1645232431573
42268225,touchmove,651,279,1645232431582
42268225,touchmove,651,278,1645232431591
42268225,touchmove,651,277,1645232431599
42268225,touchmove,651,276,1645232431607
42268225,touchend,0,0,1645232431614
42268228,touchdown,528,189,1645232431929
42268229,touchdown,345,405,1645232431984
42268229,touchend,0,0,1645232432082
42268228,touchend,0,0,1645232432132
42268230,touchdown,447,107,1645232432430
42268231,touchdown,286,320,1645232432484
42268230,touchmove,444,110,1645232432516
42268230,touchmove,444,111,1645232432525
42268231,touchend,0,0,1645232432574
42268230,touchmove,445,111,1645232432591
42268230,touchmove,446,111,1645232432608
42268230,touchend,0,0,1645232432615
42268232,touchdown,670,194,1645232432930
42268233,touchdown,517,383,1645232432984
42268232,touchmove,667,200,1645232433000
42268232,touchmove,667,201,1645232433016
42268232,touchmove,667,202,1645232433025
42268232,touchmove,667,203,1645232433033
42268232,touchmove,667,204,1645232433067
42268232,touchmove,667,203,1645232433125
42268233,touchend,0,0,1645232433149
42268232,touchmove,667,202,1645232433150
42268232,touchmove,667,200,1645232433167
42268232,touchmove,667,201,1645232433158
42268232,touchmove,668,200,1645232433183
42268232,touchmove,670,200,1645232433192
42268232,touchend,0,0,1645232433199
42268234,touchdown,752,266,1645232433421
42268235,touchdown,601,443,1645232433459
42268234,touchmove,751,271,1645232433475
42268234,touchmove,751,272,1645232433483
42268234,touchmove,751,273,1645232433492
42268234,touchmove,751,274,1645232433500
42268234,touchmove,751,275,1645232433517
42268235,touchmove,603,445,1645232433550
42268234,touchmove,750,275,1645232433550
42268235,touchmove,603,444,1645232433558
42268235,touchmove,603,443,1645232433567
42268235,touchmove,602,443,1645232433575
42268235,touchmove,602,442,1645232433583
42268234,touchmove,750,274,1645232433592
42268235,touchmove,601,441,1645232433600
42268234,touchmove,750,273,1645232433608
42268235,touchmove,600,440,1645232433625
42268234,touchmove,750,272,1645232433625
42268235,touchend,0,0,1645232433633
42268234,touchmove,750,271,1645232433633
42268234,touchmove,750,270,1645232433650
42268234,touchend,0,0,1645232433666
42268236,touchdown,594,318,1645232433972
42268237,touchdown,543,463,1645232434018
42268236,touchmove,591,323,1645232434034
42268236,touchmove,591,324,1645232434042
42268236,touchmove,591,325,1645232434075
42268237,touchmove,544,465,1645232434125
42268237,touchmove,544,464,1645232434134
42268237,touchmove,544,463,1645232434142
42268236,touchmove,591,324,1645232434142
42268237,touchmove,543,462,1645232434150
42268236,touchmove,591,323,1645232434151
42268237,touchend,0,0,1645232434159
42268236,touchmove,591,322,1645232434159
42268236,touchmove,591,321,1645232434167
42268236,touchmove,591,319,1645232434175
42268236,touchmove,591,317,1645232434184
42268236,touchend,0,0,1645232434191
42268238,touchdown,500,216,1645232434597
42268239,touchdown,423,373,1645232434618
42268239,touchend,0,0,1645232434726
42268238,touchend,0,0,1645232434742
42268240,touchdown,655,257,1645232435239
42268240,touchend,0,0,1645232435292
42268241,touchdown,629,312,1645232436798
42268242,touchdown,505,343,1645232436813
42268242,touchend,0,0,1645232436936
42268241,touchend,0,0,1645232436960
42268243,touchdown,610,245,1645232437316
42268244,touchdown,484,278,1645232437331
42268244,touchend,0,0,1645232437452
42268243,touchend,0,0,1645232437468
42268245,touchdown,422,215,1645232437826
42268246,touchdown,550,180,1645232437826
42268245,touchend,0,0,1645232437936
42268246,touchend,0,0,1645232437952
42268247,touchdown,732,277,1645232438333
42268248,touchdown,587,304,1645232438333
42268248,touchend,0,0,1645232438453
42268247,touchend,0,0,1645232438469
42268249,touchdown,608,345,1645232438851
42268250,touchdown,468,378,1645232438863
42268250,touchend,0,0,1645232438995
42268249,touchend,0,0,1645232439011
42268251,touchdown,411,259,1645232439427
42268252,touchdown,536,223,1645232439427
42268251,touchend,0,0,1645232439562
42268252,touchend,0,0,1645232439578
42268253,touchdown,755,235,1645232439961
42268254,touchdown,626,258,1645232439961
42268254,touchend,0,0,1645232440095
42268253,touchend,0,0,1645232440104
42268255,touchdown,546,377,1645232440511
42268256,touchdown,653,343,1645232440511
42268256,touchend,0,0,1645232440646
42268255,touchend,0,0,1645232440655
42268258,touchdown,550,251,1645232441093
42268257,touchdown,441,288,1645232441093
42268257,touchend,0,0,1645232441229
42268258,touchend,0,0,1645232441238
42268260,touchdown,702,235,1645232441654
42268259,touchdown,591,261,1645232441653
42268259,touchend,0,0,1645232441829
42268260,touchend,0,0,1645232441846
42268261,touchdown,795,302,1645232443611
42268262,touchdown,592,134,1645232443632
42268263,touchdown,453,193,1645232443632
42268264,touchdown,721,183,1645232443641
42268265,touchdown,398,459,1645232443641
42268265,touchend,0,0,1645232443790
42268263,touchend,0,0,1645232443815
42268262,touchend,0,0,1645232443822
42268261,touchend,0,0,1645232443847
42268264,touchend,0,0,1645232443847
42268266,touchdown,554,126,1645232444128
42268267,touchdown,421,198,1645232444144
42268268,touchdown,680,167,1645232444144
42268269,touchdown,782,290,1645232444148
42268270,touchdown,388,477,1645232444250
42268270,touchend,0,0,1645232444291
42268269,touchend,0,0,1645232444347
42268268,touchend,0,0,1645232444347
42268267,touchend,0,0,1645232444332
42268266,touchend,0,0,1645232444339
42268271,touchdown,471,193,1645232444690
42268272,touchdown,615,124,1645232444690
42268273,touchdown,734,167,1645232444690
42268274,touchdown,835,294,1645232444701
42268275,touchdown,431,479,1645232444725
42268275,touchend,0,0,1645232444857
42268274,touchmove,834,290,1645232444874
42268274,touchmove,835,290,1645232444866
42268274,touchmove,832,290,1645232444882
42268271,touchend,0,0,1645232444890
42268274,touchmove,830,290,1645232444890
42268274,touchmove,827,290,1645232444898
42268273,touchmove,734,173,1645232444907
42268274,touchend,0,0,1645232444907
42268272,touchend,0,0,1645232444906
42268273,touchend,0,0,1645232444914
42268276,touchdown,561,121,1645232445203
42268277,touchdown,416,198,1645232445215
42268278,touchdown,684,159,1645232445222
42268279,touchdown,782,275,1645232445226
42268280,touchdown,380,487,1645232445284
42268279,touchend,0,0,1645232445449
42268278,touchend,0,0,1645232445449
42268276,touchend,0,0,1645232445449
42268277,touchend,0,0,1645232445440
42268280,touchend,0,0,1645232445408
42268282,touchdown,494,190,1645232445800
42268283,touchdown,764,158,1645232445800
42268281,touchdown,643,119,1645232445799
42268283,touchmove,765,162,1645232445809
42268284,touchdown,857,280,1645232445813
42268283,touchmove,765,164,1645232445814
42268285,touchdown,452,488,1645232445818
42268283,touchmove,765,165,1645232445818
42268283,touchmove,765,164,1645232445950
42268285,touchend,0,0,1645232445958
42268283,touchmove,765,163,1645232445982
42268283,touchmove,764,163,1645232445983
42268282,touchend,0,0,1645232445999
42268283,touchmove,763,163,1645232446007
42268281,touchend,0,0,1645232446007
42268284,touchend,0,0,1645232446007
42268283,touchend,0,0,1645232446015
42268287,touchdown,672,147,1645232446367
42268286,touchdown,771,259,1645232446367
42268288,touchdown,551,108,1645232446367
42268289,touchdown,407,187,1645232446367
42268290,touchdown,374,489,1645232446392
42268289,touchend,0,0,1645232446558
42268286,touchend,0,0,1645232446566
42268287,touchend,0,0,1645232446566
42268290,touchend,0,0,1645232446534
42268288,touchend,0,0,1645232446573
42268291,touchdown,503,196,1645232446947
42268293,touchdown,865,285,1645232446962
42268294,touchdown,771,169,1645232446962
42268295,touchdown,461,500,1645232446976
42268292,touchdown,649,125,1645232446947
42268295,touchmove,459,498,1645232447050
42268295,touchmove,458,498,1645232447058
42268295,touchmove,457,498,1645232447067
42268293,touchmove,865,289,1645232447075
42268293,touchmove,864,289,1645232447084
42268295,touchmove,456,498,1645232447084
42268293,touchmove,863,289,1645232447100
42268295,touchend,0,0,1645232447109
42268293,touchmove,862,289,1645232447117
42268293,touchmove,861,289,1645232447127
42268293,touchend,0,0,1645232447133
42268294,touchend,0,0,1645232447157
42268291,touchend,0,0,1645232447166
42268292,touchmove,643,128,1645232447166
42268292,touchend,0,0,1645232447174
42268296,touchdown,756,294,1645232447506
42268297,touchdown,524,139,1645232447506
42268298,touchdown,651,180,1645232447536
42268297,touchmove,524,143,1645232447536
42268297,touchmove,524,144,1645232447550
42268299,touchdown,388,220,1645232447536
42268297,touchmove,524,143,1645232447675
42268299,touchend,0,0,1645232447692
42268297,touchend,0,0,1645232447708
42268296,touchend,0,0,1645232447716
42268298,touchend,0,0,1645232447716
42268300,touchdown,638,138,1645232448113
42268301,touchdown,762,183,1645232448125
42268302,touchdown,858,307,1645232448126
42268303,touchdown,497,208,1645232448126
42268303,touchend,0,0,1645232448317
42268300,touchend,0,0,1645232448329
42268302,touchend,0,0,1645232448329
42268301,touchend,0,0,1645232448329
42268305,touchdown,774,285,1645232448767
42268304,touchdown,671,162,1645232448767
42268306,touchdown,551,124,1645232448767
42268304,touchmove,671,165,1645232448776
42268307,touchdown,413,199,1645232448780
42268304,touchmove,671,167,1645232448780
42268304,touchmove,671,168,1645232448784
42268307,touchend,0,0,1645232448910
42268306,touchend,0,0,1645232448934
42268304,touchmove,671,169,1645232448942
42268305,touchend,0,0,1645232448950
42268304,touchend,0,0,1645232448950
42268308,touchdown,541,313,1645232450373
42268308,touchmove,537,307,1645232450417
42268308,touchmove,537,306,1645232450426
42268308,touchmove,537,305,1645232450435
42268308,touchmove,537,304,1645232450443
42268308,touchmove,537,303,1645232450451
42268309,touchdown,547,420,1645232450460
42268308,touchmove,536,302,1645232450460
42268308,touchmove,536,301,1645232450468
42268308,touchmove,536,300,1645232450476
42268308,touchmove,536,299,1645232450485
42268308,touchmove,536,298,1645232450493
42268308,touchmove,536,296,1645232450501
42268308,touchmove,537,295,1645232450510
42268308,touchmove,538,293,1645232450518
42268308,touchmove,540,292,1645232450526
42268309,touchmove,552,427,1645232450527
42268308,touchmove,542,290,1645232450535
42268309,touchmove,552,428,1645232450535
42268308,touchmove,543,289,1645232450543
42268308,touchmove,545,287,1645232450551
42268308,touchmove,548,285,1645232450560
42268308,touchmove,550,283,1645232450568
42268309,touchmove,551,428,1645232450568
42268308,touchmove,552,281,1645232450576
42268309,touchmove,550,427,1645232450577
42268308,touchmove,555,278,1645232450585
42268309,touchmove,550,426,1645232450585
42268308,touchmove,557,275,1645232450593
42268309,touchmove,549,425,1645232450593
42268309,touchmove,548,423,1645232450602
42268308,touchmove,560,272,1645232450602
42268308,touchmove,562,269,1645232450610
42268309,touchmove,548,422,1645232450610
42268308,touchmove,564,265,1645232450618
42268309,touchmove,547,421,1645232450618
42268308,touchmove,567,261,1645232450627
42268308,touchmove,571,257,1645232450635
42268309,touchmove,546,420,1645232450635
42268308,touchmove,575,252,1645232450643
42268309,touchmove,545,419,1645232450643
42268308,touchmove,578,247,1645232450652
42268308,touchmove,581,243,1645232450660
42268309,touchmove,545,418,1645232450660
42268308,touchmove,585,239,1645232450668
42268308,touchmove,589,235,1645232450676
42268308,touchmove,592,231,1645232450685
42268308,touchmove,595,227,1645232450693
42268309,touchmove,545,417,1645232450693
42268308,touchmove,598,224,1645232450702
42268308,touchmove,600,220,1645232450710
42268308,touchmove,603,217,1645232450718
42268309,touchmove,545,416,1645232450718
42268308,touchmove,605,214,1645232450727
42268308,touchmove,606,211,1645232450735
42268309,touchmove,545,415,1645232450735
42268308,touchmove,608,208,1645232450743
42268308,touchmove,610,205,1645232450752
42268309,touchmove,545,414,1645232450752
42268308,touchmove,611,203,1645232450760
42268309,touchmove,545,413,1645232450760
42268308,touchmove,613,201,1645232450768
42268308,touchend,0,0,1645232450776
42268309,touchmove,543,413,1645232450785
42268309,touchmove,541,413,1645232450793
42268309,touchend,0,0,1645232450800
42268310,touchdown,553,283,1645232451191
42268310,touchmove,554,273,1645232451234
42268310,touchmove,554,272,1645232451243
42268310,touchmove,554,271,1645232451252
42268310,touchmove,555,269,1645232451260
42268311,touchdown,550,398,1645232451269
42268310,touchmove,557,268,1645232451270
42268310,touchmove,558,266,1645232451277
42268310,touchmove,559,265,1645232451285
42268310,touchmove,560,263,1645232451293
42268310,touchmove,561,261,1645232451302
42268310,touchmove,562,258,1645232451310
42268310,touchmove,564,256,1645232451319
42268310,touchmove,566,250,1645232451335
42268310,touchmove,565,253,1645232451327
42268310,touchmove,568,247,1645232451344
42268310,touchmove,571,243,1645232451352
42268310,touchmove,573,238,1645232451360
42268310,touchmove,576,234,1645232451369
42268310,touchmove,580,229,1645232451377
42268310,touchmove,584,225,1645232451385
42268310,touchmove,588,221,1645232451394
42268310,touchmove,591,217,1645232451402
42268310,touchmove,595,213,1645232451410
42268310,touchmove,599,209,1645232451419
42268310,touchmove,602,205,1645232451427
42268310,touchmove,605,202,1645232451435
42268310,touchmove,608,198,1645232451443
42268310,touchmove,610,195,1645232451452
42268310,touchmove,614,191,1645232451460
42268310,touchmove,616,189,1645232451469
42268311,touchmove,545,409,1645232451469
42268310,touchmove,618,186,1645232451477
42268311,touchmove,545,408,1645232451477
42268310,touchmove,620,182,1645232451485
42268311,touchmove,545,407,1645232451485
42268310,touchmove,622,179,1645232451494
42268311,touchmove,544,406,1645232451494
42268310,touchmove,624,177,1645232451502
42268311,touchmove,543,406,1645232451502
42268310,touchmove,625,174,1645232451510
42268311,touchmove,542,405,1645232451510
42268310,touchmove,627,171,1645232451519
42268311,touchmove,540,405,1645232451519
42268310,touchmove,628,170,1645232451527
42268311,touchmove,537,405,1645232451527
42268310,touchmove,629,170,1645232451535
42268310,touchend,0,0,1645232451543
42268311,touchmove,533,405,1645232451535
42268311,touchmove,530,407,1645232451543
42268311,touchend,0,0,1645232451551
42268312,touchdown,544,247,1645232451933
42268312,touchmove,542,238,1645232451969
42268313,touchdown,517,401,1645232451961
42268312,touchmove,542,240,1645232451961
42268312,touchmove,542,236,1645232451977
42268312,touchmove,542,234,1645232451985
42268312,touchmove,543,233,1645232451994
42268312,touchmove,543,231,1645232452002
42268312,touchmove,544,229,1645232452011
42268312,touchmove,545,228,1645232452019
42268312,touchmove,546,225,1645232452027
42268312,touchmove,548,223,1645232452036
42268312,touchmove,550,219,1645232452044
42268312,touchmove,553,216,1645232452052
42268312,touchmove,556,212,1645232452061
42268312,touchmove,559,209,1645232452069
42268312,touchmove,563,205,1645232452077
42268312,touchmove,567,201,1645232452085
42268312,touchmove,571,198,1645232452094
42268313,touchmove,521,406,1645232452111
42268312,touchmove,578,190,1645232452111
42268313,touchmove,521,405,1645232452102
42268312,touchmove,583,186,1645232452119
42268312,touchmove,575,194,1645232452102
42268312,touchmove,587,181,1645232452127
42268312,touchmove,592,177,1645232452136
42268312,touchmove,597,172,1645232452144
42268312,touchmove,602,167,1645232452152
42268313,touchmove,518,406,1645232452161
42268312,touchmove,606,162,1645232452161
42268313,touchmove,520,406,1645232452152
42268313,touchmove,516,406,1645232452169
42268312,touchmove,610,158,1645232452169
42268313,touchmove,514,406,1645232452178
42268312,touchmove,614,153,1645232452178
42268313,touchmove,512,406,1645232452186
42268312,touchmove,616,150,1645232452186
42268313,touchmove,510,406,1645232452194
42268312,touchmove,619,147,1645232452194
42268313,touchmove,509,406,1645232452202
42268312,touchmove,620,144,1645232452203
42268313,touchmove,506,406,1645232452211
42268312,touchmove,622,142,1645232452211
42268313,touchmove,504,406,1645232452219
42268312,touchmove,622,140,1645232452219
42268313,touchmove,502,406,1645232452227
42268312,touchmove,622,139,1645232452227
42268313,touchmove,499,407,1645232452236
42268312,touchmove,622,138,1645232452236
42268312,touchend,0,0,1645232452244
42268313,touchmove,497,410,1645232452245
42268313,touchend,0,0,1645232452253
42268314,touchdown,453,243,1645232452798
42268314,touchmove,446,236,1645232452827
42268314,touchmove,446,234,1645232452836
42268314,touchmove,446,233,1645232452844
42268314,touchmove,446,231,1645232452853
42268314,touchmove,446,229,1645232452861
42268315,touchdown,459,355,1645232452870
42268314,touchmove,446,228,1645232452870
42268314,touchmove,446,226,1645232452878
42268314,touchmove,446,224,1645232452886
42268314,touchmove,446,219,1645232452903
42268314,touchmove,446,216,1645232452911
42268314,touchmove,446,221,1645232452894
42268314,touchmove,446,213,1645232452920
42268314,touchmove,446,209,1645232452928
42268314,touchmove,447,206,1645232452936
42268314,touchmove,449,203,1645232452944
42268314,touchmove,450,199,1645232452953
42268314,touchmove,452,195,1645232452961
42268314,touchmove,454,191,1645232452969
42268314,touchmove,457,186,1645232452978
42268314,touchmove,460,181,1645232452986
42268314,touchmove,463,176,1645232452995
42268315,touchmove,444,364,1645232452995
42268315,touchmove,443,363,1645232453003
42268314,touchmove,465,170,1645232453003
42268314,touchmove,469,165,1645232453011
42268315,touchmove,442,362,1645232453011
42268314,touchmove,471,161,1645232453019
42268315,touchmove,441,361,1645232453019
42268314,touchmove,474,156,1645232453028
42268315,touchmove,440,360,1645232453028
42268314,touchmove,478,151,1645232453036
42268315,touchmove,438,359,1645232453036
42268314,touchmove,480,147,1645232453044
42268315,touchmove,437,358,1645232453044
42268314,touchmove,483,143,1645232453053
42268315,touchmove,436,357,1645232453053
42268314,touchmove,484,139,1645232453061
42268315,touchmove,434,356,1645232453061
42268314,touchmove,486,137,1645232453070
42268315,touchmove,433,355,1645232453070
42268314,touchmove,487,134,1645232453078
42268315,touchmove,431,355,1645232453078
42268314,touchmove,488,131,1645232453086
42268315,touchmove,429,355,1645232453086
42268314,touchmove,488,129,1645232453094
42268315,touchmove,426,355,1645232453094
42268314,touchmove,489,128,1645232453103
42268315,touchmove,424,355,1645232453103
42268314,touchend,0,0,1645232453110
42268315,touchend,0,0,1645232453111
42268316,touchdown,639,285,1645232453583
42268316,touchmove,643,277,1645232453645
42268317,touchdown,649,396,1645232453654
42268316,touchmove,644,275,1645232453654
42268316,touchmove,646,274,1645232453662
42268316,touchmove,649,271,1645232453670
42268316,touchmove,652,268,1645232453678
42268316,touchmove,655,265,1645232453686
42268316,touchmove,660,261,1645232453695
42268316,touchmove,664,256,1645232453703
42268316,touchmove,668,252,1645232453712
42268316,touchmove,672,247,1645232453720
42268316,touchmove,677,242,1645232453728
42268316,touchmove,681,238,1645232453737
42268316,touchmove,686,233,1645232453745
42268316,touchmove,691,228,1645232453753
42268316,touchmove,695,224,1645232453761
42268316,touchmove,700,219,1645232453770
42268316,touchmove,704,215,1645232453778
42268316,touchmove,711,207,1645232453795
42268316,touchmove,707,211,1645232453786
42268316,touchmove,715,202,1645232453803
42268316,touchmove,719,198,1645232453812
42268316,touchmove,724,192,1645232453820
42268317,touchmove,649,402,1645232453828
42268316,touchmove,730,187,1645232453828
42268317,touchmove,648,401,1645232453837
42268316,touchmove,736,182,1645232453837
42268317,touchmove,647,399,1645232453845
42268316,touchmove,741,178,1645232453845
42268317,touchmove,646,398,1645232453853
42268316,touchmove,745,175,1645232453853
42268317,touchmove,643,395,1645232453870
42268317,touchmove,644,397,1645232453862
42268316,touchmove,749,172,1645232453862
42268316,touchmove,752,170,1645232453870
42268317,touchmove,641,394,1645232453878
42268316,touchmove,755,168,1645232453878
42268317,touchmove,639,394,1645232453887
42268317,touchmove,638,394,1645232453895
42268316,touchmove,756,168,1645232453895
42268316,touchend,0,0,1645232453903
42268317,touchend,0,0,1645232453904
42268318,touchdown,414,285,1645232454358
42268319,touchdown,446,403,1645232454405
42268318,touchmove,405,274,1645232454412
42268318,touchmove,405,272,1645232454420
42268318,touchmove,405,270,1645232454429
42268318,touchmove,405,268,1645232454437
42268318,touchmove,405,266,1645232454445
42268318,touchmove,405,264,1645232454454
42268318,touchmove,405,261,1645232454462
42268318,touchmove,405,258,1645232454470
42268319,touchmove,441,406,1645232454479
42268318,touchmove,405,256,1645232454479
42268319,touchmove,439,406,1645232454487
42268318,touchmove,405,252,1645232454487
42268319,touchmove,438,406,1645232454495
42268318,touchmove,405,248,1645232454495
42268319,touchmove,436,407,1645232454504
42268318,touchmove,407,244,1645232454504
42268319,touchmove,435,407,1645232454512
42268318,touchmove,408,240,1645232454512
42268319,touchmove,433,408,1645232454520
42268318,touchmove,410,235,1645232454520
42268319,touchmove,431,408,1645232454529
42268318,touchmove,413,229,1645232454529
42268319,touchmove,430,408,1645232454537
42268318,touchmove,416,223,1645232454537
42268319,touchmove,428,408,1645232454545
42268318,touchmove,421,217,1645232454545
42268319,touchmove,426,408,1645232454554
42268318,touchmove,425,210,1645232454554
42268319,touchmove,424,407,1645232454562
42268318,touchmove,429,204,1645232454562
42268318,touchmove,432,199,1645232454570
42268319,touchmove,423,406,1645232454570
42268319,touchmove,422,405,1645232454579
42268318,touchmove,435,194,1645232454579
42268319,touchmove,421,404,1645232454587
42268318,touchmove,437,189,1645232454587
42268319,touchmove,420,402,1645232454595
42268318,touchmove,439,185,1645232454595
42268319,touchmove,419,401,1645232454604
42268318,touchmove,441,181,1645232454604
42268319,touchmove,418,400,1645232454612
42268318,touchmove,443,177,1645232454612
42268319,touchmove,417,398,1645232454620
42268318,touchmove,444,174,1645232454620
42268319,touchmove,416,397,1645232454629
42268318,touchmove,446,170,1645232454629
42268319,touchmove,416,396,1645232454637
42268318,touchmove,447,167,1645232454637
42268319,touchmove,415,395,1645232454645
42268318,touchmove,449,164,1645232454645
42268319,touchmove,413,395,1645232454654
42268318,touchmove,450,161,1645232454654
42268319,touchmove,412,394,1645232454662
42268318,touchmove,450,159,1645232454662
42268319,touchmove,410,394,1645232454670
42268318,touchmove,451,158,1645232454671
42268319,touchmove,406,396,1645232454687
42268319,touchmove,408,394,1645232454679
42268319,touchend,0,0,1645232454695
42268318,touchend,0,0,1645232454703
42268320,touchdown,583,296,1645232455184
42268321,touchdown,598,424,1645232455198
42268320,touchmove,584,292,1645232455212
42268320,touchmove,587,290,1645232455221
42268320,touchmove,591,286,1645232455229
42268320,touchmove,594,284,1645232455237
42268320,touchmove,598,280,1645232455246
42268320,touchmove,601,278,1645232455254
42268320,touchmove,604,275,1645232455262
42268320,touchmove,606,273,1645232455271
42268320,touchmove,608,270,1645232455279
42268320,touchmove,610,267,1645232455288
42268320,touchmove,612,264,1645232455296
42268320,touchmove,614,260,1645232455304
42268320,touchmove,617,256,1645232455313
42268320,touchmove,621,251,1645232455321
42268320,touchmove,625,245,1645232455329
42268320,touchmove,629,240,1645232455337
42268320,touchmove,633,236,1645232455346
42268320,touchmove,636,231,1645232455354
42268320,touchmove,639,227,1645232455363
42268321,touchmove,601,433,1645232455363
42268320,touchmove,643,223,1645232455371
42268321,touchmove,600,433,1645232455371
42268320,touchmove,646,218,1645232455379
42268321,touchmove,600,432,1645232455379
42268320,touchmove,649,214,1645232455388
42268321,touchmove,599,431,1645232455388
42268320,touchmove,653,209,1645232455396
42268321,touchmove,598,430,1645232455396
42268320,touchmove,657,205,1645232455404
42268321,touchmove,598,429,1645232455405
42268320,touchmove,660,201,1645232455413
42268321,touchmove,597,427,1645232455413
42268320,touchmove,663,197,1645232455421
42268321,touchmove,596,426,1645232455421
42268320,touchmove,665,194,1645232455429
42268321,touchmove,596,425,1645232455429
42268320,touchmove,667,191,1645232455437
42268321,touchmove,595,423,1645232455438
42268320,touchmove,669,189,1645232455446
42268321,touchmove,594,421,1645232455446
42268320,touchmove,670,188,1645232455454
42268321,touchmove,593,420,1645232455454
42268320,touchmove,671,187,1645232455462
42268321,touchmove,592,420,1645232455462
42268320,touchmove,671,186,1645232455471
42268321,touchmove,591,420,1645232455471
42268321,touchend,0,0,1645232455487
42268320,touchmove,669,186,1645232455496
42268320,touchend,0,0,1645232455503
42268322,touchdown,420,280,1645232455943
42268322,touchmove,419,271,1645232455971
42268323,touchdown,437,431,1645232455980
42268322,touchmove,419,269,1645232455980
42268322,touchmove,419,265,1645232455988
42268322,touchmove,419,262,1645232455996
42268322,touchmove,421,255,1645232456013
42268322,touchmove,421,258,1645232456004
42268322,touchmove,423,248,1645232456030
42268322,touchmove,422,251,1645232456021
42268322,touchmove,423,244,1645232456038
42268323,touchmove,435,425,1645232456038
42268322,touchmove,424,240,1645232456046
42268323,touchmove,433,424,1645232456046
42268323,touchmove,432,423,1645232456054
42268322,touchmove,426,232,1645232456063
42268323,touchmove,431,423,1645232456063
42268322,touchmove,425,236,1645232456054
42268322,touchmove,427,228,1645232456071
42268323,touchmove,429,422,1645232456071
42268322,touchmove,428,223,1645232456080
42268323,touchmove,428,421,1645232456080
42268322,touchmove,430,218,1645232456088
42268323,touchmove,427,420,1645232456088
42268322,touchmove,432,212,1645232456096
42268323,touchmove,425,419,1645232456097
42268322,touchmove,435,206,1645232456105
42268323,touchmove,424,418,1645232456105
42268322,touchmove,438,200,1645232456113
42268323,touchmove,422,417,1645232456113
42268322,touchmove,441,192,1645232456121
42268323,touchmove,420,415,1645232456121
42268322,touchmove,445,186,1645232456129
42268323,touchmove,418,413,1645232456129
42268322,touchmove,449,178,1645232456138
42268323,touchmove,417,412,1645232456138
42268322,touchmove,453,171,1645232456146
42268323,touchmove,415,410,1645232456146
42268322,touchmove,456,165,1645232456154
42268323,touchmove,413,409,1645232456154
42268322,touchmove,459,160,1645232456163
42268323,touchmove,412,408,1645232456163
42268322,touchmove,460,156,1645232456171
42268323,touchmove,410,407,1645232456171
42268322,touchmove,462,152,1645232456180
42268323,touchmove,409,407,1645232456180
42268322,touchmove,463,149,1645232456188
42268323,touchmove,408,406,1645232456188
42268322,touchmove,464,147,1645232456196
42268323,touchmove,407,406,1645232456196
42268322,touchmove,465,145,1645232456205
42268323,touchmove,405,406,1645232456205
42268322,touchmove,465,144,1645232456213
42268323,touchmove,404,406,1645232456213
42268323,touchmove,402,406,1645232456221
42268323,touchmove,401,406,1645232456229
42268322,touchend,0,0,1645232456238
42268323,touchmove,400,408,1645232456238
42268323,touchend,0,0,1645232456246
42268324,touchdown,542,310,1645232456760
42268324,touchmove,544,298,1645232456788
42268325,touchdown,563,420,1645232456797
42268324,touchmove,544,294,1645232456797
42268324,touchmove,545,291,1645232456805
42268324,touchmove,547,287,1645232456813
42268324,touchmove,549,284,1645232456821
42268324,touchmove,552,280,1645232456830
42268324,touchmove,555,275,1645232456838
42268324,touchmove,558,270,1645232456847
42268324,touchmove,561,265,1645232456855
42268324,touchmove,564,260,1645232456863
42268324,touchmove,567,255,1645232456872
42268324,touchmove,571,249,1645232456880
42268324,touchmove,576,243,1645232456888
42268324,touchmove,580,237,1645232456897
42268324,touchmove,586,231,1645232456905
42268324,touchmove,592,224,1645232456913
42268324,touchmove,597,218,1645232456922
42268324,touchmove,603,212,1645232456930
42268324,touchmove,609,206,1645232456938
42268324,touchmove,614,201,1645232456947
42268325,touchmove,544,429,1645232456947
42268324,touchmove,619,195,1645232456955
42268325,touchmove,544,428,1645232456955
42268324,touchmove,623,191,1645232456963
42268325,touchmove,544,427,1645232456964
42268324,touchmove,627,186,1645232456972
42268325,touchmove,544,426,1645232456972
42268324,touchmove,631,182,1645232456980
42268325,touchmove,543,425,1645232456980
42268324,touchmove,634,179,1645232456989
42268325,touchmove,543,423,1645232456989
42268324,touchmove,637,176,1645232456997
42268325,touchmove,542,422,1645232456997
42268324,touchmove,639,173,1645232457005
42268325,touchmove,542,421,1645232457005
42268324,touchmove,640,171,1645232457013
42268325,touchmove,541,420,1645232457014
42268324,touchmove,641,170,1645232457022
42268324,touchmove,641,168,1645232457030
42268325,touchmove,540,418,1645232457030
42268324,touchend,0,0,1645232457055
42268324,touchmove,642,168,1645232457038
42268325,touchend,0,0,1645232457056
42268326,touchdown,710,292,1645232457493
42268326,touchmove,713,284,1645232457522
42268326,touchmove,714,281,1645232457530
42268326,touchmove,715,277,1645232457539
42268326,touchmove,717,272,1645232457547
42268327,touchdown,729,397,1645232457556
42268326,touchmove,719,268,1645232457556
42268326,touchmove,722,262,1645232457564
42268326,touchmove,726,256,1645232457572
42268326,touchmove,731,250,1645232457580
42268326,touchmove,735,242,1645232457589
42268326,touchmove,740,235,1645232457597
42268326,touchmove,745,228,1645232457605
42268326,touchmove,750,222,1645232457614
42268326,touchmove,756,216,1645232457622
42268326,touchmove,762,210,1645232457630
42268326,touchmove,767,205,1645232457639
42268326,touchmove,773,200,1645232457647
42268326,touchmove,778,195,1645232457655
42268326,touchmove,783,189,1645232457664
42268327,touchmove,708,398,1645232457664
42268326,touchmove,788,184,1645232457672
42268327,touchmove,708,397,1645232457672
42268326,touchmove,791,178,1645232457680
42268327,touchmove,708,395,1645232457680
42268327,touchmove,707,393,1645232457689
42268326,touchmove,794,174,1645232457689
42268327,touchmove,705,392,1645232457697
42268326,touchmove,798,169,1645232457697
42268326,touchmove,800,166,1645232457705
42268327,touchmove,703,390,1645232457706
42268326,touchmove,803,160,1645232457722
42268327,touchmove,701,389,1645232457714
42268327,touchmove,699,388,1645232457722
42268326,touchmove,802,163,1645232457714
42268326,touchmove,804,158,1645232457730
42268327,touchmove,696,388,1645232457731
42268327,touchmove,693,388,1645232457739
42268326,touchend,0,0,1645232457747
42268327,touchmove,689,388,1645232457747
42268327,touchmove,685,388,1645232457755
42268327,touchmove,682,390,1645232457764
42268327,touchend,0,0,1645232457771
42268328,touchdown,475,460,1645232458461
42268329,touchdown,675,170,1645232458481
42268328,touchmove,481,457,1645232458506
42268328,touchmove,482,456,1645232458514
42268328,touchmove,483,454,1645232458523
42268328,touchmove,484,453,1645232458531
42268328,touchmove,486,451,1645232458539
42268328,touchmove,487,450,1645232458548
42268329,touchmove,672,171,1645232458556
42268328,touchmove,488,448,1645232458556
42268329,touchmove,670,173,1645232458564
42268328,touchmove,490,446,1645232458565
42268329,touchmove,667,174,1645232458573
42268328,touchmove,491,445,1645232458573
42268329,touchmove,665,176,1645232458581
42268328,touchmove,493,443,1645232458581
42268329,touchmove,663,178,1645232458589
42268328,touchmove,495,441,1645232458590
42268329,touchmove,661,180,1645232458598
42268328,touchmove,496,439,1645232458598
42268329,touchmove,659,182,1645232458606
42268328,touchmove,498,437,1645232458606
42268329,touchmove,657,184,1645232458614
42268328,touchmove,500,435,1645232458614
42268329,touchmove,655,185,1645232458622
42268328,touchmove,502,434,1645232458623
42268329,touchmove,653,187,1645232458631
42268328,touchmove,505,432,1645232458631
42268329,touchmove,652,189,1645232458639
42268328,touchmove,507,430,1645232458639
42268329,touchmove,651,190,1645232458648
42268328,touchmove,509,428,1645232458648
42268329,touchmove,649,191,1645232458656
42268328,touchmove,512,426,1645232458656
42268329,touchmove,647,193,1645232458664
42268328,touchmove,515,423,1645232458664
42268328,touchmove,517,421,1645232458673
42268329,touchmove,646,195,1645232458673
42268329,touchmove,644,197,1645232458681
42268328,touchmove,520,419,1645232458681
42268329,touchmove,643,199,1645232458689
42268328,touchmove,523,416,1645232458689
42268329,touchmove,641,201,1645232458698
42268328,touchmove,525,414,1645232458698
42268328,touchmove,528,411,1645232458706
42268329,touchmove,639,203,1645232458706
42268329,touchmove,638,205,1645232458714
42268328,touchmove,530,409,1645232458714
42268329,touchmove,636,208,1645232458722
42268328,touchmove,533,406,1645232458723
42268329,touchmove,634,210,1645232458731
42268328,touchmove,535,404,1645232458731
42268329,touchmove,631,214,1645232458739
42268328,touchmove,538,401,1645232458739
42268329,touchmove,629,217,1645232458748
42268328,touchmove,540,399,1645232458748
42268329,touchmove,626,221,1645232458756
42268328,touchmove,543,396,1645232458756
42268329,touchmove,623,225,1645232458765
42268328,touchmove,545,394,1645232458765
42268328,touchend,0,0,1645232458772
42268329,touchmove,621,229,1645232458773
42268329,touchmove,618,234,1645232458781
42268329,touchmove,616,238,1645232458789
42268329,touchmove,614,244,1645232458797
42268329,touchend,0,0,1645232458806
42268330,touchdown,487,143,1645232459354
42268331,touchdown,381,390,1645232459366
42268330,touchmove,482,151,1645232459381
42268330,touchmove,481,153,1645232459390
42268330,touchmove,481,154,1645232459398
42268331,touchmove,388,393,1645232459398
42268330,touchmove,479,156,1645232459406
42268331,touchmove,390,392,1645232459406
42268330,touchmove,478,159,1645232459415
42268331,touchmove,392,390,1645232459415
42268330,touchmove,476,162,1645232459423
42268331,touchmove,394,388,1645232459423
42268330,touchmove,473,165,1645232459431
42268331,touchmove,396,385,1645232459431
42268330,touchmove,470,169,1645232459440
42268331,touchmove,398,383,1645232459440
42268330,touchmove,467,173,1645232459448
42268331,touchmove,400,381,1645232459448
42268330,touchmove,463,177,1645232459456
42268331,touchmove,402,379,1645232459456
42268330,touchmove,459,180,1645232459465
42268331,touchmove,403,377,1645232459465
42268330,touchmove,456,184,1645232459473
42268331,touchmove,403,375,1645232459473
42268330,touchmove,453,186,1645232459481
42268331,touchmove,404,373,1645232459482
42268330,touchmove,450,189,1645232459490
42268331,touchmove,405,371,1645232459490
42268330,touchmove,448,192,1645232459498
42268331,touchmove,405,369,1645232459498
42268330,touchmove,445,195,1645232459506
42268331,touchmove,406,366,1645232459506
42268330,touchmove,442,198,1645232459515
42268331,touchmove,406,364,1645232459515
42268330,touchmove,440,202,1645232459523
42268331,touchmove,407,361,1645232459523
42268330,touchmove,437,206,1645232459531
42268331,touchmove,408,359,1645232459531
42268330,touchmove,435,210,1645232459540
42268331,touchmove,408,356,1645232459540
42268330,touchmove,432,215,1645232459548
42268331,touchmove,409,353,1645232459548
42268330,touchmove,431,220,1645232459556
42268331,touchmove,410,352,1645232459557
42268331,touchend,0,0,1645232459564
42268330,touchmove,429,225,1645232459565
42268330,touchmove,426,230,1645232459573
42268330,touchmove,425,235,1645232459581
42268330,touchend,0,0,1645232459589
42268332,touchdown,740,186,1645232460084
42268333,touchdown,561,437,1645232460099
42268332,touchmove,737,191,1645232460123
42268333,touchmove,572,443,1645232460123
42268332,touchmove,736,193,1645232460132
42268333,touchmove,575,443,1645232460132
42268332,touchmove,734,195,1645232460140
42268333,touchmove,578,443,1645232460140
42268332,touchmove,732,196,1645232460148
42268333,touchmove,580,443,1645232460148
42268332,touchmove,729,199,1645232460157
42268333,touchmove,583,443,1645232460157
42268332,touchmove,727,202,1645232460165
42268333,touchmove,585,443,1645232460165
42268332,touchmove,723,205,1645232460173
42268333,touchmove,587,443,1645232460174
42268332,touchmove,719,207,1645232460182
42268333,touchmove,590,442,1645232460182
42268332,touchmove,715,210,1645232460190
42268333,touchmove,592,440,1645232460190
42268332,touchmove,711,214,1645232460198
42268333,touchmove,594,439,1645232460199
42268332,touchmove,706,217,1645232460207
42268333,touchmove,595,437,1645232460207
42268332,touchmove,701,220,1645232460215
42268333,touchmove,597,434,1645232460215
42268332,touchmove,696,224,1645232460223
42268333,touchmove,599,432,1645232460223
42268332,touchmove,691,227,1645232460232
42268333,touchmove,600,430,1645232460232
42268332,touchmove,686,231,1645232460240
42268333,touchmove,601,427,1645232460240
42268332,touchmove,681,234,1645232460249
42268333,touchmove,602,424,1645232460249
42268332,touchmove,677,237,1645232460257
42268333,touchmove,602,421,1645232460257
42268332,touchmove,672,242,1645232460265
42268333,touchmove,604,418,1645232460265
42268332,touchmove,668,246,1645232460273
42268333,touchmove,604,414,1645232460274
42268332,touchmove,663,251,1645232460282
42268333,touchmove,605,410,1645232460282
42268332,touchmove,660,256,1645232460290
42268333,touchmove,606,406,1645232460290
42268332,touchmove,657,260,1645232460298
42268333,touchmove,607,403,1645232460299
42268332,touchmove,653,264,1645232460307
42268333,touchmove,607,401,1645232460307
42268332,touchmove,650,268,1645232460315
42268333,touchmove,608,398,1645232460315
42268332,touchend,0,0,1645232460323
42268333,touchend,0,0,1645232460323
42268334,touchdown,464,132,1645232460821
42268335,touchdown,349,402,1645232460833
42268335,touchmove,358,405,1645232460857
42268334,touchmove,461,137,1645232460866
42268335,touchmove,360,402,1645232460866
42268335,touchmove,362,400,1645232460874
42268334,touchmove,461,138,1645232460874
42268335,touchmove,365,397,1645232460882
42268334,touchmove,460,141,1645232460882
42268335,touchmove,367,393,1645232460891
42268334,touchmove,459,144,1645232460891
42268335,touchmove,369,391,1645232460899
42268334,touchmove,457,148,1645232460899
42268335,touchmove,371,388,1645232460907
42268334,touchmove,455,152,1645232460907
42268335,touchmove,373,386,1645232460916
42268334,touchmove,453,156,1645232460916
42268335,touchmove,374,384,1645232460924
42268334,touchmove,450,160,1645232460924
42268335,touchmove,375,383,1645232460932
42268334,touchmove,448,163,1645232460932
42268334,touchmove,446,166,1645232460940
42268334,touchmove,443,168,1645232460949
42268334,touchmove,441,170,1645232460957
42268335,touchmove,375,382,1645232460966
42268334,touchmove,439,172,1645232460966
42268334,touchmove,436,174,1645232460974
42268335,touchmove,375,381,1645232460983
42268334,touchmove,435,176,1645232460983
42268335,touchmove,375,380,1645232460991
42268334,touchmove,432,179,1645232460991
42268335,touchmove,375,378,1645232460999
42268334,touchmove,430,181,1645232460999
42268335,touchmove,375,377,1645232461007
42268334,touchmove,428,183,1645232461007
42268335,touchmove,376,375,1645232461016
42268334,touchmove,426,186,1645232461016
42268335,touchmove,376,373,1645232461024
42268334,touchmove,424,189,1645232461024
42268335,touchmove,376,371,1645232461032
42268334,touchmove,422,192,1645232461032
42268335,touchmove,376,369,1645232461041
42268334,touchmove,421,195,1645232461041
42268335,touchmove,376,367,1645232461049
42268334,touchmove,419,198,1645232461049
42268335,touchmove,376,365,1645232461057
42268334,touchmove,418,202,1645232461057
42268335,touchmove,376,363,1645232461066
42268334,touchmove,417,205,1645232461066
42268335,touchmove,378,361,1645232461074
42268334,touchmove,416,210,1645232461074
42268334,touchend,0,0,1645232461082
42268335,touchend,0,0,1645232461082
42268336,touchdown,803,186,1645232461605
42268337,touchdown,586,451,1645232461620
42268337,touchmove,595,453,1645232461641
42268336,touchmove,797,189,1645232461649
42268337,touchmove,597,453,1645232461649
42268336,touchmove,795,191,1645232461658
42268337,touchmove,599,453,1645232461658
42268336,touchmove,792,193,1645232461666
42268337,touchmove,601,452,1645232461666
42268336,touchmove,788,196,1645232461674
42268337,touchmove,603,451,1645232461674
42268336,touchmove,783,200,1645232461683
42268337,touchmove,605,450,1645232461683
42268336,touchmove,775,204,1645232461691
42268337,touchmove,608,448,1645232461691
42268336,touchmove,768,208,1645232461699
42268337,touchmove,609,447,1645232461699
42268336,touchmove,760,212,1645232461708
42268337,touchmove,610,446,1645232461708
42268336,touchmove,752,217,1645232461716
42268337,touchmove,612,444,1645232461716
42268336,touchmove,746,221,1645232461724
42268337,touchmove,613,443,1645232461724
42268336,touchmove,739,225,1645232461733
42268337,touchmove,614,442,1645232461733
42268336,touchmove,733,229,1645232461741
42268337,touchmove,615,440,1645232461741
42268336,touchmove,727,233,1645232461749
42268337,touchmove,615,438,1645232461749
42268336,touchmove,722,238,1645232461758
42268337,touchmove,616,436,1645232461758
42268336,touchmove,716,242,1645232461766
42268337,touchmove,617,434,1645232461766
42268336,touchmove,712,247,1645232461774
42268337,touchmove,618,431,1645232461774
42268336,touchmove,707,251,1645232461783
42268337,touchmove,619,429,1645232461783
42268336,touchmove,702,256,1645232461791
42268337,touchmove,619,426,1645232461791
42268336,touchmove,698,259,1645232461799
42268337,touchmove,620,423,1645232461799
42268336,touchmove,694,264,1645232461808
42268337,touchmove,621,420,1645232461808
42268336,touchmove,690,268,1645232461816
42268337,touchmove,623,416,1645232461816
42268336,touchmove,686,271,1645232461824
42268337,touchmove,624,413,1645232461824
42268336,touchmove,683,274,1645232461833
42268337,touchmove,625,411,1645232461833
42268336,touchmove,681,277,1645232461841
42268337,touchmove,626,407,1645232461841
42268336,touchmove,679,279,1645232461849
42268337,touchmove,627,405,1645232461849
42268336,touchmove,677,282,1645232461858
42268337,touchmove,628,402,1645232461858
42268337,touchmove,629,399,1645232461866
42268336,touchmove,677,284,1645232461866
42268336,touchmove,676,286,1645232461874
42268337,touchmove,629,397,1645232461874
42268336,touchmove,675,289,1645232461883
42268337,touchmove,630,395,1645232461883
42268337,touchend,0,0,1645232461891
42268336,touchmove,673,291,1645232461891
42268336,touchmove,671,294,1645232461899
42268336,touchmove,669,296,1645232461908
42268336,touchmove,667,298,1645232461916
42268336,touchend,0,0,1645232461924
42268338,touchdown,464,149,1645232462388
42268339,touchdown,357,411,1645232462403
42268339,touchmove,364,409,1645232462433
42268339,touchmove,366,408,1645232462441
42268339,touchmove,369,406,1645232462450
42268339,touchmove,371,402,1645232462458
42268338,touchmove,462,156,1645232462458
42268338,touchmove,459,159,1645232462466
42268339,touchmove,373,400,1645232462466
42268338,touchmove,456,163,1645232462475
42268339,touchmove,375,397,1645232462475
42268338,touchmove,453,168,1645232462483
42268339,touchmove,378,395,1645232462483
42268338,touchmove,448,173,1645232462491
42268339,touchmove,379,393,1645232462492
42268338,touchmove,444,178,1645232462500
42268339,touchmove,380,392,1645232462500
42268338,touchmove,439,182,1645232462508
42268339,touchmove,381,392,1645232462508
42268338,touchmove,435,187,1645232462516
42268338,touchmove,431,191,1645232462525
42268338,touchmove,427,195,1645232462533
42268338,touchmove,423,199,1645232462541
42268338,touchmove,421,203,1645232462550
42268338,touchmove,417,208,1645232462558
42268339,touchmove,380,392,1645232462558
42268338,touchmove,413,213,1645232462566
42268339,touchmove,380,391,1645232462567
42268338,touchmove,410,217,1645232462575
42268339,touchmove,379,391,1645232462575
42268338,touchmove,406,223,1645232462583
42268339,touchmove,378,391,1645232462583
42268338,touchmove,403,228,1645232462592
42268339,touchmove,378,390,1645232462592
42268338,touchmove,400,232,1645232462600
42268338,touchmove,397,236,1645232462608
42268339,touchmove,377,390,1645232462600
42268339,touchmove,376,390,1645232462608
42268338,touchmove,394,239,1645232462617
42268339,touchmove,375,389,1645232462625
42268338,touchmove,392,243,1645232462625
42268338,touchmove,390,247,1645232462633
42268339,touchmove,374,388,1645232462633
42268338,touchmove,389,250,1645232462641
42268339,touchmove,374,387,1645232462641
42268338,touchmove,388,253,1645232462650
42268339,touchmove,373,386,1645232462650
42268338,touchmove,387,257,1645232462658
42268339,touchmove,373,384,1645232462658
42268338,touchmove,385,259,1645232462666
42268339,touchmove,373,383,1645232462667
42268339,touchend,0,0,1645232462675
42268338,touchmove,384,262,1645232462675
42268338,touchmove,383,266,1645232462683
42268338,touchmove,382,269,1645232462691
42268338,touchmove,380,272,1645232462700
42268338,touchend,0,0,1645232462707
42268340,touchdown,783,190,1645232463162
42268341,touchdown,590,442,1645232463184
42268340,touchmove,781,195,1645232463200
42268340,touchmove,781,197,1645232463209
42268340,touchmove,779,200,1645232463217
42268341,touchmove,604,445,1645232463217
42268340,touchmove,776,202,1645232463225
42268341,touchmove,608,445,1645232463226
42268340,touchmove,774,205,1645232463233
42268341,touchmove,610,445,1645232463234
42268340,touchmove,770,209,1645232463242
42268341,touchmove,613,445,1645232463242
42268340,touchmove,766,212,1645232463250
42268341,touchmove,616,444,1645232463250
42268340,touchmove,762,216,1645232463259
42268341,touchmove,618,444,1645232463259
42268340,touchmove,757,220,1645232463267
42268341,touchmove,620,444,1645232463267
42268340,touchmove,753,223,1645232463275
42268340,touchmove,748,227,1645232463284
42268340,touchmove,743,230,1645232463292
42268341,touchmove,621,444,1645232463292
42268340,touchmove,738,233,1645232463300
42268340,touchmove,733,237,1645232463309
42268340,touchmove,727,240,1645232463317
42268341,touchmove,621,443,1645232463317
42268340,touchmove,723,243,1645232463325
42268340,touchmove,718,247,1645232463334
42268341,touchmove,621,442,1645232463334
42268340,touchmove,713,251,1645232463342
42268341,touchmove,621,441,1645232463342
42268340,touchmove,709,254,1645232463350
42268341,touchmove,621,439,1645232463350
42268341,touchmove,621,437,1645232463359
42268340,touchmove,704,258,1645232463359
42268340,touchmove,699,262,1645232463367
42268341,touchmove,621,436,1645232463367
42268341,touchmove,621,434,1645232463375
42268340,touchmove,694,266,1645232463375
42268340,touchmove,688,271,1645232463384
42268341,touchmove,621,431,1645232463384
42268340,touchmove,683,275,1645232463392
42268341,touchmove,620,429,1645232463392
42268340,touchmove,679,279,1645232463400
42268341,touchmove,620,427,1645232463400
42268341,touchmove,619,425,1645232463409
42268340,touchmove,674,284,1645232463409
42268340,touchmove,669,287,1645232463417
42268341,touchmove,618,423,1645232463417
42268340,touchmove,666,290,1645232463425
42268341,touchmove,617,421,1645232463425
42268340,touchmove,662,293,1645232463434
42268341,touchmove,616,420,1645232463434
42268340,touchmove,659,297,1645232463442
42268341,touchmove,615,418,1645232463442
42268340,touchmove,655,300,1645232463450
42268341,touchmove,614,417,1645232463450
42268340,touchmove,652,303,1645232463459
42268341,touchmove,613,416,1645232463459
42268340,touchmove,648,306,1645232463467
42268341,touchmove,611,415,1645232463467
42268341,touchmove,610,415,1645232463475
42268340,touchmove,645,309,1645232463475
42268340,touchmove,642,312,1645232463484
42268341,touchmove,609,415,1645232463484
42268341,touchend,0,0,1645232463491
42268340,touchmove,639,314,1645232463492
42268340,touchmove,636,317,1645232463500
42268340,touchmove,634,318,1645232463509
42268340,touchend,0,0,1645232463516
42268342,touchdown,549,158,1645232463972
42268343,touchdown,388,414,1645232463988
42268342,touchmove,544,162,1645232464018
42268342,touchmove,542,165,1645232464034
42268343,touchmove,396,410,1645232464034
42268342,touchmove,541,168,1645232464042
42268343,touchmove,398,408,1645232464043
42268342,touchmove,540,172,1645232464051
42268343,touchmove,399,407,1645232464051
42268342,touchmove,538,175,1645232464059
42268343,touchmove,401,405,1645232464059
42268342,touchmove,536,179,1645232464067
42268343,touchmove,403,403,1645232464067
42268342,touchmove,533,182,1645232464076
42268343,touchmove,404,402,1645232464076
42268343,touchmove,406,402,1645232464084
42268342,touchmove,526,191,1645232464092
42268343,touchmove,407,401,1645232464092
42268342,touchmove,521,196,1645232464101
42268343,touchmove,408,399,1645232464101
42268342,touchmove,517,200,1645232464109
42268343,touchmove,410,398,1645232464109
42268342,touchmove,512,205,1645232464117
42268343,touchmove,411,397,1645232464117
42268342,touchmove,507,209,1645232464126
42268343,touchmove,412,397,1645232464126
42268342,touchmove,502,214,1645232464134
42268343,touchmove,414,396,1645232464134
42268342,touchmove,498,218,1645232464142
42268343,touchmove,414,395,1645232464142
42268342,touchmove,493,222,1645232464151
42268343,touchmove,415,394,1645232464151
42268342,touchmove,488,227,1645232464159
42268343,touchmove,415,393,1645232464159
42268342,touchmove,484,231,1645232464167
42268342,touchmove,481,235,1645232464176
42268343,touchmove,415,392,1645232464176
42268342,touchmove,477,239,1645232464184
42268343,touchmove,415,390,1645232464184
42268342,touchmove,473,243,1645232464192
42268343,touchmove,415,389,1645232464192
42268342,touchmove,469,247,1645232464201
42268343,touchmove,415,388,1645232464201
42268342,touchmove,465,252,1645232464209
42268342,touchmove,462,256,1645232464217
42268343,touchmove,413,385,1645232464217
42268343,touchmove,414,387,1645232464209
42268342,touchmove,458,261,1645232464226
42268343,touchmove,412,383,1645232464226
42268342,touchmove,454,265,1645232464234
42268343,touchmove,410,381,1645232464235
42268342,touchmove,451,269,1645232464242
42268343,touchmove,409,379,1645232464243
42268343,touchend,0,0,1645232464251
42268342,touchmove,448,272,1645232464251
42268342,touchmove,445,276,1645232464259
42268342,touchmove,443,280,1645232464268
42268342,touchend,0,0,1645232464284
42268342,touchmove,440,284,1645232464276
42268344,touchdown,799,219,1645232464740
42268345,touchdown,613,439,1645232464752
42268344,touchmove,795,224,1645232464776
42268345,touchmove,620,440,1645232464776
42268344,touchmove,793,225,1645232464785
42268345,touchmove,622,440,1645232464785
42268344,touchmove,792,227,1645232464793
42268345,touchmove,625,440,1645232464793
42268344,touchmove,789,229,1645232464801
42268345,touchmove,628,439,1645232464801
42268344,touchmove,786,232,1645232464809
42268345,touchmove,630,438,1645232464809
42268344,touchmove,782,234,1645232464818
42268345,touchmove,632,437,1645232464818
42268344,touchmove,778,237,1645232464826
42268345,touchmove,634,436,1645232464826
42268344,touchmove,773,240,1645232464834
42268345,touchmove,635,436,1645232464834
42268344,touchmove,769,243,1645232464843
42268345,touchmove,637,436,1645232464843
42268344,touchmove,764,247,1645232464851
42268345,touchmove,638,436,1645232464851
42268344,touchmove,760,250,1645232464859
42268344,touchmove,756,253,1645232464868
42268345,touchmove,639,436,1645232464868
42268344,touchmove,751,257,1645232464876
42268344,touchmove,747,261,1645232464884
42268345,touchmove,641,436,1645232464884
42268344,touchmove,743,265,1645232464893
42268344,touchmove,738,269,1645232464901
42268345,touchmove,642,436,1645232464901
42268344,touchmove,733,274,1645232464910
42268345,touchmove,643,436,1645232464910
42268344,touchmove,729,278,1645232464918
42268344,touchmove,723,284,1645232464926
42268345,touchmove,644,436,1645232464926
42268344,touchmove,718,289,1645232464935
42268344,touchmove,713,294,1645232464943
42268345,touchmove,645,436,1645232464943
42268344,touchmove,708,299,1645232464951
42268344,touchmove,703,304,1645232464959
42268345,touchmove,645,435,1645232464960
42268344,touchmove,698,308,1645232464968
42268344,touchmove,693,313,1645232464976
42268344,touchmove,688,317,1645232464984
42268345,touchmove,643,434,1645232464985
42268344,touchmove,682,322,1645232464993
42268345,touchmove,642,434,1645232464993
42268344,touchmove,679,326,1645232465001
42268345,touchmove,640,432,1645232465001
42268344,touchmove,675,329,1645232465009
42268345,touchmove,639,431,1645232465009
42268344,touchmove,670,332,1645232465018
42268345,touchmove,637,430,1645232465018
42268344,touchmove,666,336,1645232465026
42268345,touchmove,636,429,1645232465026
42268345,touchend,0,0,1645232465034
42268344,touchmove,662,338,1645232465034
42268344,touchmove,657,341,1645232465043
42268344,touchmove,653,343,1645232465051
42268344,touchmove,650,345,1645232465059
42268344,touchend,0,0,1645232465067
42268346,touchdown,507,176,1645232465524
42268347,touchdown,421,347,1645232465536
42268346,touchmove,502,178,1645232465576
42268346,touchmove,502,180,1645232465585
42268346,touchmove,500,182,1645232465593
42268346,touchmove,498,185,1645232465602
42268346,touchmove,495,189,1645232465610
42268346,touchmove,491,193,1645232465618
42268346,touchmove,486,198,1645232465627
42268346,touchmove,482,203,1645232465635
42268346,touchmove,478,208,1645232465643
42268346,touchmove,473,213,1645232465652
42268346,touchmove,468,218,1645232465660
42268346,touchmove,464,223,1645232465668
42268346,touchmove,460,228,1645232465677
42268346,touchmove,456,233,1645232465685
42268346,touchmove,452,237,1645232465693
42268346,touchmove,449,241,1645232465702
42268346,touchmove,445,245,1645232465710
42268346,touchmove,441,249,1645232465718
42268346,touchmove,438,253,1645232465727
42268346,touchmove,435,256,1645232465735
42268346,touchmove,433,259,1645232465744
42268346,touchmove,431,261,1645232465752
42268346,touchmove,429,263,1645232465760
42268346,touchmove,428,264,1645232465768
42268346,touchmove,427,265,1645232465777
42268346,touchmove,427,266,1645232465793
42268347,touchend,0,0,1645232465826
42268346,touchmove,426,267,1645232465835
42268346,touchmove,426,268,1645232465852
42268346,touchend,0,0,1645232465859
