42233210,touchdown,919,575,1644642787152
42233210,touchend,0,0,1644642787245
42233211,touchdown,792,581,1644642787944
42233211,touchend,0,0,1644642788013
42233212,touchdown,653,567,1644642788718
42233212,touchmove,652,566,1644642788771
42233212,touchmove,652,567,1644642788780
42233212,touchmove,652,568,1644642788789
42233212,touchend,0,0,1644642788838
42233213,touchdown,530,553,1644642789520
42233213,touchmove,529,554,1644642789580
42233213,touchmove,529,555,1644642789606
42233213,touchend,0,0,1644642789613
42233214,touchdown,382,559,1644642790294
42233214,touchmove,382,557,1644642790347
42233214,touchmove,382,558,1644642790356
42233214,touchmove,382,559,1644642790364
42233214,touchmove,383,559,1644642790373
42233214,touchmove,383,560,1644642790381
42233214,touchmove,383,561,1644642790389
42233214,touchmove,384,561,1644642790406
42233214,touchend,0,0,1644642790414
42233215,touchdown,284,555,1644642791070
42233215,touchmove,282,553,1644642791106
42233215,touchmove,282,555,1644642791115
42233215,touchmove,282,556,1644642791123
42233215,touchmove,282,557,1644642791131
42233215,touchmove,282,559,1644642791140
42233215,touchmove,282,560,1644642791156
42233215,touchmove,282,558,1644642791198
42233215,touchend,0,0,1644642791206
42233216,touchdown,275,425,1644642791853
42233216,touchmove,274,423,1644642791914
42233216,touchmove,274,424,1644642791924
42233216,touchmove,274,425,1644642791932
42233216,touchend,0,0,1644642791964
42233217,touchdown,415,420,1644642792638
42233217,touchend,0,0,1644642792740
42233218,touchdown,536,430,1644642793429
42233218,touchend,0,0,1644642793515
42233219,touchdown,663,439,1644642794188
42233219,touchmove,663,436,1644642794249
42233219,touchmove,663,437,1644642794258
42233219,touchend,0,0,1644642794274
42233220,touchdown,802,446,1644642794930
42233220,touchend,0,0,1644642795033
42233221,touchdown,918,434,1644642795715
42233221,touchend,0,0,1644642795808
42233222,touchdown,906,313,1644642796481
42233222,touchend,0,0,1644642796559
42233223,touchdown,783,298,1644642797231
42233223,touchend,0,0,1644642797317
42233224,touchdown,659,301,1644642797998
42233224,touchend,0,0,1644642798076
42233225,touchdown,535,298,1644642798766
42233225,touchmove,535,294,1644642798818
42233225,touchmove,535,295,1644642798827
42233225,touchmove,535,296,1644642798836
42233225,touchend,0,0,1644642798851
42233226,touchdown,407,306,1644642799550
42233226,touchmove,404,304,1644642799594
42233226,touchmove,404,305,1644642799603
42233226,touchmove,404,306,1644642799611
42233226,touchmove,405,307,1644642799619
42233226,touchend,0,0,1644642799627
42233227,touchdown,265,296,1644642800325
42233227,touchend,0,0,1644642800419
42233228,touchdown,285,157,1644642801092
42233228,touchend,0,0,1644642801161
42233229,touchdown,407,170,1644642801817
42233229,touchmove,406,170,1644642801862
42233229,touchmove,406,171,1644642801870
42233229,touchmove,406,172,1644642801879
42233229,touchmove,406,173,1644642801896
42233229,touchend,0,0,1644642801903
42233230,touchdown,535,174,1644642802535
42233230,touchmove,535,175,1644642802604
42233230,touchend,0,0,1644642802612
42233231,touchdown,670,180,1644642803311
42233231,touchend,0,0,1644642803388
42233232,touchdown,787,167,1644642804053
42233232,touchmove,789,163,1644642804096
42233232,touchmove,789,164,1644642804105
42233232,touchmove,789,166,1644642804113
42233232,touchmove,789,167,1644642804122
42233232,touchmove,790,169,1644642804130
42233232,touchend,0,0,1644642804138
42233233,touchdown,916,181,1644642804761
42233233,touchmove,917,178,1644642804772
42233233,touchmove,917,176,1644642804778
42233233,touchmove,917,177,1644642804805
42233233,touchmove,917,178,1644642804814
42233233,touchmove,917,179,1644642804822
42233233,touchmove,917,180,1644642804839
42233233,touchmove,916,181,1644642804847
42233233,touchend,0,0,1644642804855
42233234,touchdown,926,53,1644642805587
42233234,touchend,0,0,1644642805630
42233235,touchdown,798,39,1644642806303
42233235,touchend,0,0,1644642806372
42233236,touchdown,661,47,1644642807027
42233236,touchend,0,0,1644642807106
42233237,touchdown,540,52,1644642807805
42233237,touchend,0,0,1644642807873
42233238,touchdown,399,48,1644642808521
42233238,touchmove,398,48,1644642808565
42233238,touchmove,398,49,1644642808574
42233238,touchmove,398,51,1644642808583
42233238,touchmove,397,52,1644642808591
42233238,touchmove,396,53,1644642808599
42233238,touchmove,395,53,1644642808608
42233238,touchend,0,0,1644642808615
42233239,touchdown,278,53,1644642809271
42233239,touchend,0,0,1644642809341
42233240,touchdown,267,174,1644642810039
42233240,touchend,0,0,1644642810116
42233241,touchdown,412,177,1644642810771
42233241,touchmove,411,173,1644642810780
42233241,touchmove,411,170,1644642810787
42233241,touchmove,411,169,1644642810792
42233241,touchmove,412,170,1644642810825
42233241,touchmove,412,172,1644642810834
42233241,touchmove,413,172,1644642810842
42233241,touchmove,413,173,1644642810850
42233241,touchmove,414,174,1644642810859
42233241,touchmove,415,175,1644642810867
42233241,touchend,0,0,1644642810874
42233242,touchdown,517,164,1644642811523
42233242,touchmove,517,163,1644642811567
42233242,touchmove,517,164,1644642811576
42233242,touchmove,517,165,1644642811584
42233242,touchmove,517,166,1644642811593
42233242,touchmove,517,167,1644642811601
42233242,touchmove,518,167,1644642811609
42233242,touchend,0,0,1644642811617
42233243,touchdown,647,185,1644642812248
42233243,touchmove,647,180,1644642812258
42233243,touchmove,647,176,1644642812265
42233243,touchmove,647,174,1644642812268
42233243,touchmove,647,176,1644642812292
42233243,touchmove,647,177,1644642812301
42233243,touchmove,647,181,1644642812318
42233243,touchmove,647,179,1644642812309
42233243,touchmove,647,183,1644642812326
42233243,touchend,0,0,1644642812334
42233244,touchdown,804,178,1644642812990
42233244,touchmove,805,177,1644642813034
42233244,touchmove,805,179,1644642813043
42233244,touchmove,805,180,1644642813052
42233244,touchmove,805,182,1644642813060
42233244,touchmove,804,183,1644642813068
42233244,touchend,0,0,1644642813076
42233245,touchdown,918,189,1644642813706
42233245,touchend,0,0,1644642813785
42233246,touchdown,938,318,1644642814433
42233246,touchend,0,0,1644642814510
42233247,touchdown,779,318,1644642815174
42233247,touchend,0,0,1644642815252
42233248,touchdown,663,314,1644642815908
42233248,touchmove,665,309,1644642815918
42233248,touchmove,665,307,1644642815924
42233248,touchmove,665,306,1644642815928
42233248,touchmove,665,308,1644642815952
42233248,touchmove,665,309,1644642815961
42233248,touchmove,663,311,1644642815970
42233248,touchmove,661,312,1644642815978
42233248,touchend,0,0,1644642815986
42233249,touchdown,512,319,1644642816709
42233249,touchmove,512,314,1644642816718
42233249,touchmove,512,311,1644642816725
42233249,touchmove,512,312,1644642816753
42233249,touchmove,512,313,1644642816770
42233249,touchmove,512,314,1644642816779
42233249,touchend,0,0,1644642816795
42233250,touchdown,388,306,1644642817467
42233250,touchmove,388,301,1644642817477
42233250,touchmove,388,297,1644642817484
42233250,touchmove,388,296,1644642817487
42233250,touchmove,388,298,1644642817511
42233250,touchmove,388,299,1644642817521
42233250,touchmove,388,300,1644642817537
42233250,touchmove,388,301,1644642817546
42233250,touchmove,388,302,1644642817554
42233250,touchend,0,0,1644642817562
42233251,touchdown,275,318,1644642818242
42233251,touchmove,275,315,1644642818253
42233251,touchmove,275,312,1644642818259
42233251,touchmove,275,313,1644642818287
42233251,touchmove,275,314,1644642818304
42233251,touchend,0,0,1644642818337
42233252,touchdown,271,437,1644642819010
42233252,touchmove,269,437,1644642819054
42233252,touchmove,269,438,1644642819063
42233252,touchmove,270,439,1644642819072
42233252,touchmove,271,440,1644642819080
42233252,touchend,0,0,1644642819088
42233253,touchdown,407,441,1644642819776
42233253,touchend,0,0,1644642819855
42233254,touchdown,534,448,1644642820503
42233254,touchend,0,0,1644642820563
42233255,touchdown,672,438,1644642821219
42233255,touchend,0,0,1644642821280
42233256,touchdown,792,449,1644642821927
42233256,touchend,0,0,1644642821989
42233257,touchdown,923,440,1644642822670
42233257,touchend,0,0,1644642822748
42233258,touchdown,925,569,1644642823388
42233258,touchend,0,0,1644642823456
42233259,touchdown,770,585,1644642824162
42233259,touchend,0,0,1644642824224
42233260,touchdown,650,573,1644642824946
42233260,touchmove,651,570,1644642824957
42233260,touchmove,651,568,1644642824963
42233260,touchmove,651,569,1644642825000
42233260,touchmove,650,570,1644642825017
42233260,touchmove,649,571,1644642825025
42233260,touchend,0,0,1644642825032
42233261,touchdown,519,568,1644642825714
42233261,touchend,0,0,1644642825792
42233262,touchdown,395,566,1644642826479
42233262,touchend,0,0,1644642826542
42233263,touchdown,260,578,1644642827206
42233263,touchend,0,0,1644642827283
42233264,touchdown,264,457,1644642827931
42233264,touchmove,264,456,1644642827992
42233264,touchmove,264,457,1644642828002
42233264,touchmove,264,458,1644642828010
42233264,touchend,0,0,1644642828026
42233265,touchdown,393,428,1644642828690
42233265,touchmove,392,427,1644642828734
42233265,touchmove,392,428,1644642828752
42233265,touchmove,392,429,1644642828760
42233265,touchend,0,0,1644642828768
42233266,touchdown,543,437,1644642829408
42233266,touchmove,541,435,1644642829452
42233266,touchmove,541,437,1644642829461
42233266,touchmove,541,438,1644642829477
42233266,touchmove,540,438,1644642829486
42233266,touchend,0,0,1644642829501
42233267,touchdown,654,434,1644642830158
42233267,touchend,0,0,1644642830227
42233268,touchmove,789,442,1644642830861
42233268,touchdown,789,445,1644642830851
42233268,touchmove,789,438,1644642830868
42233268,touchmove,789,436,1644642830871
42233268,touchend,0,0,1644642830936
42233269,touchdown,945,441,1644642831583
42233269,touchmove,945,440,1644642831636
42233269,touchmove,945,441,1644642831645
42233269,touchmove,945,442,1644642831654
42233269,touchmove,945,443,1644642831670
42233269,touchend,0,0,1644642831678
42233270,touchdown,917,300,1644642832335
42233270,touchend,0,0,1644642832420
42233271,touchdown,800,305,1644642833101
42233271,touchmove,800,299,1644642833115
42233271,touchmove,800,298,1644642833121
42233271,touchmove,800,299,1644642833154
42233271,touchmove,800,300,1644642833163
42233271,touchmove,800,302,1644642833171
42233271,touchend,0,0,1644642833179
42233272,touchdown,650,304,1644642833844
42233272,touchend,0,0,1644642833904
42233273,touchdown,523,297,1644642834577
42233273,touchend,0,0,1644642834655
42233274,touchdown,388,318,1644642835344
42233274,touchend,0,0,1644642835422
42233275,touchdown,262,313,1644642836104
42233275,touchend,0,0,1644642836172
42233276,touchdown,280,178,1644642836836
42233276,touchend,0,0,1644642836922
42233277,touchdown,416,172,1644642837612
42233277,touchend,0,0,1644642837673
42233278,touchdown,538,169,1644642838345
42233278,touchmove,538,166,1644642838407
42233278,touchend,0,0,1644642838415
42233279,touchdown,665,175,1644642839087
42233279,touchend,0,0,1644642839132
42233280,touchdown,812,184,1644642839787
42233280,touchmove,810,178,1644642839832
42233280,touchmove,808,179,1644642839841
42233280,touchend,0,0,1644642839849
42233281,touchdown,929,189,1644642840547
42233281,touchend,0,0,1644642840608
42233282,touchdown,929,55,1644642841281
42233282,touchend,0,0,1644642841333
42233283,touchdown,797,41,1644642842021
42233283,touchmove,796,36,1644642842032
42233283,touchmove,796,34,1644642842039
42233283,touchmove,796,33,1644642842042
42233283,touchmove,796,34,1644642842067
42233283,touchmove,795,35,1644642842076
42233283,touchmove,793,37,1644642842084
42233283,touchend,0,0,1644642842092
42233284,touchdown,667,53,1644642842781
42233284,touchmove,667,50,1644642842791
42233284,touchmove,667,47,1644642842797
42233284,touchmove,667,45,1644642842801
42233284,touchmove,667,46,1644642842842
42233284,touchmove,666,48,1644642842851
42233284,touchmove,665,49,1644642842860
42233284,touchend,0,0,1644642842867
42233285,touchdown,548,41,1644642843591
42233285,touchend,0,0,1644642843634
42233286,touchdown,407,36,1644642844341
42233286,touchmove,406,33,1644642844351
42233286,touchmove,406,31,1644642844358
42233286,touchmove,406,30,1644642844362
42233286,touchmove,406,29,1644642844369
42233286,touchmove,407,29,1644642844377
42233286,touchmove,408,29,1644642844385
42233286,touchmove,410,31,1644642844394
42233286,touchend,0,0,1644642844401
42233287,touchdown,279,48,1644642845114
42233287,touchend,0,0,1644642845177
42233288,touchdown,264,159,1644642845875
42233288,touchend,0,0,1644642845919
42233289,touchdown,401,182,1644642846642
42233289,touchend,0,0,1644642846694
42233290,touchdown,532,183,1644642847360
42233290,touchend,0,0,1644642847403
42233291,touchmove,667,186,1644642848068
42233291,touchdown,667,191,1644642848059
42233291,touchmove,667,183,1644642848075
42233291,touchmove,667,182,1644642848079
42233291,touchmove,668,182,1644642848096
42233291,touchmove,668,184,1644642848112
42233291,touchend,0,0,1644642848120
42233292,touchdown,789,184,1644642848801
42233292,touchmove,789,178,1644642848821
42233292,touchmove,789,179,1644642848815
42233292,touchend,0,0,1644642848854
42233293,touchdown,916,188,1644642849561
42233293,touchend,0,0,1644642849604
42233294,touchdown,932,312,1644642850235
42233294,touchmove,931,309,1644642850245
42233294,touchmove,931,306,1644642850252
42233294,touchmove,931,304,1644642850255
42233294,touchend,0,0,1644642850296
42233295,touchdown,812,325,1644642850978
42233295,touchend,0,0,1644642851022
42233296,touchdown,668,298,1644642851720
42233296,touchmove,668,292,1644642851731
42233296,touchmove,668,288,1644642851737
42233296,touchmove,668,287,1644642851741
42233296,touchmove,668,288,1644642851763
42233296,touchmove,669,289,1644642851773
42233296,touchend,0,0,1644642851780
42233297,touchdown,520,297,1644642852462
42233297,touchmove,517,293,1644642852472
42233297,touchmove,517,290,1644642852479
42233297,touchmove,517,289,1644642852482
42233297,touchmove,517,290,1644642852507
42233297,touchmove,517,291,1644642852515
42233297,touchmove,517,292,1644642852523
42233297,touchend,0,0,1644642852531
42233298,touchdown,398,301,1644642853229
42233298,touchmove,396,298,1644642853239
42233298,touchmove,396,296,1644642853245
42233298,touchmove,395,296,1644642853249
42233298,touchmove,394,296,1644642853265
42233298,touchmove,393,297,1644642853282
42233298,touchmove,393,299,1644642853299
42233298,touchend,0,0,1644642853307
42233299,touchdown,274,304,1644642853986
42233299,touchend,0,0,1644642854040
42233300,touchdown,272,396,1644642854737
42233300,touchmove,268,394,1644642854799
42233300,touchend,0,0,1644642854824
42233301,touchdown,403,423,1644642855513
42233301,touchmove,403,420,1644642855523
42233301,touchmove,403,417,1644642855530
42233301,touchmove,403,416,1644642855533
42233301,touchmove,404,416,1644642855542
42233301,touchmove,405,416,1644642855550
42233301,touchmove,407,417,1644642855558
42233301,touchend,0,0,1644642855566
42233302,touchdown,539,436,1644642856273
42233302,touchend,0,0,1644642856333
42233303,touchdown,656,449,1644642857047
42233303,touchend,0,0,1644642857108
42233304,touchdown,790,446,1644642857798
42233304,touchmove,789,443,1644642857808
42233304,touchmove,789,440,1644642857814
42233304,touchmove,789,439,1644642857818
42233304,touchmove,789,438,1644642857826
42233304,touchend,0,0,1644642857859
42233305,touchdown,912,456,1644642858558
42233305,touchend,0,0,1644642858601
42233306,touchdown,926,557,1644642859315
42233306,touchend,0,0,1644642859368
42233307,touchdown,805,579,1644642860033
42233307,touchend,0,0,1644642860102
42233308,touchdown,666,573,1644642860765
42233308,touchmove,663,570,1644642860775
42233308,touchmove,663,568,1644642860782
42233308,touchmove,663,569,1644642860820
42233308,touchmove,664,571,1644642860828
42233308,touchend,0,0,1644642860836
42233309,touchdown,513,590,1644642861525
42233309,touchend,0,0,1644642861603
42233310,touchdown,382,564,1644642862310
42233310,touchmove,379,559,1644642862320
42233310,touchmove,379,556,1644642862327
42233310,touchmove,379,557,1644642862362
42233310,touchmove,381,559,1644642862371
42233310,touchmove,383,560,1644642862379
42233310,touchend,0,0,1644642862387
42233311,touchdown,261,575,1644642863092
42233311,touchend,0,0,1644642863145
42233312,touchdown,264,436,1644642863885
42233312,touchend,0,0,1644642863962
42233313,touchdown,410,427,1644642864644
42233313,touchmove,410,424,1644642864688
42233313,touchmove,410,425,1644642864697
42233313,touchmove,410,427,1644642864705
42233313,touchend,0,0,1644642864713
42233314,touchdown,533,435,1644642865411
42233314,touchend,0,0,1644642865463
42233315,touchdown,657,455,1644642866112
42233315,touchend,0,0,1644642866155
42233316,touchdown,796,439,1644642866844
42233316,touchmove,795,438,1644642866889
42233316,touchmove,795,439,1644642866898
42233316,touchmove,795,441,1644642866906
42233316,touchmove,795,443,1644642866915
42233316,touchend,0,0,1644642866922
42233317,touchdown,905,462,1644642867586
42233317,touchmove,907,458,1644642867597
42233317,touchmove,907,455,1644642867603
42233317,touchmove,907,454,1644642867607
42233317,touchmove,908,454,1644642867615
42233317,touchmove,909,455,1644642867623
42233317,touchmove,910,458,1644642867632
42233317,touchmove,911,460,1644642867640
42233317,touchend,0,0,1644642867647
42233318,touchdown,923,304,1644642868430
42233318,touchend,0,0,1644642868490
42233319,touchdown,802,303,1644642869222
42233319,touchmove,800,298,1644642869233
42233319,touchmove,800,297,1644642869241
42233319,touchend,0,0,1644642869282
42233320,touchdown,670,315,1644642869996
42233320,touchmove,672,313,1644642870006
42233320,touchmove,674,310,1644642870013
42233320,touchmove,677,309,1644642870017
42233320,touchmove,681,308,1644642870025
42233320,touchend,0,0,1644642870033
42233321,touchdown,542,310,1644642870737
42233321,touchend,0,0,1644642870799
42233322,touchdown,392,297,1644642871490
42233322,touchmove,391,290,1644642871509
42233322,touchmove,391,289,1644642871517
42233322,touchmove,392,289,1644642871525
42233322,touchmove,393,289,1644642871534
42233322,touchend,0,0,1644642871541
42233323,touchdown,284,318,1644642872247
42233323,touchend,0,0,1644642872300
42233324,touchdown,293,162,1644642873016
42233324,touchend,0,0,1644642873059
42233325,touchdown,406,180,1644642873731
42233325,touchmove,405,177,1644642873742
42233325,touchmove,405,175,1644642873748
42233325,touchmove,405,174,1644642873752
42233325,touchend,0,0,1644642873784
42233326,touchdown,529,160,1644642874474
42233326,touchmove,528,157,1644642874484
42233326,touchmove,528,154,1644642874490
42233326,touchmove,528,153,1644642874494
42233326,touchmove,528,155,1644642874519
42233326,touchmove,528,158,1644642874527
42233326,touchend,0,0,1644642874534
42233327,touchdown,651,165,1644642875207
42233327,touchmove,652,162,1644642875218
42233327,touchmove,652,159,1644642875224
42233327,touchmove,652,158,1644642875228
42233327,touchmove,654,161,1644642875252
42233327,touchmove,656,163,1644642875261
42233327,touchmove,657,166,1644642875269
42233327,touchend,0,0,1644642875276
42233328,touchdown,803,182,1644642875950
42233328,touchmove,805,176,1644642875970
42233328,touchmove,805,175,1644642875978
42233328,touchend,0,0,1644642876010
42233329,touchdown,928,177,1644642876674
42233329,touchmove,929,176,1644642876728
42233329,touchend,0,0,1644642876736
42233330,touchdown,930,331,1644642877435
42233330,touchend,0,0,1644642877478
42233331,touchdown,782,324,1644642878126
42233331,touchmove,780,318,1644642878136
42233331,touchmove,780,313,1644642878142
42233331,touchmove,780,310,1644642878146
42233331,touchmove,780,311,1644642878170
42233331,touchmove,780,313,1644642878179
42233331,touchend,0,0,1644642878187
42233332,touchdown,660,316,1644642878926
42233332,touchmove,658,313,1644642878936
42233332,touchmove,658,311,1644642878942
42233332,touchmove,658,310,1644642878946
42233332,touchmove,657,310,1644642878954
42233332,touchmove,656,312,1644642878963
42233332,touchend,0,0,1644642878970
42233333,touchdown,683,437,1644642879677
42233333,touchmove,682,430,1644642879686
42233333,touchmove,682,425,1644642879692
42233333,touchmove,681,425,1644642879697
42233333,touchmove,681,426,1644642879721
42233333,touchmove,681,427,1644642879730
42233333,touchmove,681,429,1644642879738
42233333,touchmove,682,430,1644642879747
42233333,touchend,0,0,1644642879754
42233334,touchdown,778,446,1644642880461
42233334,touchmove,777,443,1644642880471
42233334,touchmove,777,441,1644642880478
42233334,touchmove,779,442,1644642880514
42233334,touchmove,781,444,1644642880522
42233334,touchend,0,0,1644642880530
42233335,touchdown,911,458,1644642881270
42233335,touchmove,912,452,1644642881280
42233335,touchmove,912,449,1644642881287
42233335,touchmove,912,448,1644642881291
42233335,touchmove,913,448,1644642881306
42233335,touchmove,915,449,1644642881314
42233335,touchmove,916,452,1644642881322
42233335,touchend,0,0,1644642881330
42233336,touchdown,905,598,1644642882011
42233336,touchend,0,0,1644642882064
42233337,touchdown,778,589,1644642882761
42233337,touchend,0,0,1644642882798
42233338,touchdown,689,537,1644642883571
42233338,touchmove,684,537,1644642883615
42233338,touchmove,684,538,1644642883624
42233338,touchmove,684,539,1644642883632
42233338,touchend,0,0,1644642883640
42233340,touchdown,506,592,1644642885064
42233340,touchmove,508,586,1644642885073
42233340,touchmove,508,582,1644642885080
42233340,touchmove,509,582,1644642885083
42233340,touchmove,509,581,1644642885124
42233340,touchmove,509,580,1644642885133
42233340,touchend,0,0,1644642885149
42233341,touchdown,401,546,1644642885831
42233341,touchend,0,0,1644642885908
42233342,touchdown,278,552,1644642886622
42233342,touchend,0,0,1644642886683
42233343,touchdown,261,444,1644642887331
42233343,touchend,0,0,1644642887392
42233344,touchdown,396,430,1644642888090
42233344,touchend,0,0,1644642888151
42233345,touchdown,533,439,1644642888849
42233345,touchmove,533,436,1644642888859
42233345,touchmove,533,434,1644642888866
42233345,touchmove,533,435,1644642888892
42233345,touchmove,532,436,1644642888902
42233345,touchmove,530,437,1644642888910
42233345,touchend,0,0,1644642888918
42233346,touchdown,535,285,1644642889584
42233346,touchmove,536,281,1644642889593
42233346,touchmove,536,278,1644642889600
42233346,touchmove,536,279,1644642889627
42233346,touchmove,535,282,1644642889635
42233346,touchend,0,0,1644642889643
42233347,touchdown,409,298,1644642890299
42233347,touchend,0,0,1644642890344
42233348,touchdown,272,294,1644642891018
42233348,touchmove,273,290,1644642891027
42233348,touchmove,273,287,1644642891034
42233348,touchmove,273,288,1644642891060
42233348,touchmove,272,289,1644642891070
42233348,touchmove,272,290,1644642891078
42233348,touchmove,272,292,1644642891086
42233348,touchend,0,0,1644642891094
42233349,touchdown,255,186,1644642891793
42233349,touchend,0,0,1644642891853
42233350,touchdown,397,154,1644642892509
42233350,touchmove,398,152,1644642892553
42233350,touchend,0,0,1644642892562
42233351,touchdown,523,173,1644642893269
42233351,touchend,0,0,1644642893320
42233352,touchdown,660,189,1644642894003
42233352,touchend,0,0,1644642894062
42233353,touchdown,779,174,1644642894785
42233353,touchend,0,0,1644642894821
42233354,touchdown,927,186,1644642895512
42233354,touchend,0,0,1644642895571
42233355,touchdown,921,48,1644642896253
42233355,touchmove,922,45,1644642896262
42233355,touchmove,922,42,1644642896268
42233355,touchmove,922,41,1644642896272
42233355,touchmove,922,40,1644642896281
42233355,touchend,0,0,1644642896305
42233356,touchdown,792,30,1644642897021
42233356,touchend,0,0,1644642897081
42233357,touchdown,664,55,1644642897721
42233357,touchmove,663,52,1644642897731
42233357,touchmove,663,50,1644642897738
42233357,touchmove,663,49,1644642897741
42233357,touchmove,662,50,1644642897773
42233357,touchend,0,0,1644642897781
42233358,touchdown,515,62,1644642898495
42233358,touchmove,515,59,1644642898505
42233358,touchmove,515,57,1644642898512
42233358,touchmove,515,55,1644642898515
42233358,touchend,0,0,1644642898539
42233359,touchdown,405,50,1644642899246
42233359,touchend,0,0,1644642899290
42233360,touchdown,259,43,1644642899997
42233360,touchmove,258,40,1644642900007
42233360,touchmove,258,38,1644642900014
42233360,touchmove,258,37,1644642900017
42233360,touchmove,258,36,1644642900025
42233360,touchmove,258,39,1644642900049
42233360,touchend,0,0,1644642900057
42233361,touchdown,264,176,1644642900725
42233361,touchmove,266,174,1644642900766
42233361,touchend,0,0,1644642900774
42233362,touchdown,397,187,1644642901430
42233362,touchmove,397,183,1644642901440
42233362,touchmove,397,180,1644642901446
42233362,touchmove,397,179,1644642901450
42233362,touchmove,397,178,1644642901467
42233362,touchend,0,0,1644642901499
42233363,touchdown,534,172,1644642902147
42233363,touchmove,534,168,1644642902208
42233363,touchend,0,0,1644642902217
42233364,touchdown,652,184,1644642902881
42233364,touchend,0,0,1644642902934
42233365,touchdown,801,184,1644642903598
42233365,touchmove,802,180,1644642903608
42233365,touchmove,802,177,1644642903614
42233365,touchmove,802,176,1644642903618
42233365,touchmove,802,177,1644642903635
42233365,touchmove,803,179,1644642903643
42233365,touchend,0,0,1644642903651
42233366,touchdown,920,165,1644642904358
42233366,touchmove,924,164,1644642904393
42233366,touchmove,924,167,1644642904402
42233366,touchend,0,0,1644642904410
42233367,touchdown,927,318,1644642905066
42233367,touchend,0,0,1644642905127
42233368,touchdown,801,303,1644642905817
42233368,touchmove,801,300,1644642905827
42233368,touchmove,801,298,1644642905834
42233368,touchmove,801,297,1644642905837
42233368,touchend,0,0,1644642905860
42233369,touchdown,657,298,1644642906585
42233369,touchmove,655,292,1644642906595
42233369,touchmove,655,291,1644642906603
42233369,touchend,0,0,1644642906627
42233370,touchdown,549,300,1644642907317
42233370,touchend,0,0,1644642907370
42233371,touchdown,390,298,1644642908043
42233371,touchmove,387,296,1644642908079
42233371,touchmove,387,298,1644642908087
42233371,touchmove,387,300,1644642908096
42233371,touchend,0,0,1644642908103
42233372,touchdown,281,293,1644642908826
42233372,touchend,0,0,1644642908879
42233373,touchdown,267,434,1644642909586
42233373,touchend,0,0,1644642909621
42233374,touchdown,384,453,1644642910302
42233374,touchmove,382,450,1644642910312
42233374,touchmove,382,446,1644642910319
42233374,touchmove,381,443,1644642910323
42233374,touchmove,381,442,1644642910330
42233374,touchend,0,0,1644642910363
42233375,touchdown,537,450,1644642911054
42233375,touchmove,533,445,1644642911067
42233375,touchmove,533,444,1644642911072
42233375,touchmove,533,443,1644642911081
42233375,touchend,0,0,1644642911105
42233376,touchdown,664,434,1644642911821
42233376,touchmove,665,430,1644642911831
42233376,touchmove,665,427,1644642911838
42233376,touchmove,663,429,1644642911864
42233376,touchend,0,0,1644642911872
42233377,touchdown,783,421,1644642912571
42233377,touchmove,783,418,1644642912581
42233377,touchmove,783,416,1644642912588
42233377,touchmove,783,415,1644642912591
42233377,touchmove,783,417,1644642912614
42233377,touchmove,782,418,1644642912623
42233377,touchend,0,0,1644642912631
42233378,touchdown,919,446,1644642913304
42233378,touchend,0,0,1644642913373
42233379,touchdown,912,588,1644642914070
42233379,touchmove,913,585,1644642914080
42233379,touchmove,914,581,1644642914091
42233379,touchmove,913,582,1644642914086
42233379,touchmove,916,581,1644642914107
42233379,touchmove,917,582,1644642914116
42233379,touchmove,919,583,1644642914124
42233379,touchend,0,0,1644642914131
42233380,touchdown,764,562,1644642914871
42233380,touchend,0,0,1644642914890
42233381,touchdown,653,558,1644642915606
42233381,touchend,0,0,1644642915657
42233382,touchdown,534,552,1644642916364
42233382,touchmove,533,549,1644642916373
42233382,touchmove,533,547,1644642916379
42233382,touchmove,533,546,1644642916383
42233382,touchmove,533,545,1644642916392
42233382,touchend,0,0,1644642916433
42233383,touchdown,427,561,1644642917115
42233383,touchmove,423,557,1644642917158
42233383,touchmove,423,558,1644642917167
42233383,touchmove,423,559,1644642917176
42233383,touchend,0,0,1644642917183
42233384,touchdown,255,572,1644642917873
42233384,touchmove,252,568,1644642917883
42233384,touchmove,252,566,1644642917889
42233384,touchmove,252,567,1644642917917
42233384,touchmove,252,568,1644642917926
42233384,touchmove,253,569,1644642917934
42233384,touchend,0,0,1644642917942
42233385,touchdown,243,467,1644642918641
42233385,touchend,0,0,1644642918709
42233386,touchdown,402,430,1644642919399
42233386,touchmove,397,429,1644642919443
42233386,touchmove,395,430,1644642919452
42233386,touchmove,394,430,1644642919460
42233386,touchend,0,0,1644642919468
42233387,touchdown,531,435,1644642920125
42233387,touchend,0,0,1644642920194
42233388,touchdown,660,437,1644642920849
42233388,touchend,0,0,1644642920919
42233389,touchdown,792,442,1644642921609
42233389,touchend,0,0,1644642921686
42233390,touchdown,934,428,1644642922402
42233390,touchmove,931,427,1644642922445
42233390,touchmove,931,429,1644642922454
42233390,touchmove,931,430,1644642922462
42233390,touchmove,931,431,1644642922471
42233390,touchend,0,0,1644642922478
42233391,touchdown,942,306,1644642923167
42233391,touchmove,943,302,1644642923177
42233391,touchmove,943,299,1644642923184
42233391,touchmove,943,298,1644642923187
42233391,touchmove,942,298,1644642923204
42233391,touchmove,940,300,1644642923212
42233391,touchmove,938,302,1644642923221
42233391,touchend,0,0,1644642923228
42233392,touchdown,778,313,1644642923943
42233392,touchend,0,0,1644642923987
42233393,touchdown,698,315,1644642925302
42233393,touchmove,699,309,1644642925317
42233393,touchmove,699,310,1644642925338
42233393,touchmove,698,312,1644642925347
42233393,touchmove,697,315,1644642925355
42233393,touchmove,696,317,1644642925364
42233393,touchmove,696,319,1644642925372
42233393,touchend,0,0,1644642925380
42233394,touchdown,561,290,1644642925994
42233394,touchmove,561,285,1644642926003
42233394,touchmove,561,280,1644642926014
42233394,touchmove,561,281,1644642926010
42233394,touchmove,561,279,1644642926022
42233394,touchmove,559,279,1644642926039
42233394,touchmove,557,280,1644642926047
42233394,touchmove,555,281,1644642926055
42233394,touchmove,552,283,1644642926064
42233394,touchmove,549,285,1644642926072
42233394,touchend,0,0,1644642926080
42233395,touchdown,388,289,1644642926645
42233395,touchend,0,0,1644642926705
42233396,touchdown,253,303,1644642927295
42233396,touchmove,252,299,1644642927305
42233396,touchmove,252,297,1644642927311
42233396,touchmove,252,296,1644642927315
42233396,touchmove,252,297,1644642927339
42233396,touchmove,252,298,1644642927348
42233396,touchmove,253,298,1644642927356
42233396,touchmove,254,299,1644642927365
42233396,touchend,0,0,1644642927372
42233397,touchdown,271,174,1644642928004
42233397,touchend,0,0,1644642928056
42233398,touchdown,418,170,1644642928663
42233398,touchmove,417,168,1644642928698
42233398,touchmove,416,170,1644642928707
42233398,touchmove,416,171,1644642928716
42233398,touchend,0,0,1644642928723
42233399,touchdown,519,171,1644642929338
42233399,touchmove,519,168,1644642929347
42233399,touchmove,519,166,1644642929353
42233399,touchmove,519,165,1644642929357
42233399,touchmove,520,165,1644642929390
42233399,touchmove,521,165,1644642929399
42233399,touchend,0,0,1644642929407
42233400,touchdown,639,171,1644642930022
42233400,touchmove,641,166,1644642930032
42233400,touchmove,642,163,1644642930039
42233400,touchmove,643,163,1644642930042
42233400,touchmove,643,164,1644642930065
42233400,touchmove,643,166,1644642930075
42233400,touchmove,642,168,1644642930083
42233400,touchend,0,0,1644642930090
42233401,touchdown,802,177,1644642930763
42233401,touchend,0,0,1644642930808
42233402,touchdown,910,185,1644642931457
42233402,touchmove,911,182,1644642931466
42233402,touchmove,911,180,1644642931473
42233402,touchmove,911,179,1644642931477
42233402,touchmove,910,180,1644642931508
42233402,touchmove,909,182,1644642931517
42233402,touchend,0,0,1644642931524
42233403,touchdown,914,297,1644642932199
42233403,touchmove,915,294,1644642932209
42233403,touchmove,915,292,1644642932215
42233403,touchmove,915,291,1644642932219
42233403,touchend,0,0,1644642932250
42233404,touchdown,802,303,1644642932932
42233404,touchend,0,0,1644642932975
42233405,touchdown,670,296,1644642933657
42233405,touchend,0,0,1644642933701
