42275013,touchdown,914,543,1645492965665
42275013,touchend,0,0,1645492965726
42275014,touchdown,778,553,1645492966183
42275014,touchend,0,0,1645492966243
42275015,touchdown,650,552,1645492966709
42275015,touchend,0,0,1645492966777
42275016,touchdown,513,546,1645492967225
42275016,touchend,0,0,1645492967302
42275017,touchdown,395,541,1645492967716
42275017,touchend,0,0,1645492967795
42275018,touchdown,245,550,1645492968218
42275018,touchend,0,0,1645492968270
42275019,touchdown,246,435,1645492968751
42275019,touchend,0,0,1645492968803
42275020,touchdown,389,411,1645492969276
42275020,touchend,0,0,1645492969337
42275021,touchend,0,0,1645492969804
42275021,touchdown,518,413,1645492969743
42275022,touchdown,665,425,1645492970210
42275022,touchend,0,0,1645492970304
42275023,touchdown,773,411,1645492970694
42275023,touchend,0,0,1645492970796
42275024,touchdown,913,430,1645492971160
42275024,touchend,0,0,1645492971230
42275025,touchdown,924,271,1645492971677
42275025,touchend,0,0,1645492971730
42275026,touchdown,788,283,1645492972184
42275026,touchend,0,0,1645492972247
42275027,touchdown,667,284,1645492972661
42275027,touchend,0,0,1645492972722
42275028,touchdown,514,291,1645492973145
42275028,touchend,0,0,1645492973197
42275029,touchdown,376,291,1645492973637
42275029,touchend,0,0,1645492973689
42275030,touchdown,248,295,1645492974153
42275030,touchend,0,0,1645492974223
42275031,touchdown,259,162,1645492974646
42275031,touchend,0,0,1645492974673
42275032,touchdown,383,165,1645492975172
42275032,touchend,0,0,1645492975223
42275033,touchdown,545,163,1645492975638
42275033,touchmove,544,168,1645492975707
42275033,touchend,0,0,1645492975716
42275034,touchdown,676,166,1645492976163
42275034,touchmove,676,167,1645492976208
42275034,touchmove,677,170,1645492976221
42275034,touchend,0,0,1645492976224
42275035,touchdown,784,168,1645492976631
42275035,touchend,0,0,1645492976699
42275036,touchdown,921,165,1645492977139
42275036,touchmove,920,168,1645492977183
42275036,touchmove,920,170,1645492977196
42275036,touchmove,920,171,1645492977205
42275036,touchmove,920,173,1645492977213
42275036,touchend,0,0,1645492977216
42275037,touchdown,925,27,1645492977648
42275037,touchmove,924,25,1645492977683
42275037,touchmove,924,29,1645492977697
42275037,touchend,0,0,1645492977700
42275038,touchdown,796,34,1645492978139
42275038,touchend,0,0,1645492978201
42275039,touchdown,670,19,1645492978664
42275039,touchend,0,0,1645492978709
42275040,touchdown,539,20,1645492979132
42275040,touchend,0,0,1645492979193
42275041,touchdown,406,21,1645492979657
42275041,touchend,0,0,1645492979718
42275042,touchdown,253,33,1645492980181
42275042,touchmove,252,31,1645492980235
42275042,touchmove,255,31,1645492980248
42275042,touchend,0,0,1645492980252
42275043,touchdown,266,156,1645492980675
42275043,touchend,0,0,1645492980752
42275044,touchdown,394,171,1645492981175
42275044,touchend,0,0,1645492981227
42275045,touchdown,536,155,1645492981683
42275045,touchmove,534,155,1645492981727
42275045,touchmove,534,158,1645492981741
42275045,touchmove,534,161,1645492981749
42275045,touchend,0,0,1645492981753
42275046,touchdown,665,165,1645492982185
42275046,touchmove,667,165,1645492982220
42275046,touchend,0,0,1645492982227
42275047,touchdown,803,153,1645492982642
42275047,touchmove,802,158,1645492982658
42275047,touchmove,802,162,1645492982675
42275047,touchmove,802,164,1645492982683
42275047,touchmove,802,167,1645492982691
42275047,touchend,0,0,1645492982694
42275048,touchdown,926,154,1645492983134
42275048,touchmove,924,150,1645492983144
42275048,touchmove,924,149,1645492983151
42275048,touchmove,922,149,1645492983166
42275048,touchmove,920,153,1645492983175
42275048,touchmove,919,157,1645492983183
42275048,touchmove,918,163,1645492983191
42275048,touchend,0,0,1645492983195
42275049,touchdown,923,316,1645492983652
42275049,touchmove,921,314,1645492983695
42275049,touchmove,924,317,1645492983709
42275049,touchend,0,0,1645492983712
42275050,touchdown,773,296,1645492984193
42275050,touchend,0,0,1645492984246
42275051,touchdown,659,298,1645492984685
42275051,touchend,0,0,1645492984737
42275052,touchdown,519,303,1645492985220
42275052,touchend,0,0,1645492985247
42275053,touchdown,394,271,1645492985686
42275053,touchend,0,0,1645492985730
42275054,touchdown,264,293,1645492986153
42275054,touchend,0,0,1645492986205
42275055,touchdown,267,442,1645492986686
42275055,touchmove,268,442,1645492986730
42275055,touchmove,271,443,1645492986744
42275055,touchend,0,0,1645492986747
42275056,touchdown,402,409,1645492987136
42275056,touchend,0,0,1645492987197
42275057,touchdown,536,416,1645492987678
42275057,touchmove,533,413,1645492987689
42275057,touchmove,533,411,1645492987696
42275057,touchmove,533,410,1645492987703
42275057,touchmove,533,411,1645492987722
42275057,touchmove,534,415,1645492987736
42275057,touchmove,535,418,1645492987744
42275057,touchend,0,0,1645492987747
42275058,touchdown,653,427,1645492988162
42275058,touchend,0,0,1645492988198
42275059,touchdown,781,425,1645492988638
42275059,touchend,0,0,1645492988698
42275060,touchdown,929,407,1645492989154
42275060,touchend,0,0,1645492989215
42275061,touchdown,929,556,1645492989664
42275061,touchend,0,0,1645492989707
42275062,touchdown,776,551,1645492990147
42275062,touchmove,776,547,1645492990183
42275062,touchmove,778,550,1645492990196
42275062,touchmove,781,552,1645492990204
42275062,touchend,0,0,1645492990208
42275063,touchdown,652,553,1645492990656
42275063,touchend,0,0,1645492990724
42275064,touchdown,524,553,1645492991172
42275064,touchmove,520,551,1645492991225
42275064,touchmove,523,552,1645492991238
42275064,touchmove,525,554,1645492991247
42275064,touchend,0,0,1645492991250
42275065,touchmove,379,544,1645492991722
42275065,touchend,0,0,1645492991725
42275065,touchmove,375,544,1645492991708
42275065,touchdown,379,547,1645492991673
42275066,touchdown,241,556,1645492992172
42275066,touchmove,238,554,1645492992183
42275066,touchmove,235,554,1645492992189
42275066,touchmove,238,554,1645492992231
42275066,touchend,0,0,1645492992234
42275067,touchdown,257,425,1645492992657
42275067,touchend,0,0,1645492992709
42275068,touchdown,383,406,1645492993215
42275068,touchend,0,0,1645492993268
42275069,touchdown,526,432,1645492993724
42275069,touchend,0,0,1645492993785
42275070,touchdown,658,426,1645492994182
42275070,touchmove,660,422,1645492994243
42275070,touchend,0,0,1645492994251
42275071,touchdown,777,423,1645492994675
42275071,touchend,0,0,1645492994710
42275072,touchdown,922,438,1645492995166
42275072,touchend,0,0,1645492995219
42275073,touchdown,927,284,1645492995642
42275073,touchmove,925,281,1645492995652
42275073,touchmove,925,280,1645492995658
42275073,touchmove,927,283,1645492995682
42275073,touchend,0,0,1645492995686
42275074,touchdown,783,293,1645492996168
42275074,touchend,0,0,1645492996219
42275075,touchend,0,0,1645492996711
42275075,touchdown,648,290,1645492996660
42275076,touchdown,508,294,1645492997210
42275076,touchmove,514,290,1645492997237
42275076,touchend,0,0,1645492997245
42275077,touchdown,389,296,1645492997710
42275077,touchend,0,0,1645492997762
42275078,touchdown,251,303,1645492998160
42275078,touchmove,250,298,1645492998196
42275078,touchmove,254,298,1645492998209
42275078,touchend,0,0,1645492998212
42275079,touchdown,252,149,1645492998627
42275079,touchmove,252,153,1645492998637
42275079,touchmove,252,154,1645492998644
42275079,touchmove,252,155,1645492998659
42275079,touchmove,255,154,1645492998676
42275079,touchend,0,0,1645492998687
42275080,touchdown,410,156,1645492999185
42275080,touchmove,409,162,1645492999213
42275080,touchmove,409,164,1645492999226
42275080,touchend,0,0,1645492999230
42275081,touchdown,535,154,1645492999686
42275081,touchend,0,0,1645492999722
42275082,touchdown,665,155,1645493000144
42275082,touchmove,665,163,1645493000197
42275082,touchend,0,0,1645493000205
42275083,touchdown,791,172,1645493000662
42275083,touchend,0,0,1645493000714
42275084,touchdown,925,170,1645493001153
42275084,touchmove,927,170,1645493001189
42275084,touchmove,931,172,1645493001202
42275084,touchend,0,0,1645493001206
42275085,touchdown,920,29,1645493001670
42275085,touchmove,917,26,1645493001680
42275085,touchmove,915,26,1645493001686
42275085,touchmove,916,26,1645493001714
42275085,touchmove,917,26,1645493001728
42275085,touchmove,919,29,1645493001736
42275085,touchend,0,0,1645493001740
42275086,touchdown,775,30,1645493002171
42275086,touchend,0,0,1645493002223
42275087,touchdown,672,29,1645493002637
42275087,touchend,0,0,1645493002715
42275088,touchdown,540,35,1645493003129
42275088,touchend,0,0,1645493003174
42275089,touchend,0,0,1645493003707
42275089,touchdown,392,20,1645493003622
42275090,touchdown,272,32,1645493004113
42275090,touchend,0,0,1645493004200
42275091,touchdown,276,163,1645493004664
42275091,touchend,0,0,1645493004749
42275092,touchdown,418,158,1645493005373
42275092,touchmove,418,161,1645493005417
42275092,touchend,0,0,1645493005425
42275093,touchdown,543,167,1645493005756
42275093,touchmove,543,168,1645493005800
42275093,touchend,0,0,1645493005808
42275094,touchdown,676,188,1645493006207
42275094,touchmove,671,189,1645493006233
42275094,touchmove,670,189,1645493006247
42275094,touchmove,674,189,1645493006272
42275094,touchmove,679,190,1645493006280
42275094,touchend,0,0,1645493006285
42275095,touchdown,797,174,1645493006681
42275095,touchend,0,0,1645493006759
42275096,touchdown,943,168,1645493007165
42275096,touchmove,943,169,1645493007226
42275096,touchend,0,0,1645493007234
42275097,touchdown,945,278,1645493007632
42275097,touchmove,946,280,1645493007701
42275097,touchmove,949,283,1645493007715
42275097,touchmove,952,286,1645493007723
42275097,touchmove,955,289,1645493007731
42275097,touchend,0,0,1645493007735
42275098,touchdown,800,294,1645493008149
42275098,touchend,0,0,1645493008235
42275099,touchdown,670,309,1645493008650
42275099,touchmove,668,306,1645493008665
42275099,touchmove,668,304,1645493008682
42275099,touchmove,669,304,1645493008699
42275099,touchmove,671,304,1645493008707
42275099,touchend,0,0,1645493008710
42275100,touchdown,526,301,1645493009133
42275100,touchmove,523,297,1645493009143
42275100,touchmove,523,293,1645493009149
42275100,touchmove,522,292,1645493009157
42275100,touchmove,522,293,1645493009177
42275100,touchmove,523,297,1645493009190
42275100,touchmove,524,301,1645493009199
42275100,touchend,0,0,1645493009203
42275101,touchdown,383,306,1645493009658
42275101,touchmove,380,303,1645493009668
42275101,touchmove,378,301,1645493009677
42275101,touchmove,379,301,1645493009702
42275101,touchmove,381,301,1645493009716
42275101,touchmove,384,302,1645493009724
42275101,touchend,0,0,1645493009728
42275102,touchdown,262,310,1645493010158
42275102,touchmove,257,304,1645493010174
42275102,touchmove,256,303,1645493010183
42275102,touchmove,257,303,1645493010225
42275102,touchmove,257,304,1645493010233
42275102,touchend,0,0,1645493010237
42275103,touchdown,253,434,1645493010642
42275103,touchmove,252,432,1645493010703
42275103,touchmove,253,432,1645493010716
42275103,touchmove,254,433,1645493010725
42275103,touchmove,255,434,1645493010733
42275103,touchend,0,0,1645493010736
42275104,touchdown,392,434,1645493011164
42275104,touchmove,390,431,1645493011211
42275104,touchmove,393,431,1645493011225
42275104,touchmove,396,432,1645493011233
42275104,touchend,0,0,1645493011237
42275105,touchdown,525,430,1645493011626
42275105,touchmove,522,428,1645493011635
42275105,touchmove,520,427,1645493011642
42275105,touchmove,522,427,1645493011679
42275105,touchmove,524,430,1645493011692
42275105,touchmove,528,432,1645493011700
42275105,touchend,0,0,1645493011704
42275106,touchdown,662,427,1645493012134
42275106,touchmove,660,425,1645493012144
42275106,touchmove,660,423,1645493012151
42275106,touchmove,661,423,1645493012170
42275106,touchmove,661,424,1645493012184
42275106,touchmove,662,425,1645493012192
42275106,touchmove,662,426,1645493012200
42275106,touchmove,662,428,1645493012209
42275106,touchmove,662,430,1645493012217
42275106,touchend,0,0,1645493012220
42275107,touchdown,802,424,1645493012601
42275107,touchend,0,0,1645493012671
42275108,touchdown,917,437,1645493013127
42275108,touchend,0,0,1645493013180
42275109,touchdown,923,572,1645493013636
42275109,touchmove,924,576,1645493013663
42275109,touchend,0,0,1645493013672
42275110,touchend,0,0,1645493014180
42275110,touchdown,784,569,1645493014111
42275111,touchdown,656,572,1645493014644
42275111,touchend,0,0,1645493014714
42275112,touchdown,507,562,1645493015187
42275112,touchend,0,0,1645493015231
42275113,touchdown,391,559,1645493015662
42275113,touchend,0,0,1645493015731
42275114,touchdown,273,558,1645493016128
42275114,touchend,0,0,1645493016223
42275115,touchdown,271,416,1645493016622
42275115,touchend,0,0,1645493016699
42275116,touchdown,401,427,1645493017171
42275116,touchend,0,0,1645493017232
42275117,touchdown,525,430,1645493017721
42275117,touchend,0,0,1645493017783
42275118,touchdown,668,429,1645493018180
42275118,touchend,0,0,1645493018233
42275119,touchdown,781,436,1645493018655
42275119,touchmove,779,433,1645493018700
42275119,touchmove,783,434,1645493018713
42275119,touchmove,788,436,1645493018721
42275119,touchend,0,0,1645493018725
42275120,touchdown,920,446,1645493019181
42275120,touchmove,926,451,1645493019225
42275120,touchend,0,0,1645493019233
42275121,touchdown,912,321,1645493019665
42275121,touchmove,910,318,1645493019675
42275121,touchmove,910,316,1645493019682
42275121,touchmove,912,317,1645493019708
42275121,touchmove,914,319,1645493019722
42275121,touchmove,916,322,1645493019730
42275121,touchend,0,0,1645493019734
42275122,touchdown,804,302,1645493020181
42275122,touchend,0,0,1645493020234
42275123,touchdown,658,298,1645493020682
42275123,touchmove,657,294,1645493020718
42275123,touchend,0,0,1645493020742
42275123,touchmove,663,297,1645493020739
42275123,touchmove,660,295,1645493020731
42275124,touchdown,528,295,1645493021156
42275124,touchmove,525,293,1645493021209
42275124,touchmove,527,296,1645493021223
42275124,touchmove,528,299,1645493021231
42275124,touchend,0,0,1645493021235
42275125,touchdown,390,295,1645493021657
42275125,touchend,0,0,1645493021743
42275126,touchdown,252,296,1645493022149
42275126,touchend,0,0,1645493022210
42275127,touchdown,257,170,1645493022666
42275127,touchend,0,0,1645493022710
42275128,touchdown,406,146,1645493023182
42275128,touchend,0,0,1645493023227
42275129,touchdown,525,167,1645493023640
42275129,touchmove,525,163,1645493023678
42275129,touchmove,528,166,1645493023691
42275129,touchend,0,0,1645493023694
42275130,touchdown,662,169,1645493024117
42275130,touchmove,660,168,1645493024170
42275130,touchmove,662,170,1645493024183
42275130,touchend,0,0,1645493024186
42275131,touchdown,788,169,1645493024618
42275131,touchmove,788,167,1645493024653
42275131,touchmove,792,168,1645493024666
42275131,touchend,0,0,1645493024670
42275132,touchdown,929,172,1645493025168
42275132,touchend,0,0,1645493025203
42275132,touchmove,931,171,1645493025195
42275133,touchdown,926,39,1645493025643
42275133,touchend,0,0,1645493025687
42275134,touchdown,786,53,1645493026110
42275134,touchmove,783,51,1645493026154
42275134,touchmove,784,53,1645493026167
42275134,touchmove,785,54,1645493026176
42275134,touchend,0,0,1645493026179
42275135,touchdown,672,36,1645493026618
42275135,touchend,0,0,1645493026687
42275136,touchdown,526,36,1645493027169
42275136,touchend,0,0,1645493027221
42275137,touchdown,409,27,1645493027627
42275137,touchend,0,0,1645493027697
42275138,touchdown,264,33,1645493028153
42275138,touchmove,264,31,1645493028213
42275138,touchmove,265,31,1645493028227
42275138,touchmove,267,31,1645493028235
42275138,touchend,0,0,1645493028238
42275139,touchdown,269,168,1645493028670
42275139,touchmove,268,165,1645493028706
42275139,touchmove,272,163,1645493028719
42275139,touchend,0,0,1645493028722
42275140,touchmove,408,162,1645493029211
42275140,touchend,0,0,1645493029223
42275140,touchmove,403,162,1645493029198
42275140,touchmove,415,165,1645493029219
42275140,touchdown,399,164,1645493029163
42275141,touchdown,519,154,1645493029670
42275141,touchmove,517,154,1645493029714
42275141,touchmove,515,157,1645493029728
42275141,touchmove,512,161,1645493029736
42275141,touchend,0,0,1645493029739
42275142,touchdown,665,151,1645493030187
42275142,touchmove,666,150,1645493030231
42275142,touchend,0,0,1645493030240
42275143,touchdown,796,162,1645493030679
42275143,touchmove,794,160,1645493030715
42275143,touchmove,796,163,1645493030728
42275143,touchmove,798,166,1645493030737
42275143,touchend,0,0,1645493030740
42275144,touchdown,910,158,1645493031129
42275144,touchmove,911,159,1645493031174
42275144,touchmove,913,163,1645493031187
42275144,touchend,0,0,1645493031190
42275145,touchdown,937,293,1645493031656
42275145,touchmove,936,294,1645493031691
42275145,touchmove,936,300,1645493031704
42275145,touchend,0,0,1645493031708
42275146,touchdown,782,324,1645493032164
42275146,touchmove,779,322,1645493032208
42275146,touchmove,781,323,1645493032221
42275146,touchend,0,0,1645493032224
42275147,touchdown,645,307,1645493032638
42275147,touchend,0,0,1645493032700
42275148,touchdown,517,299,1645493033123
42275148,touchmove,515,296,1645493033133
42275148,touchmove,515,294,1645493033139
42275148,touchmove,517,294,1645493033166
42275148,touchmove,520,295,1645493033180
42275148,touchend,0,0,1645493033183
42275149,touchdown,405,277,1645493033622
42275149,touchend,0,0,1645493033683
42275150,touchdown,255,311,1645493034131
42275150,touchmove,251,306,1645493034142
42275150,touchmove,250,304,1645493034148
42275150,touchmove,252,305,1645493034172
42275150,touchmove,255,308,1645493034180
42275150,touchend,0,0,1645493034183
