42239922,touchdown,789,575,1644698021810
42239922,touchend,0,0,1644698021879
42239923,touchdown,933,444,1644698022352
42239923,touchend,0,0,1644698022430
42239924,touchdown,789,432,1644698023062
42239924,touchend,0,0,1644698023130
42239925,touchdown,935,311,1644698023803
42239925,touchend,0,0,1644698023881
42239926,touchdown,788,306,1644698024588
42239926,touchend,0,0,1644698024639
42239927,touchdown,659,318,1644698025962
42239927,touchend,0,0,1644698026032
42239928,touchdown,658,182,1644698026571
42239928,touchend,0,0,1644698026624
42239929,touchdown,529,306,1644698027215
42239929,touchend,0,0,1644698027266
42239930,touchdown,812,436,1644698027864
42239930,touchend,0,0,1644698027941
42239931,touchdown,524,559,1644698028589
42239931,touchend,0,0,1644698028633
42239932,touchdown,665,297,1644698029222
42239932,touchend,0,0,1644698029284
42239933,touchdown,380,427,1644698029924
42239933,touchend,0,0,1644698029992
42239934,touchdown,794,431,1644698030633
42239934,touchend,0,0,1644698030718
42239935,touchdown,798,298,1644698031316
42239935,touchend,0,0,1644698031385
42239936,touchdown,655,446,1644698032100
42239936,touchend,0,0,1644698032152
42239937,touchdown,919,566,1644698032876
42239937,touchend,0,0,1644698032944
42239938,touchdown,913,316,1644698033668
42239938,touchend,0,0,1644698033728
42239939,touchdown,797,429,1644698034368
42239939,touchend,0,0,1644698034478
42239940,touchdown,797,576,1644698035134
42239940,touchend,0,0,1644698035254
42239941,touchdown,660,427,1644698035935
42239941,touchend,0,0,1644698036004
42239942,touchdown,529,556,1644698036652
42239942,touchend,0,0,1644698036780
42239943,touchdown,390,444,1644698037295
42239943,touchend,0,0,1644698037438
42239944,touchdown,537,284,1644698038036
42239944,touchend,0,0,1644698038164
42239945,touchdown,672,307,1644698038729
42239945,touchend,0,0,1644698038881
42239946,touchdown,795,167,1644698039479
42239946,touchend,0,0,1644698039556
42239947,touchdown,535,170,1644698040162
42239947,touchend,0,0,1644698040273
42239948,touchdown,799,296,1644698040914
42239948,touchend,0,0,1644698041015
42239949,touchdown,784,570,1644698041798
42239949,touchend,0,0,1644698041841
42239950,touchdown,930,432,1644698042348
42239950,touchmove,930,427,1644698042374
42239950,touchend,0,0,1644698042416
42239951,touchdown,941,189,1644698043040
42239951,touchmove,941,182,1644698043066
42239951,touchmove,941,181,1644698043084
42239951,touchmove,941,179,1644698043092
42239951,touchmove,940,177,1644698043101
42239951,touchmove,938,176,1644698043109
42239951,touchend,0,0,1644698043116
42239952,touchdown,922,298,1644698043700
42239952,touchend,0,0,1644698043767
42239953,touchdown,919,436,1644698044449
42239953,touchend,0,0,1644698044526
42239954,touchdown,933,571,1644698045098
42239954,touchend,0,0,1644698045176
42239955,touchdown,797,432,1644698045808
42239955,touchend,0,0,1644698045860
42239956,touchdown,931,173,1644698046542
42239956,touchend,0,0,1644698046602
42239957,touchdown,935,428,1644698048209
42239957,touchend,0,0,1644698048269
42239958,touchdown,781,305,1644698048842
42239958,touchend,0,0,1644698048903
42239959,touchdown,669,444,1644698049510
42239959,touchend,0,0,1644698049553
42239960,touchdown,534,420,1644698050176
42239960,touchend,0,0,1644698050229
42239961,touchdown,784,297,1644698050919
42239961,touchend,0,0,1644698050979
42239962,touchdown,808,552,1644698051627
42239962,touchend,0,0,1644698051696
42239963,touchdown,945,302,1644698052329
42239963,touchend,0,0,1644698052388
42239964,touchdown,670,421,1644698053127
42239964,touchend,0,0,1644698053189
42239965,touchdown,409,423,1644698053896
42239965,touchend,0,0,1644698053956
42239966,touchdown,930,450,1644698054972
42239966,touchend,0,0,1644698054998
42239967,touchdown,917,561,1644698055571
42239967,touchmove,916,553,1644698055624
42239967,touchmove,917,547,1644698055633
42239967,touchend,0,0,1644698055640
42239968,touchdown,925,313,1644698056222
42239968,touchmove,925,304,1644698056290
42239968,touchmove,925,302,1644698056300
42239968,touchmove,925,299,1644698056308
42239968,touchend,0,0,1644698056315
42239969,touchdown,793,285,1644698056973
42239969,touchend,0,0,1644698057033
42239970,touchdown,788,422,1644698057741
42239970,touchend,0,0,1644698057792
42239971,touchdown,790,582,1644698058499
42239971,touchend,0,0,1644698058575
42239972,touchdown,658,560,1644698059207
42239972,touchend,0,0,1644698059259
42239973,touchdown,670,422,1644698059957
42239973,touchend,0,0,1644698060026
42239974,touchdown,664,305,1644698060607
42239974,touchend,0,0,1644698060668
42239975,touchdown,531,428,1644698061341
42239975,touchend,0,0,1644698061393
42239976,touchdown,547,571,1644698062108
42239976,touchend,0,0,1644698062169
42239977,touchdown,527,305,1644698062834
42239977,touchend,0,0,1644698062886
42239978,touchdown,399,429,1644698063535
42239978,touchmove,399,423,1644698063570
42239978,touchmove,399,422,1644698063579
42239978,touchmove,400,422,1644698063604
42239978,touchend,0,0,1644698063612
42239979,touchdown,816,300,1644698064252
42239979,touchend,0,0,1644698064312
42239980,touchdown,929,569,1644698065053
42239980,touchend,0,0,1644698065162
42239981,touchdown,941,17,1644698065845
42239981,touchend,0,0,1644698065954
42239982,touchdown,528,560,1644698066653
42239982,touchend,0,0,1644698066722
42239983,touchdown,545,183,1644698067361
42239983,touchend,0,0,1644698067430
42239984,touchdown,793,453,1644698068088
42239984,touchend,0,0,1644698068164
42239985,touchdown,272,577,1644698068771
42239985,touchmove,266,571,1644698068840
42239985,touchmove,267,571,1644698068873
42239985,touchend,0,0,1644698068881
42239986,touchdown,802,166,1644698069471
42239986,touchmove,804,167,1644698069573
42239986,touchend,0,0,1644698069582
42239987,touchdown,278,176,1644698070281
42239987,touchmove,281,170,1644698070307
42239987,touchmove,283,167,1644698070316
42239987,touchmove,287,165,1644698070324
42239987,touchmove,292,163,1644698070333
42239987,touchend,0,0,1644698070341
42239988,touchdown,795,561,1644698071138
42239988,touchend,0,0,1644698071232
42239989,touchdown,946,38,1644698071906
42239989,touchend,0,0,1644698071991
42239990,touchdown,919,562,1644698072657
42239990,touchend,0,0,1644698072708
42239991,touchdown,804,69,1644698073340
42239991,touchend,0,0,1644698073409
42239992,touchdown,672,568,1644698074133
42239992,touchend,0,0,1644698074201
42239993,touchdown,533,177,1644698074867
42239993,touchend,0,0,1644698074926
42239994,touchdown,255,435,1644698075525
42239994,touchend,0,0,1644698075618
42239995,touchdown,795,314,1644698076401
42239995,touchend,0,0,1644698076460
42239996,touchdown,922,582,1644698077201
42239996,touchend,0,0,1644698077253
42239997,touchdown,797,554,1644698077850
42239997,touchend,0,0,1644698077911
42239998,touchdown,658,566,1644698078635
42239998,touchend,0,0,1644698078695
42239999,touchdown,650,454,1644698079343
42239999,touchend,0,0,1644698079396
42240000,touchdown,799,481,1644698080086
42240000,touchend,0,0,1644698080129
42240001,touchdown,915,315,1644698080820
42240001,touchend,0,0,1644698080921
42240002,touchdown,908,455,1644698081486
42240002,touchend,0,0,1644698081580
42240004,touchdown,678,362,1644698082896
42240004,touchend,0,0,1644698083006
42240005,touchdown,405,519,1644698083603
42240005,touchend,0,0,1644698083715
42240006,touchdown,433,325,1644698084272
42240006,touchend,0,0,1644698084332
42240007,touchdown,632,468,1644698084939
42240007,touchend,0,0,1644698084982
42240008,touchdown,688,314,1644698085698
42240008,touchend,0,0,1644698085782
42240009,touchdown,456,470,1644698086263
42240009,touchend,0,0,1644698086383
42240010,touchdown,520,319,1644698086948
42240010,touchend,0,0,1644698087075
42240011,touchdown,675,431,1644698087714
42240011,touchend,0,0,1644698087817
42240012,touchdown,711,241,1644698088383
42240012,touchmove,707,247,1644698088509
42240012,touchend,0,0,1644698088518
42240013,touchdown,462,327,1644698089048
42240013,touchend,0,0,1644698089218
42240014,touchdown,497,534,1644698089774
42240014,touchend,0,0,1644698089927
42240015,touchdown,703,418,1644698090474
42240015,touchend,0,0,1644698090535
42240016,touchdown,935,423,1644698091250
42240016,touchend,0,0,1644698091302
42240017,touchdown,924,548,1644698091967
42240017,touchend,0,0,1644698092045
42240018,touchdown,932,317,1644698092576
42240018,touchend,0,0,1644698092662
42240019,touchdown,786,291,1644698093284
42240019,touchend,0,0,1644698093329
42240020,touchdown,785,439,1644698093977
42240020,touchend,0,0,1644698094004
42240021,touchdown,671,423,1644698094668
42240021,touchend,0,0,1644698094712
42240022,touchdown,677,299,1644698095327
42240022,touchend,0,0,1644698095380
42240023,touchdown,456,452,1644698096062
42240023,touchend,0,0,1644698096113
42240024,touchdown,943,429,1644698096761
42240024,touchend,0,0,1644698096839
42240025,touchdown,548,170,1644698097438
42240025,touchmove,544,171,1644698097489
42240025,touchend,0,0,1644698097497
42240026,touchdown,801,536,1644698098170
42240026,touchend,0,0,1644698098231
42240027,touchdown,910,186,1644698098796
42240027,touchend,0,0,1644698098874
42240028,touchdown,407,462,1644698099454
42240028,touchmove,401,464,1644698099474
42240028,touchmove,400,464,1644698099482
42240028,touchmove,401,464,1644698099499
42240028,touchend,0,0,1644698099507
42240029,touchdown,912,533,1644698100230
42240029,touchend,0,0,1644698100307
42240030,touchdown,913,82,1644698101148
42240030,touchend,0,0,1644698101199
42240031,touchdown,695,324,1644698101789
42240031,touchend,0,0,1644698101833
42240032,touchdown,390,465,1644698102566
42240032,touchmove,385,467,1644698102579
42240032,touchmove,380,467,1644698102584
42240032,touchmove,377,467,1644698102601
42240032,touchend,0,0,1644698102618
42240033,touchdown,919,463,1644698103291
42240033,touchend,0,0,1644698103334
42240034,touchdown,651,592,1644698104075
42240034,touchend,0,0,1644698104118
42240035,touchdown,669,333,1644698104866
42240035,touchend,0,0,1644698104910
42240036,touchdown,793,309,1644698105626
42240036,touchend,0,0,1644698105694
42240037,touchdown,915,454,1644698106460
42240037,touchend,0,0,1644698106511
42240038,touchdown,917,587,1644698107251
42240038,touchend,0,0,1644698107303
42240039,touchdown,421,540,1644698108034
42240039,touchend,0,0,1644698108087
42240040,touchdown,621,435,1644698108728
42240040,touchmove,613,438,1644698108787
42240040,touchend,0,0,1644698108796
42240041,touchdown,249,434,1644698109377
42240041,touchmove,251,435,1644698109429
42240041,touchmove,253,438,1644698109438
42240041,touchmove,256,442,1644698109447
42240041,touchmove,259,445,1644698109455
42240041,touchend,0,0,1644698109463
42240042,touchdown,693,385,1644698110119
42240042,touchend,0,0,1644698110204
42240043,touchdown,283,566,1644698110869
42240043,touchend,0,0,1644698110981
42240044,touchdown,774,568,1644698111596
42240044,touchmove,769,569,1644698111664
42240044,touchmove,769,572,1644698111673
42240044,touchmove,768,575,1644698111681
42240044,touchend,0,0,1644698111689
42240045,touchdown,407,569,1644698112296
42240045,touchend,0,0,1644698112356
42240046,touchdown,729,375,1644698113062
42240046,touchend,0,0,1644698113156
42240047,touchdown,374,350,1644698113704
42240047,touchend,0,0,1644698113773
42240048,touchdown,400,584,1644698114496
42240048,touchend,0,0,1644698114574
42240049,touchdown,752,442,1644698115180
42240049,touchend,0,0,1644698115282
42240050,touchdown,913,555,1644698116039
42240050,touchend,0,0,1644698116075
42240051,touchdown,897,325,1644698116790
42240051,touchend,0,0,1644698116825
42240052,touchdown,924,413,1644698117507
42240052,touchend,0,0,1644698117592
42240053,touchdown,945,561,1644698118223
42240053,touchend,0,0,1644698118292
42240054,touchdown,780,531,1644698118982
42240054,touchend,0,0,1644698119076
42240055,touchdown,658,563,1644698119717
42240055,touchend,0,0,1644698119752
42240056,touchdown,395,566,1644698120500
42240056,touchend,0,0,1644698120544
42240057,touchdown,525,413,1644698121185
42240057,touchend,0,0,1644698121236
42240058,touchdown,268,190,1644698122018
42240058,touchend,0,0,1644698122053
42240059,touchdown,927,44,1644698122776
42240059,touchend,0,0,1644698122837
42240060,touchdown,787,296,1644698123494
42240060,touchend,0,0,1644698123571
42240061,touchdown,255,423,1644698124302
42240061,touchmove,255,430,1644698124354
42240061,touchend,0,0,1644698124363
42240062,touchdown,922,555,1644698125078
42240062,touchend,0,0,1644698125121
42240063,touchdown,925,326,1644698125802
42240063,touchend,0,0,1644698125847
42240064,touchdown,789,301,1644698126538
42240064,touchend,0,0,1644698126589
42240065,touchdown,649,304,1644698127279
42240065,touchend,0,0,1644698127315
42240066,touchdown,523,299,1644698127989
42240066,touchend,0,0,1644698128040
42240067,touchdown,667,448,1644698128630
42240067,touchend,0,0,1644698128666
42240068,touchdown,809,455,1644698129180
42240068,touchend,0,0,1644698129198
42240069,touchdown,937,424,1644698129823
42240069,touchend,0,0,1644698129866
42240070,touchdown,777,533,1644698130556
42240070,touchmove,783,534,1644698130591
42240070,touchend,0,0,1644698130600
42240071,touchdown,662,558,1644698131274
42240071,touchend,0,0,1644698131317
42240072,touchdown,505,547,1644698132015
42240072,touchend,0,0,1644698132059
42240073,touchdown,386,549,1644698132716
42240073,touchmove,381,547,1644698132726
42240073,touchmove,378,547,1644698132732
42240073,touchmove,380,552,1644698132743
42240073,touchend,0,0,1644698132751
42240074,touchdown,765,217,1644698133416
42240074,touchend,0,0,1644698133451
42240075,touchdown,945,581,1644698134140
42240075,touchend,0,0,1644698134177
42240076,touchdown,921,62,1644698134876
42240076,touchmove,919,58,1644698134886
42240076,touchmove,918,52,1644698134892
42240076,touchmove,918,50,1644698134896
42240076,touchmove,918,52,1644698134918
42240076,touchmove,918,54,1644698134928
42240076,touchend,0,0,1644698134935
42240077,touchdown,411,528,1644698135675
42240077,touchend,0,0,1644698135719
42240078,touchdown,789,314,1644698136383
42240078,touchend,0,0,1644698136436
42240079,touchdown,354,322,1644698137027
42240079,touchend,0,0,1644698137053
42240080,touchdown,757,416,1644698137786
42240080,touchmove,753,427,1644698137853
42240080,touchend,0,0,1644698137863
42240081,touchdown,358,484,1644698138536
42240081,touchmove,353,478,1644698138555
42240081,touchmove,353,476,1644698138563
42240081,touchmove,353,477,1644698138588
42240081,touchmove,354,483,1644698138597
42240081,touchend,0,0,1644698138604
42240082,touchdown,740,450,1644698139244
42240082,touchmove,736,440,1644698139257
42240082,touchmove,736,437,1644698139263
42240082,touchmove,735,441,1644698139280
42240082,touchend,0,0,1644698139288
