42277447,touchdown,354,141,1645562176168
42277447,touchmove,360,136,1645562176187
42277447,touchmove,365,134,1645562176200
42277447,touchmove,371,132,1645562176208
42277447,touchmove,380,131,1645562176216
42277447,touchmove,390,131,1645562176225
42277447,touchmove,402,130,1645562176233
42277447,touchmove,413,130,1645562176242
42277447,touchmove,426,130,1645562176250
42277447,touchmove,440,129,1645562176258
42277447,touchmove,454,129,1645562176267
42277447,touchmove,469,129,1645562176275
42277447,touchmove,484,129,1645562176283
42277447,touchmove,500,129,1645562176292
42277447,touchmove,517,129,1645562176300
42277447,touchmove,533,129,1645562176308
42277447,touchmove,549,129,1645562176317
42277447,touchmove,566,129,1645562176325
42277447,touchmove,582,129,1645562176333
42277447,touchmove,598,129,1645562176342
42277447,touchmove,615,130,1645562176350
42277447,touchmove,631,131,1645562176358
42277447,touchmove,647,132,1645562176367
42277447,touchmove,662,133,1645562176375
42277447,touchmove,676,134,1645562176383
42277447,touchmove,690,134,1645562176392
42277447,touchmove,704,136,1645562176400
42277447,touchmove,717,137,1645562176408
42277447,touchmove,728,138,1645562176417
42277447,touchmove,739,139,1645562176425
42277447,touchmove,749,140,1645562176433
42277447,touchmove,757,141,1645562176442
42277447,touchmove,766,143,1645562176450
42277447,touchmove,772,143,1645562176459
42277447,touchmove,778,144,1645562176467
42277447,touchmove,781,145,1645562176475
42277447,touchmove,784,146,1645562176483
42277447,touchmove,785,146,1645562176492
42277447,touchmove,785,147,1645562176500
42277447,touchmove,786,147,1645562176508
42277447,touchmove,786,148,1645562176517
42277447,touchmove,786,149,1645562176534
42277447,touchmove,786,151,1645562176542
42277447,touchmove,784,152,1645562176550
42277447,touchend,0,0,1645562176554
42277448,touchdown,300,223,1645562176876
42277448,touchmove,307,227,1645562176903
42277448,touchmove,311,227,1645562176917
42277448,touchmove,318,227,1645562176925
42277448,touchmove,326,227,1645562176934
42277448,touchmove,336,227,1645562176942
42277448,touchmove,346,227,1645562176950
42277448,touchmove,357,227,1645562176959
42277448,touchmove,370,227,1645562176967
42277448,touchmove,383,228,1645562176975
42277448,touchmove,397,228,1645562176984
42277448,touchmove,411,228,1645562176992
42277448,touchmove,426,229,1645562177000
42277448,touchmove,441,230,1645562177009
42277448,touchmove,459,231,1645562177017
42277448,touchmove,474,232,1645562177025
42277448,touchmove,492,233,1645562177034
42277448,touchmove,510,234,1645562177042
42277448,touchmove,526,235,1645562177050
42277448,touchmove,544,236,1645562177059
42277448,touchmove,561,237,1645562177067
42277448,touchmove,578,239,1645562177075
42277448,touchmove,596,240,1645562177084
42277448,touchmove,612,242,1645562177092
42277448,touchmove,628,243,1645562177100
42277448,touchmove,645,244,1645562177109
42277448,touchmove,659,246,1645562177117
42277448,touchmove,674,247,1645562177126
42277448,touchmove,689,248,1645562177134
42277448,touchmove,701,250,1645562177142
42277448,touchmove,714,251,1645562177150
42277448,touchmove,726,253,1645562177159
42277448,touchmove,736,255,1645562177167
42277448,touchmove,745,256,1645562177176
42277448,touchmove,752,256,1645562177184
42277448,touchmove,758,258,1645562177192
42277448,touchmove,763,258,1645562177200
42277448,touchmove,767,259,1645562177209
42277448,touchmove,770,260,1645562177217
42277448,touchmove,772,260,1645562177225
42277448,touchmove,773,261,1645562177234
42277448,touchmove,774,261,1645562177242
42277448,touchmove,774,262,1645562177284
42277448,touchmove,772,263,1645562177301
42277448,touchmove,768,263,1645562177309
42277448,touchmove,762,263,1645562177317
42277448,touchend,0,0,1645562177321
42277449,touchdown,313,350,1645562177601
42277449,touchmove,313,354,1645562177646
42277449,touchmove,316,355,1645562177659
42277449,touchmove,321,356,1645562177667
42277449,touchmove,327,356,1645562177676
42277449,touchmove,335,357,1645562177684
42277449,touchmove,344,358,1645562177692
42277449,touchmove,354,359,1645562177701
42277449,touchmove,365,359,1645562177709
42277449,touchmove,377,360,1645562177717
42277449,touchmove,390,360,1645562177726
42277449,touchmove,405,360,1645562177734
42277449,touchmove,419,360,1645562177743
42277449,touchmove,435,360,1645562177751
42277449,touchmove,450,360,1645562177759
42277449,touchmove,467,360,1645562177767
42277449,touchmove,484,361,1645562177776
42277449,touchmove,500,361,1645562177784
42277449,touchmove,518,361,1645562177793
42277449,touchmove,537,361,1645562177801
42277449,touchmove,555,362,1645562177809
42277449,touchmove,574,363,1645562177818
42277449,touchmove,593,363,1645562177826
42277449,touchmove,611,364,1645562177834
42277449,touchmove,629,365,1645562177843
42277449,touchmove,647,366,1645562177851
42277449,touchmove,664,367,1645562177859
42277449,touchmove,681,368,1645562177868
42277449,touchmove,697,370,1645562177876
42277449,touchmove,711,371,1645562177884
42277449,touchmove,725,372,1645562177893
42277449,touchmove,738,374,1645562177901
42277449,touchmove,749,375,1645562177909
42277449,touchmove,759,376,1645562177918
42277449,touchmove,768,378,1645562177926
42277449,touchmove,775,378,1645562177934
42277449,touchmove,781,380,1645562177943
42277449,touchmove,786,380,1645562177951
42277449,touchmove,789,381,1645562177959
42277449,touchmove,791,381,1645562177968
42277449,touchmove,793,382,1645562177976
42277449,touchmove,793,383,1645562178018
42277449,touchmove,791,383,1645562178026
42277449,touchmove,786,383,1645562178034
42277449,touchmove,780,383,1645562178043
42277449,touchend,0,0,1645562178047
42277450,touchdown,330,511,1645562178368
42277450,touchmove,337,509,1645562178384
42277450,touchmove,343,509,1645562178393
42277450,touchmove,351,509,1645562178401
42277450,touchmove,360,509,1645562178409
42277450,touchmove,372,509,1645562178418
42277450,touchmove,384,509,1645562178426
42277450,touchmove,398,508,1645562178435
42277450,touchmove,413,507,1645562178443
42277450,touchmove,428,507,1645562178451
42277450,touchmove,445,507,1645562178460
42277450,touchmove,464,506,1645562178468
42277450,touchmove,483,506,1645562178476
42277450,touchmove,503,506,1645562178485
42277450,touchmove,524,505,1645562178493
42277450,touchmove,543,505,1645562178501
42277450,touchmove,564,505,1645562178510
42277450,touchmove,585,505,1645562178518
42277450,touchmove,605,505,1645562178526
42277450,touchmove,626,505,1645562178535
42277450,touchmove,647,505,1645562178543
42277450,touchmove,666,506,1645562178551
42277450,touchmove,686,507,1645562178560
42277450,touchmove,705,509,1645562178568
42277450,touchmove,723,510,1645562178576
42277450,touchmove,740,511,1645562178585
42277450,touchmove,756,513,1645562178593
42277450,touchmove,770,514,1645562178601
42277450,touchmove,784,515,1645562178610
42277450,touchmove,796,517,1645562178618
42277450,touchmove,807,518,1645562178626
42277450,touchmove,816,519,1645562178635
42277450,touchmove,825,520,1645562178643
42277450,touchmove,831,520,1645562178651
42277450,touchmove,837,521,1645562178660
42277450,touchmove,842,521,1645562178668
42277450,touchmove,846,521,1645562178676
42277450,touchmove,849,521,1645562178685
42277450,touchmove,851,521,1645562178693
42277450,touchmove,852,521,1645562178710
42277450,touchmove,851,521,1645562178730
42277450,touchmove,848,520,1645562178743
42277450,touchend,0,0,1645562178747
42277451,touchdown,388,371,1645562179136
42277451,touchmove,397,370,1645562179147
42277451,touchmove,409,370,1645562179154
42277451,touchmove,422,370,1645562179160
42277451,touchmove,435,370,1645562179168
42277451,touchmove,451,370,1645562179176
42277451,touchmove,468,370,1645562179185
42277451,touchmove,486,370,1645562179193
42277451,touchmove,505,370,1645562179201
42277451,touchmove,525,370,1645562179210
42277451,touchmove,545,370,1645562179218
42277451,touchmove,566,370,1645562179227
42277451,touchmove,587,371,1645562179235
42277451,touchmove,607,372,1645562179243
42277451,touchmove,628,373,1645562179252
42277451,touchmove,648,374,1645562179260
42277451,touchmove,667,375,1645562179268
42277451,touchmove,686,376,1645562179277
42277451,touchmove,704,377,1645562179285
42277451,touchmove,721,378,1645562179293
42277451,touchmove,737,379,1645562179302
42277451,touchmove,753,380,1645562179310
42277451,touchmove,767,380,1645562179318
42277451,touchmove,779,381,1645562179327
42277451,touchmove,791,382,1645562179335
42277451,touchmove,802,382,1645562179343
42277451,touchmove,812,382,1645562179352
42277451,touchmove,820,382,1645562179360
42277451,touchmove,827,382,1645562179368
42277451,touchmove,833,382,1645562179377
42277451,touchmove,838,382,1645562179385
42277451,touchmove,842,382,1645562179393
42277451,touchmove,845,382,1645562179402
42277451,touchmove,847,382,1645562179410
42277451,touchmove,848,382,1645562179419
42277451,touchmove,848,381,1645562179443
42277451,touchend,0,0,1645562179447
42277452,touchdown,341,262,1645562179760
42277452,touchmove,349,272,1645562179814
42277452,touchmove,356,272,1645562179827
42277452,touchmove,364,273,1645562179835
42277452,touchmove,373,274,1645562179844
42277452,touchmove,384,275,1645562179852
42277452,touchmove,396,276,1645562179860
42277452,touchmove,409,277,1645562179869
42277452,touchmove,423,278,1645562179877
42277452,touchmove,439,279,1645562179885
42277452,touchmove,456,280,1645562179894
42277452,touchmove,474,280,1645562179902
42277452,touchmove,492,281,1645562179910
42277452,touchmove,512,281,1645562179919
42277452,touchmove,531,281,1645562179927
42277452,touchmove,553,281,1645562179935
42277452,touchmove,576,281,1645562179944
42277452,touchmove,599,281,1645562179952
42277452,touchmove,622,281,1645562179960
42277452,touchmove,646,281,1645562179969
42277452,touchmove,667,281,1645562179977
42277452,touchmove,690,281,1645562179985
42277452,touchmove,714,281,1645562179994
42277452,touchmove,736,281,1645562180002
42277452,touchmove,758,282,1645562180010
42277452,touchmove,779,283,1645562180019
42277452,touchmove,797,283,1645562180027
42277452,touchmove,814,284,1645562180035
42277452,touchmove,832,284,1645562180044
42277452,touchmove,847,285,1645562180052
42277452,touchmove,861,286,1645562180060
42277452,touchmove,874,286,1645562180069
42277452,touchmove,884,287,1645562180077
42277452,touchmove,892,287,1645562180085
42277452,touchmove,900,288,1645562180094
42277452,touchmove,905,288,1645562180102
42277452,touchmove,908,288,1645562180110
42277452,touchmove,911,288,1645562180119
42277452,touchmove,912,288,1645562180127
42277452,touchmove,908,288,1645562180169
42277452,touchmove,902,288,1645562180177
42277452,touchmove,896,286,1645562180186
42277452,touchend,0,0,1645562180189
42277453,touchdown,342,190,1645562180528
42277453,touchmove,349,186,1645562180547
42277453,touchmove,354,186,1645562180561
42277453,touchmove,360,185,1645562180569
42277453,touchmove,369,184,1645562180577
42277453,touchmove,380,183,1645562180586
42277453,touchmove,391,183,1645562180594
42277453,touchmove,404,182,1645562180602
42277453,touchmove,418,182,1645562180611
42277453,touchmove,432,181,1645562180619
42277453,touchmove,448,181,1645562180627
42277453,touchmove,465,181,1645562180636
42277453,touchmove,481,181,1645562180644
42277453,touchmove,498,181,1645562180652
42277453,touchmove,516,181,1645562180661
42277453,touchmove,533,181,1645562180669
42277453,touchmove,551,181,1645562180678
42277453,touchmove,570,181,1645562180686
42277453,touchmove,588,181,1645562180694
42277453,touchmove,605,182,1645562180703
42277453,touchmove,622,183,1645562180711
42277453,touchmove,638,184,1645562180719
42277453,touchmove,654,185,1645562180728
42277453,touchmove,670,185,1645562180736
42277453,touchmove,684,186,1645562180744
42277453,touchmove,699,187,1645562180753
42277453,touchmove,713,188,1645562180761
42277453,touchmove,726,189,1645562180769
42277453,touchmove,738,190,1645562180778
42277453,touchmove,749,191,1645562180786
42277453,touchmove,758,192,1645562180794
42277453,touchmove,767,192,1645562180803
42277453,touchmove,775,192,1645562180811
42277453,touchmove,782,192,1645562180819
42277453,touchmove,788,193,1645562180828
42277453,touchmove,794,193,1645562180836
42277453,touchmove,798,193,1645562180844
42277453,touchmove,802,193,1645562180853
42277453,touchmove,805,193,1645562180861
42277453,touchmove,806,193,1645562180869
42277453,touchmove,807,193,1645562180878
42277453,touchend,0,0,1645562180898
42277454,touchdown,343,114,1645562181253
42277454,touchmove,349,113,1645562181263
42277454,touchmove,357,113,1645562181270
42277454,touchmove,365,112,1645562181278
42277454,touchmove,375,112,1645562181286
42277454,touchmove,387,111,1645562181294
42277454,touchmove,400,111,1645562181303
42277454,touchmove,413,111,1645562181311
42277454,touchmove,427,110,1645562181320
42277454,touchmove,444,110,1645562181328
42277454,touchmove,460,110,1645562181336
42277454,touchmove,477,110,1645562181345
42277454,touchmove,496,110,1645562181353
42277454,touchmove,514,110,1645562181361
42277454,touchmove,533,110,1645562181370
42277454,touchmove,552,110,1645562181378
42277454,touchmove,571,111,1645562181386
42277454,touchmove,589,112,1645562181395
42277454,touchmove,609,113,1645562181403
42277454,touchmove,627,115,1645562181411
42277454,touchmove,646,116,1645562181420
42277454,touchmove,665,117,1645562181428
42277454,touchmove,682,119,1645562181436
42277454,touchmove,700,120,1645562181445
42277454,touchmove,717,121,1645562181453
42277454,touchmove,732,123,1645562181461
42277454,touchmove,747,124,1645562181470
42277454,touchmove,761,125,1645562181478
42277454,touchmove,772,126,1645562181486
42277454,touchmove,783,128,1645562181495
42277454,touchmove,793,129,1645562181503
42277454,touchmove,801,129,1645562181511
42277454,touchmove,807,130,1645562181520
42277454,touchmove,813,131,1645562181528
42277454,touchmove,817,132,1645562181536
42277454,touchmove,821,132,1645562181545
42277454,touchmove,822,133,1645562181553
42277454,touchend,0,0,1645562181573
42277455,touchdown,319,33,1645562181937
42277455,touchmove,323,33,1645562181947
42277455,touchmove,328,33,1645562181954
42277455,touchmove,334,31,1645562181961
42277455,touchmove,342,30,1645562181970
42277455,touchmove,352,29,1645562181978
42277455,touchmove,363,29,1645562181986
42277455,touchmove,388,28,1645562182003
42277455,touchmove,375,28,1645562181995
42277455,touchmove,401,28,1645562182012
42277455,touchmove,417,28,1645562182020
42277455,touchmove,432,28,1645562182028
42277455,touchmove,484,28,1645562182053
42277455,touchmove,449,28,1645562182037
42277455,touchmove,467,28,1645562182045
42277455,touchmove,503,29,1645562182062
42277455,touchmove,522,29,1645562182070
42277455,touchmove,540,30,1645562182078
42277455,touchmove,559,31,1645562182087
42277455,touchmove,600,32,1645562182103
42277455,touchmove,580,31,1645562182095
42277455,touchmove,620,33,1645562182112
42277455,touchmove,641,34,1645562182120
42277455,touchmove,660,35,1645562182128
42277455,touchmove,679,36,1645562182137
42277455,touchmove,699,36,1645562182145
42277455,touchmove,717,38,1645562182153
42277455,touchmove,735,39,1645562182162
42277455,touchmove,751,40,1645562182170
42277455,touchmove,766,41,1645562182178
42277455,touchmove,780,42,1645562182187
42277455,touchmove,792,44,1645562182195
42277455,touchmove,802,45,1645562182203
42277455,touchmove,812,46,1645562182212
42277455,touchmove,820,47,1645562182220
42277455,touchmove,827,49,1645562182228
42277455,touchmove,832,49,1645562182237
42277455,touchmove,837,50,1645562182245
42277455,touchmove,840,51,1645562182253
42277455,touchmove,843,52,1645562182262
42277455,touchmove,844,52,1645562182270
42277455,touchmove,845,53,1645562182279
42277455,touchend,0,0,1645562182290
42277456,touchdown,276,172,1645562182621
42277456,touchmove,282,174,1645562182648
42277456,touchmove,288,174,1645562182662
42277456,touchmove,296,174,1645562182670
42277456,touchmove,306,174,1645562182679
42277456,touchmove,317,174,1645562182687
42277456,touchmove,329,175,1645562182695
42277456,touchmove,342,175,1645562182704
42277456,touchmove,356,175,1645562182712
42277456,touchmove,370,176,1645562182720
42277456,touchmove,385,176,1645562182729
42277456,touchmove,402,176,1645562182737
42277456,touchmove,418,176,1645562182745
42277456,touchmove,435,177,1645562182754
42277456,touchmove,454,177,1645562182762
42277456,touchmove,472,177,1645562182770
42277456,touchmove,491,178,1645562182779
42277456,touchmove,512,178,1645562182787
42277456,touchmove,530,178,1645562182795
42277456,touchmove,550,178,1645562182804
42277456,touchmove,570,178,1645562182812
42277456,touchmove,590,179,1645562182821
42277456,touchmove,610,180,1645562182829
42277456,touchmove,629,180,1645562182837
42277456,touchmove,647,181,1645562182845
42277456,touchmove,665,181,1645562182854
42277456,touchmove,680,182,1645562182862
42277456,touchmove,695,183,1645562182871
42277456,touchmove,710,185,1645562182879
42277456,touchmove,722,185,1645562182887
42277456,touchmove,733,186,1645562182895
42277456,touchmove,744,187,1645562182904
42277456,touchmove,753,188,1645562182912
42277456,touchmove,761,189,1645562182921
42277456,touchmove,769,190,1645562182929
42277456,touchmove,774,190,1645562182937
42277456,touchmove,779,190,1645562182945
42277456,touchmove,783,190,1645562182954
42277456,touchmove,786,190,1645562182962
42277456,touchmove,788,190,1645562182971
42277456,touchmove,789,190,1645562182979
42277456,touchmove,790,190,1645562182987
42277456,touchmove,791,190,1645562182996
42277456,touchmove,792,190,1645562183012
42277456,touchend,0,0,1645562183033
42277457,touchdown,398,71,1645562184179
42277457,touchmove,401,77,1645562184208
42277457,touchmove,404,81,1645562184221
42277457,touchmove,407,87,1645562184230
42277457,touchmove,410,95,1645562184238
42277457,touchmove,412,104,1645562184246
42277457,touchmove,414,114,1645562184255
42277457,touchmove,415,125,1645562184263
42277457,touchmove,415,136,1645562184271
42277457,touchmove,416,147,1645562184280
42277457,touchmove,416,160,1645562184288
42277457,touchmove,416,172,1645562184296
42277457,touchmove,416,185,1645562184305
42277457,touchmove,415,200,1645562184313
42277457,touchmove,414,215,1645562184321
42277457,touchmove,414,231,1645562184330
42277457,touchmove,414,246,1645562184338
42277457,touchmove,414,260,1645562184346
42277457,touchmove,414,275,1645562184355
42277457,touchmove,414,291,1645562184363
42277457,touchmove,416,306,1645562184371
42277457,touchmove,416,321,1645562184380
42277457,touchmove,417,337,1645562184388
42277457,touchmove,418,352,1645562184396
42277457,touchmove,419,366,1645562184405
42277457,touchmove,420,380,1645562184413
42277457,touchmove,421,393,1645562184421
42277457,touchmove,422,406,1645562184430
42277457,touchmove,423,418,1645562184438
42277457,touchmove,424,428,1645562184446
42277457,touchmove,426,439,1645562184455
42277457,touchmove,426,449,1645562184463
42277457,touchmove,427,458,1645562184471
42277457,touchmove,428,467,1645562184480
42277457,touchmove,429,475,1645562184488
42277457,touchmove,429,482,1645562184496
42277457,touchmove,430,488,1645562184505
42277457,touchmove,430,493,1645562184513
42277457,touchmove,431,497,1645562184521
42277457,touchmove,432,501,1645562184530
42277457,touchmove,433,502,1645562184538
42277457,touchmove,434,503,1645562184546
42277457,touchmove,435,503,1645562184555
42277457,touchmove,437,503,1645562184563
42277457,touchmove,439,500,1645562184571
42277457,touchend,0,0,1645562184575
42277458,touchdown,535,93,1645562184897
42277458,touchmove,536,96,1645562184907
42277458,touchmove,536,101,1645562184914
42277458,touchmove,536,109,1645562184922
42277458,touchmove,536,118,1645562184930
42277458,touchmove,536,128,1645562184938
42277458,touchmove,536,139,1645562184946
42277458,touchmove,536,152,1645562184955
42277458,touchmove,536,163,1645562184963
42277458,touchmove,536,176,1645562184972
42277458,touchmove,535,190,1645562184980
42277458,touchmove,535,205,1645562184988
42277458,touchmove,534,220,1645562184997
42277458,touchmove,533,236,1645562185005
42277458,touchmove,533,251,1645562185013
42277458,touchmove,533,265,1645562185022
42277458,touchmove,533,281,1645562185030
42277458,touchmove,533,295,1645562185038
42277458,touchmove,533,309,1645562185047
42277458,touchmove,533,323,1645562185055
42277458,touchmove,533,337,1645562185063
42277458,touchmove,533,350,1645562185072
42277458,touchmove,533,363,1645562185080
42277458,touchmove,533,375,1645562185088
42277458,touchmove,533,386,1645562185097
42277458,touchmove,533,396,1645562185105
42277458,touchmove,533,406,1645562185114
42277458,touchmove,534,416,1645562185122
42277458,touchmove,534,423,1645562185130
42277458,touchmove,535,431,1645562185138
42277458,touchmove,536,438,1645562185147
42277458,touchmove,536,444,1645562185155
42277458,touchmove,537,450,1645562185163
42277458,touchmove,537,455,1645562185172
42277458,touchmove,537,460,1645562185180
42277458,touchmove,537,464,1645562185188
42277458,touchmove,537,468,1645562185197
42277458,touchmove,537,470,1645562185205
42277458,touchmove,537,472,1645562185214
42277458,touchmove,537,473,1645562185222
42277458,touchmove,537,471,1645562185242
42277458,touchend,0,0,1645562185250
42277459,touchdown,666,72,1645562185514
42277459,touchmove,666,70,1645562185551
42277459,touchmove,666,73,1645562185564
42277459,touchmove,666,78,1645562185572
42277459,touchmove,666,85,1645562185580
42277459,touchmove,666,92,1645562185589
42277459,touchmove,666,102,1645562185597
42277459,touchmove,666,112,1645562185605
42277459,touchmove,666,123,1645562185614
42277459,touchmove,666,135,1645562185622
42277459,touchmove,666,146,1645562185630
42277459,touchmove,666,158,1645562185639
42277459,touchmove,666,170,1645562185647
42277459,touchmove,666,183,1645562185655
42277459,touchmove,666,197,1645562185664
42277459,touchmove,665,211,1645562185672
42277459,touchmove,665,225,1645562185680
42277459,touchmove,665,241,1645562185689
42277459,touchmove,664,255,1645562185697
42277459,touchmove,663,270,1645562185706
42277459,touchmove,663,285,1645562185714
42277459,touchmove,662,300,1645562185722
42277459,touchmove,662,314,1645562185730
42277459,touchmove,662,329,1645562185739
42277459,touchmove,662,343,1645562185747
42277459,touchmove,662,357,1645562185755
42277459,touchmove,662,371,1645562185764
42277459,touchmove,662,383,1645562185772
42277459,touchmove,662,396,1645562185781
42277459,touchmove,662,408,1645562185789
42277459,touchmove,662,419,1645562185797
42277459,touchmove,662,430,1645562185806
42277459,touchmove,662,440,1645562185814
42277459,touchmove,662,449,1645562185822
42277459,touchmove,662,458,1645562185831
42277459,touchmove,662,465,1645562185839
42277459,touchmove,662,472,1645562185847
42277459,touchmove,662,478,1645562185856
42277459,touchmove,663,483,1645562185864
42277459,touchmove,663,487,1645562185872
42277459,touchmove,664,490,1645562185881
42277459,touchmove,664,492,1645562185889
42277459,touchmove,665,493,1645562185897
42277459,touchmove,665,492,1645562185939
42277459,touchmove,665,488,1645562185947
42277459,touchend,0,0,1645562185951
42277460,touchdown,799,82,1645562186231
42277460,touchmove,801,90,1645562186259
42277460,touchmove,801,96,1645562186272
42277460,touchmove,801,105,1645562186281
42277460,touchmove,801,114,1645562186289
42277460,touchmove,801,123,1645562186297
42277460,touchmove,800,133,1645562186306
42277460,touchmove,799,143,1645562186314
42277460,touchmove,798,153,1645562186322
42277460,touchmove,797,165,1645562186331
42277460,touchmove,796,176,1645562186339
42277460,touchmove,795,189,1645562186348
42277460,touchmove,795,202,1645562186356
42277460,touchmove,794,216,1645562186364
42277460,touchmove,793,231,1645562186372
42277460,touchmove,793,245,1645562186381
42277460,touchmove,792,259,1645562186389
42277460,touchmove,792,273,1645562186398
42277460,touchmove,791,288,1645562186406
42277460,touchmove,790,302,1645562186414
42277460,touchmove,790,315,1645562186423
42277460,touchmove,789,330,1645562186431
42277460,touchmove,789,343,1645562186439
42277460,touchmove,788,356,1645562186448
42277460,touchmove,788,370,1645562186456
42277460,touchmove,788,382,1645562186464
42277460,touchmove,788,393,1645562186473
42277460,touchmove,788,405,1645562186481
42277460,touchmove,788,416,1645562186489
42277460,touchmove,788,426,1645562186498
42277460,touchmove,788,436,1645562186506
42277460,touchmove,788,445,1645562186514
42277460,touchmove,789,454,1645562186523
42277460,touchmove,789,463,1645562186531
42277460,touchmove,789,470,1645562186539
42277460,touchmove,790,477,1645562186548
42277460,touchmove,791,483,1645562186556
42277460,touchmove,791,488,1645562186564
42277460,touchmove,792,493,1645562186573
42277460,touchmove,792,497,1645562186581
42277460,touchmove,793,500,1645562186589
42277460,touchmove,793,502,1645562186598
42277460,touchmove,793,503,1645562186606
42277460,touchmove,794,503,1645562186614
42277460,touchmove,794,502,1645562186631
42277460,touchmove,794,499,1645562186639
42277460,touchend,0,0,1645562186643
42277461,touchdown,872,64,1645562186929
42277461,touchmove,870,66,1645562186968
42277461,touchmove,870,69,1645562186981
42277461,touchmove,870,76,1645562186990
42277461,touchmove,870,85,1645562186998
42277461,touchmove,870,95,1645562187006
42277461,touchmove,870,106,1645562187014
42277461,touchmove,870,118,1645562187023
42277461,touchmove,869,130,1645562187031
42277461,touchmove,869,142,1645562187040
42277461,touchmove,868,156,1645562187048
42277461,touchmove,867,168,1645562187056
42277461,touchmove,865,181,1645562187065
42277461,touchmove,864,195,1645562187073
42277461,touchmove,863,209,1645562187081
42277461,touchmove,862,224,1645562187090
42277461,touchmove,861,240,1645562187098
42277461,touchmove,860,255,1645562187106
42277461,touchmove,860,269,1645562187115
42277461,touchmove,859,285,1645562187123
42277461,touchmove,858,300,1645562187131
42277461,touchmove,857,314,1645562187140
42277461,touchmove,856,330,1645562187148
42277461,touchmove,855,344,1645562187157
42277461,touchmove,854,357,1645562187165
42277461,touchmove,853,372,1645562187173
42277461,touchmove,851,384,1645562187181
42277461,touchmove,851,397,1645562187190
42277461,touchmove,851,410,1645562187198
42277461,touchmove,851,421,1645562187206
42277461,touchmove,851,432,1645562187215
42277461,touchmove,851,443,1645562187223
42277461,touchmove,851,452,1645562187231
42277461,touchmove,851,460,1645562187240
42277461,touchmove,851,469,1645562187248
42277461,touchmove,851,476,1645562187256
42277461,touchmove,851,482,1645562187265
42277461,touchmove,851,488,1645562187273
42277461,touchmove,851,492,1645562187281
42277461,touchmove,852,496,1645562187290
42277461,touchmove,852,500,1645562187298
42277461,touchmove,853,502,1645562187306
42277461,touchmove,853,503,1645562187315
42277461,touchmove,853,504,1645562187323
42277461,touchmove,853,502,1645562187356
42277461,touchmove,852,499,1645562187365
42277461,touchmove,848,492,1645562187373
42277461,touchend,0,0,1645562187377
42277462,touchdown,735,81,1645562187657
42277462,touchmove,732,89,1645562187685
42277462,touchmove,730,95,1645562187698
42277462,touchmove,728,103,1645562187707
42277462,touchmove,726,113,1645562187715
42277462,touchmove,725,124,1645562187723
42277462,touchmove,724,135,1645562187732
42277462,touchmove,724,148,1645562187740
42277462,touchmove,723,159,1645562187748
42277462,touchmove,722,172,1645562187757
42277462,touchmove,722,187,1645562187765
42277462,touchmove,722,203,1645562187773
42277462,touchmove,721,220,1645562187782
42277462,touchmove,719,238,1645562187790
42277462,touchmove,717,255,1645562187798
42277462,touchmove,715,272,1645562187807
42277462,touchmove,713,289,1645562187815
42277462,touchmove,712,306,1645562187823
42277462,touchmove,711,322,1645562187832
42277462,touchmove,710,339,1645562187840
42277462,touchmove,710,354,1645562187848
42277462,touchmove,710,370,1645562187857
42277462,touchmove,710,384,1645562187865
42277462,touchmove,710,397,1645562187873
42277462,touchmove,710,410,1645562187882
42277462,touchmove,710,423,1645562187890
42277462,touchmove,710,434,1645562187898
42277462,touchmove,710,444,1645562187907
42277462,touchmove,710,454,1645562187915
42277462,touchmove,710,463,1645562187923
42277462,touchmove,710,470,1645562187932
42277462,touchmove,710,478,1645562187940
42277462,touchmove,710,483,1645562187948
42277462,touchmove,710,488,1645562187957
42277462,touchmove,710,492,1645562187965
42277462,touchmove,710,495,1645562187973
42277462,touchmove,710,498,1645562187982
42277462,touchmove,710,500,1645562187998
42277462,touchmove,710,499,1645562187990
42277462,touchmove,709,498,1645562188018
42277462,touchmove,708,495,1645562188032
42277462,touchmove,705,490,1645562188040
42277462,touchend,0,0,1645562188044
42277463,touchdown,609,79,1645562188333
42277463,touchmove,608,82,1645562188360
42277463,touchmove,608,87,1645562188374
42277463,touchmove,607,97,1645562188382
42277463,touchmove,605,107,1645562188390
42277463,touchmove,604,119,1645562188399
42277463,touchmove,603,131,1645562188407
42277463,touchmove,602,142,1645562188415
42277463,touchmove,601,153,1645562188424
42277463,touchmove,600,166,1645562188432
42277463,touchmove,598,179,1645562188440
42277463,touchmove,597,194,1645562188449
42277463,touchmove,596,209,1645562188457
42277463,touchmove,595,223,1645562188465
42277463,touchmove,595,238,1645562188474
42277463,touchmove,594,253,1645562188482
42277463,touchmove,593,267,1645562188490
42277463,touchmove,593,282,1645562188499
42277463,touchmove,592,297,1645562188507
42277463,touchmove,592,311,1645562188515
42277463,touchmove,592,325,1645562188524
42277463,touchmove,592,339,1645562188532
42277463,touchmove,592,353,1645562188541
42277463,touchmove,592,368,1645562188549
42277463,touchmove,591,380,1645562188557
42277463,touchmove,591,392,1645562188565
42277463,touchmove,590,405,1645562188574
42277463,touchmove,590,415,1645562188582
42277463,touchmove,590,425,1645562188590
42277463,touchmove,590,435,1645562188599
42277463,touchmove,590,443,1645562188607
42277463,touchmove,590,451,1645562188616
42277463,touchmove,590,458,1645562188624
42277463,touchmove,590,464,1645562188632
42277463,touchmove,590,470,1645562188640
42277463,touchmove,590,474,1645562188649
42277463,touchmove,590,478,1645562188657
42277463,touchmove,589,481,1645562188665
42277463,touchmove,589,484,1645562188674
42277463,touchmove,589,485,1645562188682
42277463,touchmove,588,485,1645562188691
42277463,touchmove,587,484,1645562188716
42277463,touchmove,586,482,1645562188724
42277463,touchmove,585,478,1645562188732
42277463,touchend,0,0,1645562188735
42277464,touchdown,479,85,1645562189024
42277464,touchmove,479,90,1645562189052
42277464,touchmove,479,95,1645562189066
42277464,touchmove,479,102,1645562189074
42277464,touchmove,478,111,1645562189082
42277464,touchmove,478,122,1645562189091
42277464,touchmove,477,133,1645562189099
42277464,touchmove,477,144,1645562189107
42277464,touchmove,476,156,1645562189116
42277464,touchmove,476,168,1645562189124
42277464,touchmove,476,181,1645562189132
42277464,touchmove,474,195,1645562189141
42277464,touchmove,473,209,1645562189149
42277464,touchmove,472,225,1645562189157
42277464,touchmove,471,240,1645562189166
42277464,touchmove,470,255,1645562189174
42277464,touchmove,469,269,1645562189182
42277464,touchmove,468,285,1645562189191
42277464,touchmove,467,299,1645562189199
42277464,touchmove,467,314,1645562189207
42277464,touchmove,466,328,1645562189216
42277464,touchmove,465,342,1645562189224
42277464,touchmove,465,356,1645562189233
42277464,touchmove,465,369,1645562189241
42277464,touchmove,465,381,1645562189249
42277464,touchmove,464,392,1645562189257
42277464,touchmove,463,404,1645562189266
42277464,touchmove,462,414,1645562189274
42277464,touchmove,461,424,1645562189283
42277464,touchmove,459,432,1645562189291
42277464,touchmove,458,440,1645562189299
42277464,touchmove,457,447,1645562189308
42277464,touchmove,456,454,1645562189316
42277464,touchmove,455,459,1645562189324
42277464,touchmove,455,464,1645562189333
42277464,touchmove,455,467,1645562189341
42277464,touchmove,454,470,1645562189349
42277464,touchmove,454,472,1645562189357
42277464,touchmove,454,473,1645562189366
42277464,touchmove,453,473,1645562189383
42277464,touchmove,453,472,1645562189391
42277464,touchmove,453,470,1645562189399
42277464,touchmove,452,466,1645562189408
42277464,touchend,0,0,1645562189411
42277465,touchdown,348,71,1645562189675
42277465,touchmove,347,70,1645562189711
42277465,touchmove,347,73,1645562189724
42277465,touchmove,347,79,1645562189733
42277465,touchmove,347,86,1645562189741
42277465,touchmove,347,95,1645562189749
42277465,touchmove,348,105,1645562189758
42277465,touchmove,349,115,1645562189766
42277465,touchmove,350,125,1645562189774
42277465,touchmove,351,136,1645562189783
42277465,touchmove,351,147,1645562189791
42277465,touchmove,351,158,1645562189799
42277465,touchmove,352,170,1645562189808
42277465,touchmove,352,181,1645562189816
42277465,touchmove,352,195,1645562189825
42277465,touchmove,352,209,1645562189833
42277465,touchmove,352,223,1645562189841
42277465,touchmove,352,237,1645562189849
42277465,touchmove,352,251,1645562189858
42277465,touchmove,352,265,1645562189866
42277465,touchmove,351,279,1645562189875
42277465,touchmove,351,294,1645562189883
42277465,touchmove,350,308,1645562189891
42277465,touchmove,349,322,1645562189900
42277465,touchmove,348,336,1645562189908
42277465,touchmove,347,350,1645562189916
42277465,touchmove,345,363,1645562189925
42277465,touchmove,343,376,1645562189933
42277465,touchmove,341,387,1645562189941
42277465,touchmove,340,398,1645562189950
42277465,touchmove,339,410,1645562189958
42277465,touchmove,338,419,1645562189967
42277465,touchmove,337,428,1645562189975
42277465,touchmove,336,436,1645562189983
42277465,touchmove,335,443,1645562189991
42277465,touchmove,334,450,1645562190000
42277465,touchmove,333,456,1645562190008
42277465,touchmove,333,461,1645562190016
42277465,touchmove,332,465,1645562190025
42277465,touchmove,332,468,1645562190033
42277465,touchmove,331,469,1645562190041
42277465,touchmove,331,470,1645562190050
42277465,touchmove,330,468,1645562190075
42277465,touchmove,326,463,1645562190083
42277465,touchmove,322,457,1645562190091
42277465,touchend,0,0,1645562190095
42277466,touchdown,273,58,1645562190375
42277466,touchmove,273,62,1645562190425
42277466,touchmove,273,67,1645562190433
42277466,touchmove,272,73,1645562190442
42277466,touchmove,271,81,1645562190450
42277466,touchmove,269,89,1645562190458
42277466,touchmove,267,99,1645562190466
42277466,touchmove,265,109,1645562190475
42277466,touchmove,264,119,1645562190483
42277466,touchmove,262,129,1645562190491
42277466,touchmove,261,139,1645562190500
42277466,touchmove,259,150,1645562190508
42277466,touchmove,259,161,1645562190517
42277466,touchmove,258,171,1645562190525
42277466,touchmove,257,182,1645562190533
42277466,touchmove,257,194,1645562190542
42277466,touchmove,257,207,1645562190550
42277466,touchmove,256,219,1645562190558
42277466,touchmove,256,232,1645562190567
42277466,touchmove,256,245,1645562190575
42277466,touchmove,255,258,1645562190583
42277466,touchmove,255,272,1645562190592
42277466,touchmove,255,286,1645562190600
42277466,touchmove,255,299,1645562190608
42277466,touchmove,255,312,1645562190617
42277466,touchmove,255,325,1645562190625
42277466,touchmove,255,337,1645562190633
42277466,touchmove,255,350,1645562190642
42277466,touchmove,255,363,1645562190650
42277466,touchmove,256,374,1645562190658
42277466,touchmove,256,384,1645562190667
42277466,touchmove,256,396,1645562190675
42277466,touchmove,257,405,1645562190683
42277466,touchmove,257,415,1645562190692
42277466,touchmove,258,424,1645562190700
42277466,touchmove,258,432,1645562190708
42277466,touchmove,259,440,1645562190717
42277466,touchmove,259,449,1645562190725
42277466,touchmove,259,456,1645562190733
42277466,touchmove,259,464,1645562190742
42277466,touchmove,259,471,1645562190750
42277466,touchmove,259,477,1645562190758
42277466,touchmove,259,482,1645562190767
42277466,touchmove,258,487,1645562190775
42277466,touchmove,257,490,1645562190783
42277466,touchmove,257,493,1645562190792
42277466,touchmove,256,496,1645562190800
42277466,touchmove,256,498,1645562190808
42277466,touchmove,256,500,1645562190817
42277466,touchmove,255,501,1645562190825
42277466,touchmove,255,499,1645562190875
42277466,touchend,0,0,1645562190878
42277467,touchdown,310,46,1645562191901
42277467,touchmove,316,45,1645562191937
42277467,touchmove,317,45,1645562191951
42277467,touchmove,321,47,1645562191959
42277467,touchmove,324,50,1645562191967
42277467,touchmove,328,54,1645562191976
42277467,touchmove,333,58,1645562191984
42277467,touchmove,339,64,1645562191992
42277467,touchmove,352,77,1645562192009
42277467,touchmove,345,70,1645562192001
42277467,touchmove,359,84,1645562192017
42277467,touchmove,367,92,1645562192026
42277467,touchmove,375,100,1645562192034
42277467,touchmove,384,108,1645562192042
42277467,touchmove,394,118,1645562192051
42277467,touchmove,404,127,1645562192059
42277467,touchmove,415,137,1645562192067
42277467,touchmove,426,147,1645562192076
42277467,touchmove,435,157,1645562192084
42277467,touchmove,445,168,1645562192092
42277467,touchmove,457,179,1645562192101
42277467,touchmove,469,190,1645562192109
42277467,touchmove,482,201,1645562192118
42277467,touchmove,496,213,1645562192126
42277467,touchmove,509,225,1645562192134
42277467,touchmove,524,236,1645562192143
42277467,touchmove,539,248,1645562192151
42277467,touchmove,554,259,1645562192159
42277467,touchmove,570,271,1645562192168
42277467,touchmove,586,283,1645562192176
42277467,touchmove,602,295,1645562192184
42277467,touchmove,618,305,1645562192193
42277467,touchmove,635,317,1645562192201
42277467,touchmove,651,328,1645562192209
42277467,touchmove,666,338,1645562192218
42277467,touchmove,681,350,1645562192226
42277467,touchmove,695,359,1645562192234
42277467,touchmove,708,368,1645562192243
42277467,touchmove,721,377,1645562192251
42277467,touchmove,731,385,1645562192259
42277467,touchmove,740,392,1645562192268
42277467,touchmove,750,399,1645562192276
42277467,touchmove,757,405,1645562192284
42277467,touchmove,763,410,1645562192293
42277467,touchmove,769,415,1645562192301
42277467,touchmove,773,418,1645562192309
42277467,touchmove,776,421,1645562192318
42277467,touchmove,779,423,1645562192326
42277467,touchmove,781,425,1645562192334
42277467,touchmove,782,426,1645562192343
42277467,touchmove,783,427,1645562192351
42277467,touchmove,783,426,1645562192379
42277467,touchmove,777,422,1645562192393
42277467,touchend,0,0,1645562192396
42277468,touchdown,279,149,1645562192701
42277468,touchmove,286,156,1645562192721
42277468,touchmove,291,158,1645562192734
42277468,touchmove,298,163,1645562192743
42277468,touchmove,305,168,1645562192751
42277468,touchmove,314,174,1645562192760
42277468,touchmove,324,181,1645562192768
42277468,touchmove,336,189,1645562192776
42277468,touchmove,348,197,1645562192785
42277468,touchmove,361,206,1645562192793
42277468,touchmove,374,215,1645562192801
42277468,touchmove,389,225,1645562192810
42277468,touchmove,404,236,1645562192818
42277468,touchmove,418,246,1645562192826
42277468,touchmove,433,256,1645562192835
42277468,touchmove,449,267,1645562192843
42277468,touchmove,464,278,1645562192851
42277468,touchmove,480,289,1645562192860
42277468,touchmove,497,300,1645562192868
42277468,touchmove,512,311,1645562192876
42277468,touchmove,528,321,1645562192885
42277468,touchmove,545,332,1645562192893
42277468,touchmove,560,343,1645562192901
42277468,touchmove,575,354,1645562192910
42277468,touchmove,591,364,1645562192918
42277468,touchmove,605,374,1645562192926
42277468,touchmove,619,384,1645562192934
42277468,touchmove,632,393,1645562192943
42277468,touchmove,644,402,1645562192951
42277468,touchmove,655,410,1645562192960
42277468,touchmove,664,417,1645562192968
42277468,touchmove,673,424,1645562192976
42277468,touchmove,682,431,1645562192985
42277468,touchmove,691,437,1645562192993
42277468,touchmove,698,443,1645562193001
42277468,touchmove,705,448,1645562193010
42277468,touchmove,710,451,1645562193018
42277468,touchmove,715,455,1645562193026
42277468,touchmove,719,458,1645562193035
42277468,touchmove,721,460,1645562193043
42277468,touchmove,723,461,1645562193052
42277468,touchmove,724,462,1645562193060
42277468,touchmove,721,460,1645562193101
42277468,touchend,0,0,1645562193105
42277469,touchdown,287,270,1645562193343
42277469,touchmove,281,267,1645562193354
42277469,touchmove,275,265,1645562193360
42277469,touchmove,271,262,1645562193368
42277469,touchmove,267,260,1645562193376
42277469,touchmove,265,259,1645562193385
42277469,touchmove,264,258,1645562193393
42277469,touchmove,263,258,1645562193401
42277469,touchmove,263,259,1645562193421
42277469,touchmove,263,262,1645562193435
42277469,touchmove,264,265,1645562193443
42277469,touchmove,266,269,1645562193452
42277469,touchmove,270,274,1645562193460
42277469,touchmove,276,280,1645562193468
42277469,touchmove,283,286,1645562193477
42277469,touchmove,291,293,1645562193485
42277469,touchmove,302,300,1645562193493
42277469,touchmove,313,308,1645562193502
42277469,touchmove,326,316,1645562193510
42277469,touchmove,338,323,1645562193518
42277469,touchmove,352,331,1645562193527
42277469,touchmove,365,340,1645562193535
42277469,touchmove,379,349,1645562193543
42277469,touchmove,394,358,1645562193552
42277469,touchmove,410,368,1645562193560
42277469,touchmove,425,377,1645562193568
42277469,touchmove,440,387,1645562193577
42277469,touchmove,456,397,1645562193585
42277469,touchmove,470,408,1645562193593
42277469,touchmove,485,418,1645562193602
42277469,touchmove,501,429,1645562193610
42277469,touchmove,515,438,1645562193618
42277469,touchmove,530,448,1645562193627
42277469,touchmove,545,459,1645562193635
42277469,touchmove,558,468,1645562193643
42277469,touchmove,572,477,1645562193652
42277469,touchmove,585,486,1645562193660
42277469,touchmove,596,494,1645562193668
42277469,touchmove,608,502,1645562193677
42277469,touchmove,619,509,1645562193685
42277469,touchmove,628,516,1645562193693
42277469,touchmove,636,522,1645562193702
42277469,touchmove,643,527,1645562193710
42277469,touchmove,648,532,1645562193718
42277469,touchmove,653,535,1645562193727
42277469,touchmove,657,538,1645562193735
42277469,touchmove,660,540,1645562193743
42277469,touchmove,663,542,1645562193752
42277469,touchmove,665,542,1645562193760
42277469,touchmove,666,542,1645562193768
42277469,touchmove,667,542,1645562193777
42277469,touchmove,667,540,1645562193810
42277469,touchmove,667,538,1645562193819
42277469,touchmove,665,534,1645562193827
42277469,touchend,0,0,1645562193831
42277470,touchdown,448,36,1645562194169
42277470,touchmove,451,36,1645562194214
42277470,touchmove,456,40,1645562194227
42277470,touchmove,463,45,1645562194235
42277470,touchmove,472,52,1645562194244
42277470,touchmove,483,60,1645562194252
42277470,touchmove,493,68,1645562194260
42277470,touchmove,504,76,1645562194269
42277470,touchmove,515,84,1645562194277
42277470,touchmove,526,92,1645562194285
42277470,touchmove,538,101,1645562194294
42277470,touchmove,551,111,1645562194302
42277470,touchmove,564,120,1645562194310
42277470,touchmove,578,130,1645562194319
42277470,touchmove,591,140,1645562194327
42277470,touchmove,605,149,1645562194335
42277470,touchmove,618,159,1645562194344
42277470,touchmove,632,169,1645562194352
42277470,touchmove,647,180,1645562194361
42277470,touchmove,662,190,1645562194369
42277470,touchmove,694,212,1645562194386
42277470,touchmove,678,201,1645562194377
42277470,touchmove,710,223,1645562194394
42277470,touchmove,725,233,1645562194402
42277470,touchmove,740,243,1645562194411
42277470,touchmove,756,253,1645562194419
42277470,touchmove,770,263,1645562194427
42277470,touchmove,785,272,1645562194436
42277470,touchmove,798,282,1645562194444
42277470,touchmove,810,290,1645562194452
42277470,touchmove,823,299,1645562194460
42277470,touchmove,836,307,1645562194469
42277470,touchmove,846,314,1645562194477
42277470,touchmove,856,321,1645562194486
42277470,touchmove,866,328,1645562194494
42277470,touchmove,874,334,1645562194502
42277470,touchmove,881,339,1645562194511
42277470,touchmove,888,344,1645562194519
42277470,touchmove,893,349,1645562194527
42277470,touchmove,897,352,1645562194536
42277470,touchmove,901,356,1645562194544
42277470,touchmove,904,359,1645562194552
42277470,touchmove,906,361,1645562194561
42277470,touchmove,907,363,1645562194569
42277470,touchmove,908,364,1645562194577
42277470,touchmove,904,364,1645562194611
42277470,touchend,0,0,1645562194614
42277471,touchdown,273,244,1645562194961
42277471,touchmove,276,246,1645562194972
42277471,touchmove,281,248,1645562194978
42277471,touchmove,288,252,1645562194986
42277471,touchmove,296,257,1645562194994
42277471,touchmove,305,263,1645562195002
42277471,touchmove,317,270,1645562195011
42277471,touchmove,327,276,1645562195019
42277471,touchmove,339,283,1645562195027
42277471,touchmove,352,291,1645562195036
42277471,touchmove,365,299,1645562195044
42277471,touchmove,379,307,1645562195052
42277471,touchmove,394,315,1645562195061
42277471,touchmove,409,323,1645562195069
42277471,touchmove,424,333,1645562195078
42277471,touchmove,439,342,1645562195086
42277471,touchmove,453,351,1645562195094
42277471,touchmove,468,361,1645562195103
42277471,touchmove,483,371,1645562195111
42277471,touchmove,497,380,1645562195119
42277471,touchmove,510,389,1645562195128
42277471,touchmove,523,399,1645562195136
42277471,touchmove,535,408,1645562195144
42277471,touchmove,547,417,1645562195153
42277471,touchmove,559,427,1645562195161
42277471,touchmove,571,436,1645562195169
42277471,touchmove,582,445,1645562195178
42277471,touchmove,594,455,1645562195186
42277471,touchmove,604,463,1645562195194
42277471,touchmove,614,471,1645562195203
42277471,touchmove,623,479,1645562195211
42277471,touchmove,631,486,1645562195219
42277471,touchmove,639,493,1645562195228
42277471,touchmove,646,501,1645562195236
42277471,touchmove,652,507,1645562195244
42277471,touchmove,658,513,1645562195253
42277471,touchmove,664,519,1645562195261
42277471,touchmove,668,524,1645562195269
42277471,touchmove,673,528,1645562195278
42277471,touchmove,677,532,1645562195286
42277471,touchmove,680,535,1645562195294
42277471,touchmove,682,536,1645562195303
42277471,touchmove,683,537,1645562195311
42277471,touchmove,684,537,1645562195319
42277471,touchmove,684,536,1645562195336
42277471,touchmove,684,532,1645562195344
42277471,touchend,0,0,1645562195348
42277472,touchdown,665,92,1645562195661
42277472,touchmove,671,91,1645562195672
42277472,touchmove,677,91,1645562195679
42277472,touchmove,684,91,1645562195686
42277472,touchmove,692,93,1645562195694
42277472,touchmove,701,97,1645562195703
42277472,touchmove,710,102,1645562195711
42277472,touchmove,720,108,1645562195719
42277472,touchmove,729,115,1645562195728
42277472,touchmove,740,122,1645562195736
42277472,touchmove,750,129,1645562195745
42277472,touchmove,760,138,1645562195753
42277472,touchmove,770,146,1645562195761
42277472,touchmove,779,154,1645562195770
42277472,touchmove,788,163,1645562195778
42277472,touchmove,797,171,1645562195786
42277472,touchmove,807,180,1645562195795
42277472,touchmove,819,190,1645562195803
42277472,touchmove,831,200,1645562195811
42277472,touchmove,843,209,1645562195820
42277472,touchmove,854,219,1645562195828
42277472,touchmove,864,228,1645562195836
42277472,touchmove,874,237,1645562195845
42277472,touchmove,884,246,1645562195853
42277472,touchmove,893,254,1645562195861
42277472,touchmove,901,262,1645562195870
42277472,touchmove,908,270,1645562195878
42277472,touchmove,913,277,1645562195886
42277472,touchmove,919,283,1645562195895
42277472,touchmove,924,289,1645562195903
42277472,touchmove,929,294,1645562195911
42277472,touchmove,934,298,1645562195920
42277472,touchmove,938,303,1645562195928
42277472,touchmove,942,307,1645562195936
42277472,touchmove,946,310,1645562195945
42277472,touchmove,949,312,1645562195953
42277472,touchmove,950,314,1645562195961
42277472,touchmove,951,316,1645562195970
42277472,touchmove,951,317,1645562195978
42277472,touchend,0,0,1645562195990
42277473,touchmove,372,220,1645562196370
42277473,touchmove,380,224,1645562196378
42277473,touchmove,389,230,1645562196387
42277473,touchmove,361,214,1645562196348
42277473,touchmove,365,216,1645562196361
42277473,touchdown,354,211,1645562196330
42277473,touchmove,399,236,1645562196395
42277473,touchmove,409,242,1645562196403
42277473,touchmove,421,250,1645562196412
42277473,touchmove,434,257,1645562196420
42277473,touchmove,459,273,1645562196437
42277473,touchmove,446,265,1645562196428
42277473,touchmove,472,282,1645562196445
42277473,touchmove,485,291,1645562196453
42277473,touchmove,499,300,1645562196462
42277473,touchmove,514,310,1645562196470
42277473,touchmove,528,319,1645562196478
42277473,touchmove,543,330,1645562196487
42277473,touchmove,558,341,1645562196495
42277473,touchmove,573,351,1645562196503
42277473,touchmove,588,363,1645562196512
42277473,touchmove,603,374,1645562196520
42277473,touchmove,616,384,1645562196528
42277473,touchmove,628,396,1645562196537
42277473,touchmove,639,406,1645562196545
42277473,touchmove,649,416,1645562196553
42277473,touchmove,658,426,1645562196562
42277473,touchmove,666,435,1645562196570
42277473,touchmove,675,445,1645562196578
42277473,touchmove,684,454,1645562196587
42277473,touchmove,691,463,1645562196595
42277473,touchmove,697,471,1645562196603
42277473,touchmove,704,479,1645562196612
42277473,touchmove,709,485,1645562196620
42277473,touchmove,715,492,1645562196628
42277473,touchmove,720,497,1645562196637
42277473,touchmove,724,502,1645562196645
42277473,touchmove,728,506,1645562196653
42277473,touchmove,731,509,1645562196662
42277473,touchmove,734,512,1645562196670
42277473,touchmove,736,514,1645562196678
42277473,touchmove,738,515,1645562196687
42277473,touchend,0,0,1645562196715
42277474,touchdown,290,390,1645562197038
42277474,touchmove,296,395,1645562197057
42277474,touchmove,300,398,1645562197070
42277474,touchmove,305,403,1645562197079
42277474,touchmove,311,408,1645562197087
42277474,touchmove,318,413,1645562197095
42277474,touchmove,325,419,1645562197104
42277474,touchmove,334,425,1645562197112
42277474,touchmove,343,431,1645562197120
42277474,touchmove,353,438,1645562197129
42277474,touchmove,363,445,1645562197137
42277474,touchmove,374,451,1645562197145
42277474,touchmove,385,459,1645562197154
42277474,touchmove,396,465,1645562197162
42277474,touchmove,407,473,1645562197170
42277474,touchmove,419,480,1645562197179
42277474,touchmove,430,487,1645562197187
42277474,touchmove,440,493,1645562197195
42277474,touchmove,450,501,1645562197204
42277474,touchmove,460,508,1645562197212
42277474,touchmove,469,515,1645562197220
42277474,touchmove,478,523,1645562197229
42277474,touchmove,486,530,1645562197237
42277474,touchmove,495,536,1645562197245
42277474,touchmove,503,543,1645562197254
42277474,touchmove,510,549,1645562197262
42277474,touchmove,516,554,1645562197270
42277474,touchmove,523,559,1645562197279
42277474,touchmove,528,564,1645562197287
42277474,touchmove,534,568,1645562197296
42277474,touchmove,539,572,1645562197304
42277474,touchmove,543,576,1645562197312
42277474,touchmove,547,578,1645562197320
42277474,touchmove,550,580,1645562197329
42277474,touchmove,553,582,1645562197337
42277474,touchmove,555,583,1645562197346
42277474,touchmove,557,583,1645562197354
42277474,touchmove,558,584,1645562197362
42277474,touchend,0,0,1645562197390
42277475,touchdown,435,163,1645562197813
42277475,touchmove,439,165,1645562197824
42277475,touchmove,445,166,1645562197831
42277475,touchmove,453,171,1645562197837
42277475,touchmove,463,176,1645562197846
42277475,touchmove,474,183,1645562197854
42277475,touchmove,486,190,1645562197862
42277475,touchmove,498,199,1645562197871
42277475,touchmove,522,217,1645562197887
42277475,touchmove,509,207,1645562197879
42277475,touchmove,535,227,1645562197896
42277475,touchmove,548,237,1645562197904
42277475,touchmove,562,248,1645562197912
42277475,touchmove,577,259,1645562197921
42277475,touchmove,590,270,1645562197929
42277475,touchmove,604,281,1645562197938
42277475,touchmove,619,293,1645562197946
42277475,touchmove,632,303,1645562197954
42277475,touchmove,646,314,1645562197962
42277475,touchmove,659,324,1645562197971
42277475,touchmove,671,335,1645562197979
42277475,touchmove,683,346,1645562197987
42277475,touchmove,695,356,1645562197996
42277475,touchmove,705,366,1645562198004
42277475,touchmove,715,375,1645562198013
42277475,touchmove,724,385,1645562198021
42277475,touchmove,733,393,1645562198029
42277475,touchmove,742,402,1645562198038
42277475,touchmove,751,411,1645562198046
42277475,touchmove,759,418,1645562198054
42277475,touchmove,766,425,1645562198063
42277475,touchmove,774,431,1645562198071
42277475,touchmove,780,437,1645562198079
42277475,touchmove,786,443,1645562198088
42277475,touchmove,792,448,1645562198096
42277475,touchmove,797,453,1645562198104
42277475,touchmove,802,457,1645562198113
42277475,touchmove,805,460,1645562198121
42277475,touchmove,808,463,1645562198129
42277475,touchmove,810,465,1645562198138
42277475,touchmove,812,465,1645562198146
42277475,touchmove,811,463,1645562198179
42277475,touchmove,807,459,1645562198188
42277475,touchmove,801,454,1645562198196
42277475,touchend,0,0,1645562198200
42277476,touchdown,598,118,1645562198530
42277476,touchmove,606,119,1645562198540
42277476,touchmove,614,120,1645562198547
42277476,touchmove,624,122,1645562198554
42277476,touchmove,634,126,1645562198563
42277476,touchmove,645,131,1645562198571
42277476,touchmove,656,137,1645562198579
42277476,touchmove,667,143,1645562198588
42277476,touchmove,679,149,1645562198596
42277476,touchmove,691,156,1645562198604
42277476,touchmove,703,164,1645562198613
42277476,touchmove,716,171,1645562198621
42277476,touchmove,729,179,1645562198629
42277476,touchmove,745,187,1645562198638
42277476,touchmove,759,196,1645562198646
42277476,touchmove,773,205,1645562198655
42277476,touchmove,788,215,1645562198663
42277476,touchmove,802,224,1645562198671
42277476,touchmove,816,233,1645562198680
42277476,touchmove,830,242,1645562198688
42277476,touchmove,843,250,1645562198696
42277476,touchmove,855,259,1645562198705
42277476,touchmove,866,267,1645562198713
42277476,touchmove,876,275,1645562198721
42277476,touchmove,885,282,1645562198730
42277476,touchmove,893,289,1645562198738
42277476,touchmove,900,295,1645562198746
42277476,touchmove,906,300,1645562198755
42277476,touchmove,911,304,1645562198763
42277476,touchmove,915,308,1645562198771
42277476,touchmove,919,312,1645562198780
42277476,touchmove,922,314,1645562198788
42277476,touchmove,924,317,1645562198796
42277476,touchmove,926,319,1645562198805
42277476,touchmove,928,321,1645562198813
42277476,touchmove,929,322,1645562198821
42277476,touchmove,930,323,1645562198830
42277476,touchmove,931,323,1645562198838
42277476,touchmove,930,323,1645562198891
42277476,touchend,0,0,1645562198900
42277477,touchdown,667,77,1645562200005
42277477,touchmove,661,79,1645562200034
42277477,touchmove,657,80,1645562200047
42277477,touchmove,652,83,1645562200055
42277477,touchmove,645,87,1645562200064
42277477,touchmove,637,92,1645562200072
42277477,touchmove,627,98,1645562200080
42277477,touchmove,615,105,1645562200089
42277477,touchmove,603,112,1645562200097
42277477,touchmove,590,120,1645562200105
42277477,touchmove,575,129,1645562200114
42277477,touchmove,561,138,1645562200122
42277477,touchmove,547,148,1645562200130
42277477,touchmove,534,157,1645562200139
42277477,touchmove,523,167,1645562200147
42277477,touchmove,509,178,1645562200155
42277477,touchmove,494,189,1645562200164
42277477,touchmove,479,200,1645562200172
42277477,touchmove,465,212,1645562200180
42277477,touchmove,452,224,1645562200189
42277477,touchmove,439,236,1645562200197
42277477,touchmove,426,247,1645562200206
42277477,touchmove,413,258,1645562200214
42277477,touchmove,402,269,1645562200222
42277477,touchmove,391,280,1645562200231
42277477,touchmove,381,290,1645562200239
42277477,touchmove,372,300,1645562200247
42277477,touchmove,363,309,1645562200256
42277477,touchmove,354,317,1645562200264
42277477,touchmove,347,325,1645562200272
42277477,touchmove,340,332,1645562200281
42277477,touchmove,333,340,1645562200289
42277477,touchmove,327,345,1645562200297
42277477,touchmove,322,351,1645562200306
42277477,touchmove,318,356,1645562200314
42277477,touchmove,314,359,1645562200322
42277477,touchmove,312,362,1645562200330
42277477,touchmove,311,364,1645562200339
42277477,touchmove,309,365,1645562200347
42277477,touchmove,309,366,1645562200356
42277477,touchmove,309,365,1645562200376
42277477,touchmove,312,363,1645562200389
42277477,touchmove,317,359,1645562200397
42277477,touchend,0,0,1645562200401
42277478,touchdown,799,93,1645562200682
42277478,touchmove,793,99,1645562200701
42277478,touchmove,789,101,1645562200714
42277478,touchmove,782,104,1645562200722
42277478,touchmove,773,108,1645562200731
42277478,touchmove,764,113,1645562200739
42277478,touchmove,754,119,1645562200748
42277478,touchmove,742,125,1645562200756
42277478,touchmove,729,132,1645562200764
42277478,touchmove,717,139,1645562200772
42277478,touchmove,703,147,1645562200781
42277478,touchmove,690,155,1645562200789
42277478,touchmove,677,165,1645562200797
42277478,touchmove,662,175,1645562200806
42277478,touchmove,647,185,1645562200814
42277478,touchmove,629,196,1645562200823
42277478,touchmove,610,209,1645562200831
42277478,touchmove,594,221,1645562200839
42277478,touchmove,576,234,1645562200848
42277478,touchmove,558,247,1645562200856
42277478,touchmove,541,260,1645562200864
42277478,touchmove,524,274,1645562200873
42277478,touchmove,508,288,1645562200881
42277478,touchmove,493,302,1645562200889
42277478,touchmove,477,315,1645562200898
42277478,touchmove,461,329,1645562200906
42277478,touchmove,447,342,1645562200914
42277478,touchmove,434,354,1645562200923
42277478,touchmove,421,366,1645562200931
42277478,touchmove,409,377,1645562200939
42277478,touchmove,397,388,1645562200948
42277478,touchmove,386,399,1645562200956
42277478,touchmove,376,408,1645562200964
42277478,touchmove,366,418,1645562200973
42277478,touchmove,356,426,1645562200981
42277478,touchmove,348,433,1645562200989
42277478,touchmove,341,439,1645562200998
42277478,touchmove,335,444,1645562201006
42277478,touchmove,331,447,1645562201014
42277478,touchmove,327,449,1645562201023
42277478,touchmove,326,450,1645562201031
42277478,touchmove,325,450,1645562201039
42277478,touchmove,325,449,1645562201059
42277478,touchmove,327,445,1645562201073
42277478,touchmove,332,441,1645562201081
42277478,touchend,0,0,1645562201085
42277479,touchdown,852,153,1645562201348
42277479,touchmove,854,156,1645562201393
42277479,touchmove,852,159,1645562201406
42277479,touchmove,847,164,1645562201415
42277479,touchmove,841,169,1645562201423
42277479,touchmove,833,175,1645562201431
42277479,touchmove,823,181,1645562201440
42277479,touchmove,813,188,1645562201448
42277479,touchmove,802,195,1645562201456
42277479,touchmove,790,203,1645562201465
42277479,touchmove,777,213,1645562201473
42277479,touchmove,764,222,1645562201481
42277479,touchmove,749,232,1645562201490
42277479,touchmove,733,242,1645562201498
42277479,touchmove,717,253,1645562201506
42277479,touchmove,700,265,1645562201515
42277479,touchmove,682,277,1645562201523
42277479,touchmove,665,290,1645562201531
42277479,touchmove,647,303,1645562201540
42277479,touchmove,628,316,1645562201548
42277479,touchmove,609,330,1645562201556
42277479,touchmove,590,344,1645562201565
42277479,touchmove,571,359,1645562201573
42277479,touchmove,554,372,1645562201581
42277479,touchmove,536,385,1645562201590
42277479,touchmove,520,399,1645562201598
42277479,touchmove,506,412,1645562201606
42277479,touchmove,491,424,1645562201615
42277479,touchmove,477,435,1645562201623
42277479,touchmove,465,446,1645562201631
42277479,touchmove,454,455,1645562201640
42277479,touchmove,443,464,1645562201648
42277479,touchmove,435,473,1645562201656
42277479,touchmove,426,480,1645562201665
42277479,touchmove,418,487,1645562201673
42277479,touchmove,412,492,1645562201681
42277479,touchmove,406,498,1645562201690
42277479,touchmove,401,503,1645562201698
42277479,touchmove,396,507,1645562201706
42277479,touchmove,392,511,1645562201715
42277479,touchmove,388,514,1645562201723
42277479,touchmove,385,516,1645562201731
42277479,touchmove,383,518,1645562201740
42277479,touchmove,381,519,1645562201748
42277479,touchmove,382,518,1645562201776
42277479,touchmove,387,515,1645562201790
42277479,touchmove,393,510,1645562201798
42277479,touchend,0,0,1645562201802
42277480,touchdown,898,288,1645562202056
42277480,touchmove,899,295,1645562202094
42277480,touchmove,896,298,1645562202107
42277480,touchmove,890,302,1645562202115
42277480,touchmove,882,307,1645562202123
42277480,touchmove,874,312,1645562202132
42277480,touchmove,863,318,1645562202140
42277480,touchmove,853,324,1645562202148
42277480,touchmove,842,331,1645562202157
42277480,touchmove,830,338,1645562202165
42277480,touchmove,818,346,1645562202173
42277480,touchmove,806,354,1645562202182
42277480,touchmove,792,363,1645562202190
42277480,touchmove,778,373,1645562202198
42277480,touchmove,764,382,1645562202207
42277480,touchmove,748,393,1645562202215
42277480,touchmove,735,403,1645562202223
42277480,touchmove,721,414,1645562202232
42277480,touchmove,706,426,1645562202240
42277480,touchmove,692,436,1645562202248
42277480,touchmove,678,448,1645562202257
42277480,touchmove,663,460,1645562202265
42277480,touchmove,651,472,1645562202273
42277480,touchmove,638,483,1645562202282
42277480,touchmove,625,493,1645562202290
42277480,touchmove,614,504,1645562202298
42277480,touchmove,604,514,1645562202307
42277480,touchmove,595,523,1645562202315
42277480,touchmove,586,531,1645562202323
42277480,touchmove,578,539,1645562202332
42277480,touchmove,572,545,1645562202340
42277480,touchmove,566,551,1645562202348
42277480,touchmove,561,557,1645562202357
42277480,touchmove,557,562,1645562202365
42277480,touchmove,554,565,1645562202373
42277480,touchmove,551,569,1645562202382
42277480,touchmove,549,571,1645562202390
42277480,touchmove,547,573,1645562202399
42277480,touchmove,547,574,1645562202407
42277480,touchmove,548,573,1645562202435
42277480,touchmove,550,570,1645562202448
42277480,touchend,0,0,1645562202452
42277481,touchdown,933,388,1645562202759
42277481,touchmove,929,396,1645562202777
42277481,touchmove,927,398,1645562202790
42277481,touchmove,924,401,1645562202798
42277481,touchmove,920,405,1645562202807
42277481,touchmove,915,410,1645562202815
42277481,touchmove,910,414,1645562202824
42277481,touchmove,903,419,1645562202832
42277481,touchmove,897,425,1645562202841
42277481,touchmove,890,431,1645562202849
42277481,touchmove,883,437,1645562202857
42277481,touchmove,875,443,1645562202865
42277481,touchmove,867,450,1645562202874
42277481,touchmove,859,457,1645562202882
42277481,touchmove,850,464,1645562202890
42277481,touchmove,841,472,1645562202899
42277481,touchmove,833,479,1645562202907
42277481,touchmove,824,487,1645562202915
42277481,touchmove,814,495,1645562202924
42277481,touchmove,805,502,1645562202932
42277481,touchmove,796,510,1645562202940
42277481,touchmove,787,517,1645562202949
42277481,touchmove,778,525,1645562202957
42277481,touchmove,770,531,1645562202965
42277481,touchmove,762,538,1645562202974
42277481,touchmove,756,544,1645562202982
42277481,touchmove,750,549,1645562202990
42277481,touchmove,745,554,1645562202999
42277481,touchmove,740,559,1645562203007
42277481,touchmove,736,563,1645562203015
42277481,touchmove,733,566,1645562203024
42277481,touchmove,730,569,1645562203032
42277481,touchmove,727,572,1645562203040
42277481,touchmove,726,574,1645562203049
42277481,touchmove,724,576,1645562203057
42277481,touchmove,722,577,1645562203066
42277481,touchmove,721,578,1645562203074
42277481,touchmove,719,579,1645562203082
42277481,touchmove,718,580,1645562203090
42277481,touchmove,717,580,1645562203099
42277481,touchmove,716,580,1645562203107
42277481,touchend,0,0,1645562203111
42277482,touchdown,604,94,1645562203514
42277482,touchmove,597,92,1645562203532
42277482,touchmove,592,92,1645562203541
42277482,touchmove,587,92,1645562203549
42277482,touchmove,580,96,1645562203557
42277482,touchmove,571,100,1645562203566
42277482,touchmove,562,106,1645562203574
42277482,touchmove,552,112,1645562203582
42277482,touchmove,540,120,1645562203591
42277482,touchmove,530,128,1645562203599
42277482,touchmove,519,136,1645562203608
42277482,touchmove,508,145,1645562203616
42277482,touchmove,499,153,1645562203624
42277482,touchmove,490,162,1645562203633
42277482,touchmove,479,173,1645562203641
42277482,touchmove,469,182,1645562203649
42277482,touchmove,458,193,1645562203658
42277482,touchmove,447,204,1645562203666
42277482,touchmove,437,216,1645562203674
42277482,touchmove,426,228,1645562203683
42277482,touchmove,416,240,1645562203691
42277482,touchmove,405,252,1645562203699
42277482,touchmove,394,264,1645562203707
42277482,touchmove,384,277,1645562203717
42277482,touchmove,374,289,1645562203724
42277482,touchmove,365,302,1645562203733
42277482,touchmove,355,314,1645562203741
42277482,touchmove,346,325,1645562203749
42277482,touchmove,338,337,1645562203758
42277482,touchmove,329,349,1645562203766
42277482,touchmove,322,359,1645562203774
42277482,touchmove,314,369,1645562203783
42277482,touchmove,307,379,1645562203791
42277482,touchmove,300,388,1645562203799
42277482,touchmove,295,396,1645562203808
42277482,touchmove,290,404,1645562203816
42277482,touchmove,285,411,1645562203824
42277482,touchmove,282,416,1645562203833
42277482,touchmove,279,421,1645562203841
42277482,touchmove,276,424,1645562203849
42277482,touchmove,275,427,1645562203858
42277482,touchmove,274,429,1645562203866
42277482,touchmove,273,429,1645562203874
42277482,touchmove,274,429,1645562203894
42277482,touchmove,277,426,1645562203908
42277482,touchend,0,0,1645562203912
42277483,touchdown,750,128,1645562204200
42277483,touchmove,744,133,1645562204216
42277483,touchmove,738,134,1645562204224
42277483,touchmove,731,139,1645562204233
42277483,touchmove,722,145,1645562204241
42277483,touchmove,713,151,1645562204249
42277483,touchmove,703,159,1645562204258
42277483,touchmove,692,167,1645562204266
42277483,touchmove,680,175,1645562204274
42277483,touchmove,667,185,1645562204283
42277483,touchmove,653,194,1645562204291
42277483,touchmove,638,205,1645562204299
42277483,touchmove,623,218,1645562204308
42277483,touchmove,608,230,1645562204316
42277483,touchmove,591,242,1645562204325
42277483,touchmove,574,256,1645562204333
42277483,touchmove,558,269,1645562204341
42277483,touchmove,542,284,1645562204350
42277483,touchmove,525,298,1645562204358
42277483,touchmove,509,312,1645562204366
42277483,touchmove,492,327,1645562204375
42277483,touchmove,476,344,1645562204383
42277483,touchmove,460,358,1645562204391
42277483,touchmove,446,373,1645562204400
42277483,touchmove,431,387,1645562204408
42277483,touchmove,419,400,1645562204416
42277483,touchmove,408,413,1645562204425
42277483,touchmove,397,425,1645562204433
42277483,touchmove,388,434,1645562204441
42277483,touchmove,378,445,1645562204450
42277483,touchmove,370,454,1645562204458
42277483,touchmove,363,462,1645562204466
42277483,touchmove,357,468,1645562204475
42277483,touchmove,352,474,1645562204483
42277483,touchmove,349,479,1645562204491
42277483,touchmove,345,483,1645562204500
42277483,touchmove,342,486,1645562204508
42277483,touchmove,340,488,1645562204516
42277483,touchmove,338,489,1645562204525
42277483,touchmove,337,490,1645562204533
42277483,touchmove,336,490,1645562204541
42277483,touchend,0,0,1645562204553
42277484,touchdown,855,175,1645562204900
42277484,touchmove,853,180,1645562204928
42277484,touchmove,849,185,1645562204941
42277484,touchmove,842,191,1645562204950
42277484,touchmove,833,198,1645562204958
42277484,touchmove,822,206,1645562204967
42277484,touchmove,810,214,1645562204975
42277484,touchmove,798,222,1645562204983
42277484,touchmove,785,231,1645562204992
42277484,touchmove,770,241,1645562205000
42277484,touchmove,755,250,1645562205008
42277484,touchmove,740,261,1645562205017
42277484,touchmove,724,272,1645562205025
42277484,touchmove,710,283,1645562205033
42277484,touchmove,695,294,1645562205042
42277484,touchmove,680,305,1645562205050
42277484,touchmove,666,316,1645562205058
42277484,touchmove,652,328,1645562205067
42277484,touchmove,638,340,1645562205075
42277484,touchmove,624,352,1645562205083
42277484,touchmove,611,364,1645562205092
42277484,touchmove,598,375,1645562205100
42277484,touchmove,586,386,1645562205108
42277484,touchmove,574,398,1645562205117
42277484,touchmove,562,409,1645562205125
42277484,touchmove,551,420,1645562205133
42277484,touchmove,540,429,1645562205142
42277484,touchmove,529,439,1645562205150
42277484,touchmove,520,448,1645562205158
42277484,touchmove,510,456,1645562205167
42277484,touchmove,502,464,1645562205175
42277484,touchmove,495,471,1645562205183
42277484,touchmove,488,478,1645562205192
42277484,touchmove,483,483,1645562205200
42277484,touchmove,477,488,1645562205209
42277484,touchmove,473,492,1645562205217
42277484,touchmove,469,496,1645562205225
42277484,touchmove,467,498,1645562205233
42277484,touchmove,464,500,1645562205242
42277484,touchmove,463,501,1645562205250
42277484,touchend,0,0,1645562205278
42277485,touchdown,883,312,1645562205576
42277485,touchmove,879,318,1645562205595
42277485,touchmove,875,322,1645562205609
42277485,touchmove,869,326,1645562205617
42277485,touchmove,863,332,1645562205625
42277485,touchmove,855,338,1645562205634
42277485,touchmove,846,346,1645562205642
42277485,touchmove,836,354,1645562205650
42277485,touchmove,825,361,1645562205659
42277485,touchmove,813,370,1645562205667
42277485,touchmove,802,379,1645562205675
42277485,touchmove,790,388,1645562205684
42277485,touchmove,778,398,1645562205692
42277485,touchmove,766,408,1645562205700
42277485,touchmove,754,417,1645562205709
42277485,touchmove,741,427,1645562205717
42277485,touchmove,729,437,1645562205725
42277485,touchmove,717,447,1645562205734
42277485,touchmove,705,457,1645562205742
42277485,touchmove,695,467,1645562205750
42277485,touchmove,684,477,1645562205759
42277485,touchmove,673,487,1645562205767
42277485,touchmove,663,495,1645562205775
42277485,touchmove,653,505,1645562205784
42277485,touchmove,645,513,1645562205792
42277485,touchmove,638,521,1645562205800
42277485,touchmove,630,529,1645562205809
42277485,touchmove,624,535,1645562205817
42277485,touchmove,618,542,1645562205826
42277485,touchmove,612,548,1645562205834
42277485,touchmove,608,553,1645562205842
42277485,touchmove,603,558,1645562205850
42277485,touchmove,600,562,1645562205859
42277485,touchmove,596,566,1645562205867
42277485,touchmove,594,569,1645562205876
42277485,touchmove,591,572,1645562205884
42277485,touchmove,589,574,1645562205892
42277485,touchmove,587,575,1645562205900
42277485,touchmove,586,575,1645562205909
42277485,touchend,0,0,1645562205912
42277486,touchdown,706,91,1645562206318
42277486,touchmove,700,96,1645562206334
42277486,touchmove,695,97,1645562206342
42277486,touchmove,688,101,1645562206351
42277486,touchmove,679,106,1645562206359
42277486,touchmove,669,113,1645562206367
42277486,touchmove,657,121,1645562206376
42277486,touchmove,646,129,1645562206384
42277486,touchmove,634,138,1645562206392
42277486,touchmove,622,148,1645562206401
42277486,touchmove,611,158,1645562206409
42277486,touchmove,599,168,1645562206417
42277486,touchmove,585,180,1645562206426
42277486,touchmove,571,192,1645562206434
42277486,touchmove,557,204,1645562206442
42277486,touchmove,542,217,1645562206451
42277486,touchmove,529,229,1645562206459
42277486,touchmove,515,242,1645562206467
42277486,touchmove,502,254,1645562206476
42277486,touchmove,490,266,1645562206484
42277486,touchmove,479,278,1645562206493
42277486,touchmove,467,290,1645562206501
42277486,touchmove,457,302,1645562206509
42277486,touchmove,446,312,1645562206518
42277486,touchmove,436,324,1645562206526
42277486,touchmove,426,335,1645562206534
42277486,touchmove,417,345,1645562206543
42277486,touchmove,407,356,1645562206551
42277486,touchmove,398,365,1645562206559
42277486,touchmove,390,374,1645562206568
42277486,touchmove,381,383,1645562206576
42277486,touchmove,374,390,1645562206584
42277486,touchmove,368,398,1645562206593
42277486,touchmove,361,406,1645562206601
42277486,touchmove,356,412,1645562206609
42277486,touchmove,350,418,1645562206618
42277486,touchmove,345,424,1645562206626
42277486,touchmove,340,428,1645562206634
42277486,touchmove,336,432,1645562206643
42277486,touchmove,332,436,1645562206651
42277486,touchmove,329,438,1645562206659
42277486,touchmove,327,440,1645562206668
42277486,touchmove,324,442,1645562206676
42277486,touchmove,323,443,1645562206684
42277486,touchmove,322,443,1645562206693
42277486,touchmove,321,444,1645562206701
42277486,touchend,0,0,1645562206737
