42277644,touchdown,919,579,1645562395328
42277644,touchend,0,0,1645562395456
42277645,touchdown,788,575,1645562395871
42277645,touchend,0,0,1645562396048
42277646,touchdown,660,562,1645562396479
42277646,touchend,0,0,1645562396682
42277647,touchdown,527,554,1645562397112
42277647,touchend,0,0,1645562397299
42277648,touchdown,386,547,1645562397761
42277648,touchend,0,0,1645562397949
42277649,touchdown,265,548,1645562398455
42277649,touchmove,264,551,1645562398583
42277649,touchmove,264,550,1645562398596
42277649,touchmove,264,549,1645562398604
42277649,touchend,0,0,1645562398607
42277650,touchdown,266,431,1645562399139
42277650,touchend,0,0,1645562399317
42277651,touchdown,399,415,1645562399839
42277651,touchend,0,0,1645562400001
42277652,touchdown,519,424,1645562400531
42277652,touchmove,517,427,1645562400667
42277652,touchmove,517,426,1645562400680
42277652,touchmove,517,425,1645562400697
42277652,touchmove,517,424,1645562400714
42277652,touchend,0,0,1645562400717
42277653,touchdown,662,424,1645562401289
42277653,touchend,0,0,1645562401468
42277654,touchdown,793,431,1645562402223
42277654,touchend,0,0,1645562402377
42277655,touchdown,925,427,1645562403115
42277655,touchend,0,0,1645562403286
42277656,touchdown,925,310,1645562403889
42277656,touchend,0,0,1645562404095
42277657,touchdown,786,292,1645562404608
42277657,touchend,0,0,1645562404853
42277658,touchdown,665,292,1645562405350
42277658,touchend,0,0,1645562405595
42277659,touchdown,519,286,1645562406116
42277659,touchend,0,0,1645562406387
42277660,touchdown,390,286,1645562406826
42277660,touchend,0,0,1645562407063
42277661,touchdown,271,283,1645562407493
42277661,touchend,0,0,1645562407746
42277662,touchdown,255,163,1645562408226
42277662,touchend,0,0,1645562408455
42277663,touchdown,398,155,1645562408802
42277663,touchend,0,0,1645562409056
42277664,touchdown,544,166,1645562409394
42277664,touchend,0,0,1645562409706
42277665,touchdown,670,162,1645562410153
42277665,touchend,0,0,1645562410356
42277666,touchdown,794,163,1645562410820
42277666,touchend,0,0,1645562411015
42277667,touchdown,925,167,1645562411488
42277667,touchend,0,0,1645562411674
42277668,touchdown,913,46,1645562412229
42277668,touchend,0,0,1645562412483
42277669,touchdown,797,33,1645562412821
42277669,touchend,0,0,1645562413100
42277670,touchdown,663,33,1645562413522
42277670,touchend,0,0,1645562413758
42277671,touchdown,529,34,1645562414172
42277671,touchend,0,0,1645562414492
42277672,touchdown,403,35,1645562415014
42277672,touchend,0,0,1645562415260
42277673,touchdown,271,26,1645562415774
42277673,touchend,0,0,1645562415968
42277674,touchdown,392,33,1645562416390
42277674,touchend,0,0,1645562416594
42277675,touchdown,526,43,1645562417032
42277675,touchend,0,0,1645562417310
42277676,touchdown,667,47,1645562417799
42277676,touchend,0,0,1645562417969
42277677,touchdown,788,48,1645562418466
42277677,touchend,0,0,1645562418661
42277678,touchdown,929,44,1645562419159
42277678,touchend,0,0,1645562419328
42277679,touchdown,920,165,1645562419792
42277679,touchend,0,0,1645562420004
42277680,touchdown,789,172,1645562420509
42277680,touchend,0,0,1645562420821
42277681,touchdown,665,167,1645562421235
42277681,touchend,0,0,1645562421413
42277682,touchdown,536,165,1645562421877
42277682,touchend,0,0,1645562422105
42277683,touchdown,401,162,1645562422594
42277683,touchend,0,0,1645562422797
42277684,touchdown,270,158,1645562423252
42277684,touchend,0,0,1645562423464
42277685,touchdown,270,258,1645562423961
42277685,touchend,0,0,1645562424165
42277686,touchdown,395,295,1645562424637
42277686,touchend,0,0,1645562424856
42277687,touchdown,534,288,1645562425329
42277687,touchend,0,0,1645562425523
42277688,touchdown,656,291,1645562426012
42277688,touchend,0,0,1645562426232
42277689,touchdown,796,295,1645562426704
42277689,touchend,0,0,1645562426916
42277690,touchdown,922,288,1645562427395
42277690,touchend,0,0,1645562427566
42277691,touchdown,925,408,1645562428039
42277691,touchend,0,0,1645562428258
42277692,touchdown,784,434,1645562428731
42277692,touchend,0,0,1645562428992
42277693,touchdown,660,425,1645562429414
42277693,touchend,0,0,1645562429676
42277694,touchdown,526,419,1645562430131
42277694,touchend,0,0,1645562430351
42277695,touchdown,398,424,1645562430806
42277695,touchend,0,0,1645562431060
42277696,touchdown,272,425,1645562431507
42277696,touchend,0,0,1645562431752
42277697,touchdown,264,537,1645562432274
42277697,touchmove,264,542,1645562432318
42277697,touchmove,264,543,1645562432332
42277697,touchmove,264,544,1645562432340
42277697,touchmove,264,545,1645562432357
42277697,touchmove,264,546,1645562432365
42277697,touchmove,264,545,1645562432427
42277697,touchmove,264,544,1645562432440
42277697,touchmove,264,543,1645562432457
42277697,touchmove,264,542,1645562432465
42277697,touchmove,264,540,1645562432482
42277697,touchend,0,0,1645562432494
42277698,touchdown,384,555,1645562432983
42277698,touchmove,383,559,1645562433161
42277698,touchmove,383,558,1645562433174
42277698,touchmove,383,557,1645562433191
42277698,touchmove,383,556,1645562433207
42277698,touchmove,383,555,1645562433232
42277698,touchmove,383,554,1645562433241
42277698,touchend,0,0,1645562433245
42277699,touchdown,538,558,1645562433758
42277699,touchmove,537,563,1645562433911
42277699,touchmove,537,562,1645562433933
42277699,touchmove,537,561,1645562433949
42277699,touchmove,537,560,1645562433958
42277699,touchmove,537,559,1645562433966
42277699,touchmove,538,558,1645562433974
42277699,touchend,0,0,1645562433987
42277700,touchdown,665,548,1645562434501
42277700,touchmove,663,552,1645562434695
42277700,touchmove,663,551,1645562434717
42277700,touchmove,663,550,1645562434733
42277700,touchend,0,0,1645562434753
42277701,touchdown,778,553,1645562435184
42277701,touchmove,778,556,1645562435404
42277701,touchmove,778,555,1645562435425
42277701,touchmove,778,554,1645562435442
42277701,touchend,0,0,1645562435445
42277702,touchdown,913,555,1645562435984
42277702,touchmove,913,557,1645562436162
42277702,touchmove,913,556,1645562436176
42277702,touchmove,913,554,1645562436192
42277702,touchend,0,0,1645562436204
42277703,touchdown,926,440,1645562436652
42277703,touchend,0,0,1645562436913
42277704,touchdown,801,417,1645562437311
42277704,touchend,0,0,1645562437539
42277705,touchdown,657,423,1645562438036
42277705,touchend,0,0,1645562438256
42277706,touchdown,531,427,1645562438761
42277706,touchend,0,0,1645562439031
42277707,touchdown,388,423,1645562439537
42277707,touchend,0,0,1645562439774
42277708,touchdown,265,423,1645562440270
42277708,touchmove,263,425,1645562440440
42277708,touchmove,263,424,1645562440470
42277708,touchmove,263,423,1645562440487
42277708,touchmove,263,422,1645562440503
42277708,touchend,0,0,1645562440524
42277709,touchdown,259,298,1645562440971
42277709,touchend,0,0,1645562441199
42277710,touchdown,390,293,1645562441604
42277710,touchend,0,0,1645562441858
42277711,touchdown,529,300,1645562442347
42277711,touchend,0,0,1645562442533
42277712,touchdown,669,303,1645562443038
42277712,touchend,0,0,1645562443251
42277713,touchdown,800,302,1645562443764
42277713,touchend,0,0,1645562443976
42277714,touchdown,922,297,1645562444456
42277714,touchend,0,0,1645562444668
42277715,touchdown,916,174,1645562445215
42277715,touchend,0,0,1645562445427
42277716,touchdown,792,156,1645562445866
42277716,touchend,0,0,1645562446094
42277717,touchdown,657,162,1645562446583
42277717,touchend,0,0,1645562446794
42277718,touchdown,540,157,1645562447308
42277718,touchend,0,0,1645562447545
42277719,touchdown,402,154,1645562448017
42277719,touchend,0,0,1645562448228
42277720,touchdown,271,161,1645562448734
42277720,touchend,0,0,1645562448995
42277721,touchdown,264,34,1645562449485
42277721,touchend,0,0,1645562449696
42277722,touchdown,393,34,1645562450168
42277722,touchend,0,0,1645562450363
42277723,touchdown,536,43,1645562450910
42277723,touchend,0,0,1645562451088
42277724,touchdown,659,42,1645562451694
42277724,touchend,0,0,1645562451889
42277725,touchdown,793,47,1645562452469
42277725,touchend,0,0,1645562452673
42277726,touchdown,920,46,1645562453162
42277726,touchend,0,0,1645562453373
42277727,touchdown,934,175,1645562453936
42277727,touchend,0,0,1645562454148
42277728,touchdown,790,170,1645562454662
42277728,touchend,0,0,1645562454849
42277729,touchdown,663,171,1645562455446
42277729,touchend,0,0,1645562455591
42277730,touchdown,531,169,1645562456197
42277730,touchend,0,0,1645562456350
42277731,touchdown,405,162,1645562456922
42277731,touchend,0,0,1645562457075
42277732,touchdown,265,169,1645562457723
42277732,touchend,0,0,1645562457867
42277733,touchdown,261,278,1645562458432
42277733,touchend,0,0,1645562458593
42277734,touchdown,397,295,1645562459115
42277734,touchend,0,0,1645562459301
42277735,touchdown,527,294,1645562459848
42277735,touchend,0,0,1645562460043
42277736,touchdown,668,296,1645562460589
42277736,touchend,0,0,1645562460761
42277737,touchdown,788,295,1645562461333
42277737,touchend,0,0,1645562461537
42277738,touchdown,924,297,1645562462250
42277738,touchend,0,0,1645562462437
42277739,touchdown,916,419,1645562463075
42277739,touchmove,914,425,1645562463128
42277739,touchmove,914,426,1645562463150
42277739,touchmove,914,425,1645562463216
42277739,touchmove,914,424,1645562463233
42277739,touchmove,914,423,1645562463241
42277739,touchmove,914,422,1645562463250
42277739,touchend,0,0,1645562463253
42277740,touchdown,794,433,1645562463834
42277740,touchend,0,0,1645562464029
42277741,touchdown,671,427,1645562464576
42277741,touchend,0,0,1645562464754
42277742,touchdown,531,417,1645562465252
42277742,touchend,0,0,1645562465489
42277743,touchdown,407,420,1645562465960
42277743,touchmove,405,425,1645562466180
42277743,touchmove,405,424,1645562466210
42277743,touchend,0,0,1645562466222
42277744,touchdown,282,423,1645562466752
42277744,touchend,0,0,1645562466981
42277745,touchdown,265,512,1645562467536
42277745,touchmove,262,519,1645562467572
42277745,touchmove,262,520,1645562467585
42277745,touchmove,262,521,1645562467594
42277745,touchmove,262,522,1645562467602
42277745,touchmove,262,523,1645562467611
42277745,touchmove,262,524,1645562467627
42277745,touchmove,262,523,1645562467827
42277745,touchend,0,0,1645562467847
42277746,touchdown,396,548,1645562468329
42277746,touchend,0,0,1645562468532
42277747,touchdown,533,562,1645562469037
42277747,touchmove,531,565,1645562469207
42277747,touchmove,531,564,1645562469220
42277747,touchmove,531,563,1645562469237
42277747,touchmove,533,562,1645562469245
42277747,touchend,0,0,1645562469257
42277748,touchdown,664,556,1645562469797
42277748,touchmove,663,562,1645562469849
42277748,touchmove,663,563,1645562469870
42277748,touchmove,663,562,1645562469970
42277748,touchmove,663,561,1645562469995
42277748,touchmove,663,560,1645562470020
42277748,touchmove,663,559,1645562470045
42277748,touchmove,663,558,1645562470062
42277748,touchmove,664,558,1645562470070
42277748,touchmove,666,558,1645562470079
42277748,touchend,0,0,1645562470083
42277749,touchdown,788,558,1645562470521
42277749,touchend,0,0,1645562470800
42277750,touchdown,917,555,1645562471322
42277750,touchmove,916,557,1645562471508
42277750,touchmove,916,556,1645562471521
42277750,touchmove,916,555,1645562471546
42277750,touchmove,916,554,1645562471555
42277750,touchend,0,0,1645562471558
42277751,touchdown,917,438,1645562472139
42277751,touchmove,916,440,1645562472309
42277751,touchmove,916,439,1645562472322
42277751,touchend,0,0,1645562472325
42277752,touchdown,798,428,1645562472839
42277752,touchmove,795,433,1645562472900
42277752,touchmove,795,434,1645562472922
42277752,touchmove,795,433,1645562472992
42277752,touchmove,796,432,1645562473014
42277752,touchmove,796,431,1645562473030
42277752,touchend,0,0,1645562473051
42277753,touchdown,663,425,1645562473565
42277753,touchend,0,0,1645562473810
42277754,touchdown,529,425,1645562474357
42277754,touchend,0,0,1645562474519
42277755,touchdown,410,432,1645562475040
42277755,touchend,0,0,1645562475236
42277756,touchdown,281,417,1645562475800
42277756,touchend,0,0,1645562475978
42277757,touchdown,264,304,1645562476608
42277757,touchend,0,0,1645562476786
42277758,touchdown,380,283,1645562477259
42277758,touchend,0,0,1645562477462
42277759,touchdown,530,291,1645562478042
42277759,touchend,0,0,1645562478212
42277760,touchdown,663,302,1645562478759
42277760,touchend,0,0,1645562478938
42277761,touchdown,794,304,1645562479535
42277761,touchend,0,0,1645562479713
42277762,touchdown,926,307,1645562480252
42277762,touchend,0,0,1645562480506
42277763,touchdown,933,167,1645562481136
42277763,touchend,0,0,1645562481281
42277764,touchdown,812,158,1645562481844
42277764,touchend,0,0,1645562482015
42277765,touchdown,668,159,1645562482554
42277765,touchend,0,0,1645562482690
42277766,touchdown,527,167,1645562483279
42277766,touchend,0,0,1645562483407
42277767,touchdown,404,171,1645562484096
42277767,touchend,0,0,1645562484215
42277768,touchdown,283,151,1645562484813
42277768,touchend,0,0,1645562484966
42277769,touchdown,281,43,1645562485547
42277769,touchend,0,0,1645562485717
42277770,touchdown,394,44,1645562486255
42277770,touchend,0,0,1645562486417
42277771,touchdown,533,58,1645562487023
42277771,touchend,0,0,1645562487151
42277772,touchdown,656,48,1645562487781
42277772,touchend,0,0,1645562487918
42277773,touchdown,787,45,1645562488507
42277773,touchend,0,0,1645562488618
42277774,touchdown,921,41,1645562489232
42277774,touchend,0,0,1645562489344
42277775,touchdown,924,162,1645562489966
42277775,touchend,0,0,1645562490119
42277776,touchdown,800,178,1645562490733
42277776,touchend,0,0,1645562490853
42277777,touchdown,660,166,1645562491484
42277777,touchend,0,0,1645562491595
42277778,touchdown,540,167,1645562492234
42277778,touchend,0,0,1645562492354
42277779,touchdown,406,181,1645562493027
42277779,touchend,0,0,1645562493129
42277780,touchdown,278,174,1645562493785
42277780,touchend,0,0,1645562493896
42277781,touchdown,269,291,1645562494502
42277781,touchend,0,0,1645562494613
42277782,touchdown,395,287,1645562495244
42277782,touchend,0,0,1645562495389
42277783,touchdown,530,289,1645562496052
42277783,touchend,0,0,1645562496181
42277784,touchdown,656,299,1645562496737
42277784,touchend,0,0,1645562496923
42277785,touchdown,794,301,1645562497496
42277785,touchend,0,0,1645562497682
42277786,touchdown,913,300,1645562498213
42277786,touchend,0,0,1645562498407
42277787,touchdown,923,419,1645562498930
42277787,touchend,0,0,1645562499133
42277788,touchdown,801,429,1645562499681
42277788,touchend,0,0,1645562499842
42277789,touchdown,667,427,1645562500463
42277789,touchend,0,0,1645562500625
42277790,touchdown,533,434,1645562501183
42277790,touchend,0,0,1645562501334
42277791,touchdown,400,430,1645562501948
42277791,touchend,0,0,1645562502126
42277792,touchdown,274,430,1645562502731
42277792,touchend,0,0,1645562502877
42277793,touchdown,275,524,1645562503432
42277793,touchmove,274,530,1645562503485
42277793,touchmove,274,531,1645562503498
42277793,touchmove,274,530,1645562503560
42277793,touchmove,274,529,1645562503581
42277793,touchmove,274,528,1645562503590
42277793,touchmove,274,527,1645562503598
42277793,touchmove,273,526,1645562503607
42277793,touchend,0,0,1645562503610
42277794,touchdown,414,554,1645562504091
42277794,touchend,0,0,1645562504303
42277795,touchdown,528,559,1645562504832
42277795,touchend,0,0,1645562505036
42277796,touchdown,662,561,1645562505600
42277796,touchmove,662,567,1645562505762
42277796,touchmove,662,566,1645562505774
42277796,touchmove,662,565,1645562505791
42277796,touchmove,662,564,1645562505799
42277796,touchmove,663,563,1645562505808
42277796,touchend,0,0,1645562505811
42277797,touchdown,805,562,1645562506376
42277797,touchend,0,0,1645562506562
42277798,touchdown,920,542,1645562507201
42277798,touchend,0,0,1645562507371
42277799,touchdown,918,438,1645562507943
42277799,touchend,0,0,1645562508113
42277800,touchdown,793,418,1645562508702
42277800,touchend,0,0,1645562508831
42277801,touchdown,664,431,1645562509469
42277801,touchend,0,0,1645562509614
42277802,touchdown,528,424,1645562510143
42277802,touchend,0,0,1645562510306
42277803,touchdown,402,422,1645562510895
42277803,touchend,0,0,1645562511082
42277804,touchdown,271,418,1645562511670
42277804,touchend,0,0,1645562511866
42277805,touchdown,266,290,1645562512454
42277805,touchend,0,0,1645562512666
42277806,touchdown,398,298,1645562513213
42277806,touchend,0,0,1645562513391
42277807,touchdown,533,300,1645562513980
42277807,touchend,0,0,1645562514041
