42278661,touchdown,468,256,1645564082822
42278662,touchdown,282,431,1645564082843
42278662,touchend,0,0,1645564083234
42278661,touchend,0,0,1645564083258
42278663,touchdown,596,288,1645564083722
42278664,touchdown,336,352,1645564083760
42278664,touchend,0,0,1645564084284
42278663,touchend,0,0,1645564084309
42278665,touchdown,458,186,1645564084865
42278666,touchdown,269,365,1645564084881
42278666,touchend,0,0,1645564085309
42278665,touchend,0,0,1645564085351
42278667,touchdown,596,141,1645564085890
42278668,touchdown,394,197,1645564085911
42278668,touchmove,393,199,1645564086394
42278667,touchend,0,0,1645564086410
42278668,touchmove,392,200,1645564086440
42278668,touchend,0,0,1645564086443
42278669,touchdown,510,39,1645564086742
42278670,touchdown,274,241,1645564086742
42278669,touchend,0,0,1645564087244
42278670,touchend,0,0,1645564087245
42278671,touchdown,355,270,1645564087601
42278672,touchdown,510,178,1645564087601
42278671,touchmove,355,272,1645564088095
42278671,touchmove,354,274,1645564088116
42278671,touchmove,352,274,1645564088124
42278671,touchmove,351,275,1645564088133
42278671,touchmove,350,277,1645564088141
42278671,touchend,0,0,1645564088146
42278672,touchend,0,0,1645564088146
42278673,touchdown,352,414,1645564088560
42278674,touchdown,637,337,1645564088560
42278673,touchend,0,0,1645564089070
42278674,touchend,0,0,1645564089111
42278675,touchdown,589,437,1645564089367
42278676,touchdown,790,393,1645564089382
42278676,touchend,0,0,1645564089962
42278675,touchend,0,0,1645564089971
42278677,touchdown,685,143,1645564090301
42278678,touchdown,496,373,1645564090316
42278677,touchmove,686,138,1645564090337
42278677,touchmove,686,137,1645564090350
42278677,touchmove,686,135,1645564090359
42278677,touchmove,686,134,1645564090367
42278677,touchmove,686,133,1645564090375
42278677,touchmove,686,134,1645564090592
42278677,touchmove,686,135,1645564090688
42278678,touchend,0,0,1645564090854
42278677,touchmove,685,134,1645564090855
42278677,touchmove,682,134,1645564090863
42278677,touchmove,679,133,1645564090872
42278677,touchmove,672,132,1645564090884
42278677,touchend,0,0,1645564090888
42278679,touchdown,501,92,1645564091194
42278680,touchdown,393,269,1645564091231
42278680,touchmove,394,269,1645564091588
42278680,touchmove,393,270,1645564091601
42278679,touchend,0,0,1645564091605
42278680,touchmove,392,271,1645564091606
42278680,touchmove,390,272,1645564091618
42278680,touchmove,388,274,1645564091626
42278680,touchmove,385,277,1645564091634
42278680,touchmove,383,279,1645564091643
42278680,touchmove,380,283,1645564091651
42278680,touchmove,378,286,1645564091659
42278680,touchend,0,0,1645564091663
42278681,touchdown,493,136,1645564097056
42278682,touchdown,325,192,1645564097070
42278682,touchend,0,0,1645564097392
42278681,touchend,0,0,1645564097409
42278683,touchdown,572,263,1645564097880
42278684,touchdown,369,279,1645564097901
42278683,touchmove,570,266,1645564098292
42278683,touchmove,570,265,1645564098313
42278683,touchmove,570,264,1645564098363
42278683,touchmove,570,263,1645564098380
42278683,touchend,0,0,1645564098384
42278684,touchend,0,0,1645564098393
42278685,touchdown,459,251,1645564098840
42278686,touchdown,276,338,1645564098855
42278686,touchend,0,0,1645564099293
42278685,touchend,0,0,1645564099317
42278688,touchdown,364,418,1645564099766
42278687,touchdown,548,382,1645564099766
42278687,touchmove,547,387,1645564100168
42278688,touchend,0,0,1645564100177
42278687,touchmove,547,386,1645564100198
42278687,touchmove,548,385,1645564100206
42278687,touchend,0,0,1645564100209
42278689,touchdown,777,241,1645564100666
42278690,touchdown,597,265,1645564100695
42278689,touchmove,775,232,1645564100706
42278689,touchmove,775,231,1645564100715
42278689,touchmove,775,229,1645564100723
42278689,touchmove,775,227,1645564100731
42278689,touchmove,775,226,1645564100740
42278689,touchmove,775,225,1645564100748
42278689,touchmove,775,224,1645564100756
42278689,touchmove,775,223,1645564100781
42278689,touchmove,775,224,1645564100960
42278689,touchmove,775,225,1645564101015
42278689,touchmove,775,226,1645564101093
42278689,touchmove,775,225,1645564101219
42278689,touchmove,773,224,1645564101232
42278689,touchend,0,0,1645564101236
42278690,touchend,0,0,1645564101252
42278691,touchdown,373,98,1645564101776
42278692,touchdown,572,118,1645564101776
42278691,touchmove,372,100,1645564101953
42278691,touchmove,372,101,1645564101974
42278691,touchmove,372,102,1645564101982
42278691,touchmove,372,103,1645564101990
42278691,touchmove,372,104,1645564102007
42278691,touchmove,372,105,1645564102024
42278691,touchmove,372,106,1645564102065
42278691,touchend,0,0,1645564102278
42278692,touchend,0,0,1645564102319
42278693,touchdown,467,228,1645564102826
42278694,touchdown,332,368,1645564102827
42278694,touchend,0,0,1645564103262
42278693,touchmove,479,230,1645564103291
42278693,touchend,0,0,1645564103295
42278695,touchdown,691,365,1645564103786
42278696,touchdown,574,456,1645564103787
42278696,touchend,0,0,1645564104296
42278695,touchend,0,0,1645564104345
42278697,touchdown,664,204,1645564104768
42278698,touchdown,445,264,1645564104789
42278698,touchend,0,0,1645564105296
42278697,touchmove,675,210,1645564105354
42278697,touchmove,677,210,1645564105367
42278697,touchmove,678,210,1645564105376
42278697,touchend,0,0,1645564105388
42278699,touchdown,513,151,1645564105710
42278700,touchdown,369,152,1645564105726
42278700,touchmove,368,156,1645564106197
42278700,touchmove,367,157,1645564106218
42278700,touchend,0,0,1645564106222
42278699,touchend,0,0,1645564106231
42278701,touchdown,412,108,1645564108590
42278702,touchdown,536,111,1645564108590
42278703,touchdown,279,210,1645564108591
42278704,touchdown,692,205,1645564108607
42278705,touchdown,314,486,1645564108726
42278705,touchend,0,0,1645564109024
42278701,touchend,0,0,1645564109033
42278703,touchend,0,0,1645564109033
42278702,touchend,0,0,1645564109041
42278704,touchend,0,0,1645564109041
42278706,touchdown,619,105,1645564109524
42278707,touchdown,416,439,1645564109524
42278708,touchdown,736,142,1645564109524
42278709,touchdown,456,174,1645564109524
42278710,touchdown,862,283,1645564109542
42278710,touchend,0,0,1645564110017
42278706,touchend,0,0,1645564110033
42278708,touchend,0,0,1645564110049
42278709,touchend,0,0,1645564110049
42278707,touchend,0,0,1645564110066
42278711,touchdown,353,137,1645564110456
42278712,touchdown,475,116,1645564110457
42278713,touchdown,245,280,1645564110457
42278714,touchdown,652,192,1645564110476
42278715,touchdown,348,554,1645564110484
42278715,touchend,0,0,1645564110934
42278711,touchend,0,0,1645564110951
42278713,touchend,0,0,1645564110951
42278712,touchend,0,0,1645564110974
42278714,touchend,0,0,1645564110974
42278716,touchdown,518,10,1645564111340
42278717,touchdown,636,26,1645564111340
42278718,touchdown,802,143,1645564111354
42278719,touchdown,369,127,1645564111354
42278720,touchdown,411,442,1645564111377
42278719,touchmove,367,127,1645564111784
42278716,touchend,0,0,1645564111801
42278717,touchend,0,0,1645564111818
42278719,touchend,0,0,1645564111818
42278720,touchend,0,0,1645564111818
42278718,touchmove,802,148,1645564111847
42278718,touchend,0,0,1645564111850
42278721,touchdown,879,299,1645564112275
42278722,touchdown,769,135,1645564112276
42278723,touchdown,487,142,1645564112276
42278724,touchdown,662,85,1645564112276
42278725,touchdown,416,443,1645564112293
42278721,touchend,0,0,1645564112777
42278724,touchend,0,0,1645564112777
42278723,touchend,0,0,1645564112786
42278725,touchend,0,0,1645564112786
42278722,touchend,0,0,1645564112801
42278726,touchdown,347,121,1645564113215
42278727,touchdown,470,117,1645564113231
42278728,touchdown,309,513,1645564113231
42278729,touchdown,230,242,1645564113231
42278730,touchdown,636,222,1645564113244
42278730,touchend,0,0,1645564113694
42278729,touchmove,230,246,1645564113694
42278726,touchend,0,0,1645564113702
42278729,touchmove,230,249,1645564113702
42278729,touchmove,229,252,1645564113714
42278729,touchend,0,0,1645564113718
42278727,touchend,0,0,1645564113726
42278728,touchend,0,0,1645564113726
42278731,touchdown,529,554,1645564114085
42278732,touchdown,578,160,1645564114085
42278733,touchdown,361,336,1645564114085
42278734,touchdown,460,179,1645564114085
42278735,touchdown,753,253,1645564114103
42278733,touchend,0,0,1645564114578
42278734,touchend,0,0,1645564114578
42278732,touchend,0,0,1645564114586
42278731,touchend,0,0,1645564114602
42278735,touchend,0,0,1645564114626
42278736,touchdown,771,210,1645564115032
42278737,touchdown,888,347,1645564115048
42278738,touchdown,550,298,1645564115048
42278740,touchdown,676,189,1645564115048
42278739,touchdown,643,532,1645564115048
42278737,touchend,0,0,1645564115503
42278740,touchend,0,0,1645564115520
42278738,touchend,0,0,1645564115528
42278739,touchend,0,0,1645564115536
42278736,touchend,0,0,1645564115552
42278741,touchdown,464,95,1645564115976
42278742,touchdown,313,203,1645564115976
42278743,touchdown,587,110,1645564115988
42278744,touchdown,746,229,1645564116004
42278745,touchdown,356,534,1645564116012
42278745,touchend,0,0,1645564116354
42278742,touchend,0,0,1645564116370
42278744,touchend,0,0,1645564116370
42278741,touchend,0,0,1645564116378
42278743,touchend,0,0,1645564116386
42278746,touchdown,652,79,1645564116649
42278747,touchdown,762,134,1645564116664
42278748,touchdown,483,124,1645564116670
42278749,touchdown,883,289,1645564116679
42278750,touchdown,374,431,1645564116755
42278749,touchend,0,0,1645564117112
42278746,touchend,0,0,1645564117129
42278748,touchend,0,0,1645564117129
42278747,touchend,0,0,1645564117137
42278750,touchend,0,0,1645564117153
42278751,touchdown,383,399,1645564119611
42278752,touchdown,583,155,1645564119611
42278752,touchmove,580,158,1645564119676
42278752,touchmove,577,161,1645564119684
42278752,touchmove,572,164,1645564119692
42278752,touchmove,567,167,1645564119701
42278751,touchmove,385,398,1645564119709
42278752,touchmove,562,172,1645564119709
42278751,touchmove,385,396,1645564119717
42278752,touchmove,555,177,1645564119717
42278752,touchmove,550,182,1645564119726
42278751,touchmove,385,394,1645564119726
42278751,touchmove,387,392,1645564119734
42278752,touchmove,544,187,1645564119734
42278751,touchmove,388,388,1645564119742
42278752,touchmove,539,192,1645564119743
42278751,touchmove,390,385,1645564119751
42278752,touchmove,534,198,1645564119751
42278751,touchmove,393,382,1645564119759
42278752,touchmove,529,203,1645564119759
42278751,touchmove,396,378,1645564119767
42278752,touchmove,524,209,1645564119767
42278751,touchmove,398,375,1645564119776
42278752,touchmove,520,214,1645564119776
42278751,touchmove,399,372,1645564119784
42278752,touchmove,516,218,1645564119784
42278751,touchmove,400,371,1645564119792
42278752,touchmove,512,222,1645564119792
42278751,touchmove,401,370,1645564119800
42278752,touchmove,509,223,1645564119801
42278752,touchmove,506,225,1645564119809
42278752,touchmove,504,226,1645564119817
42278751,touchmove,401,369,1645564119826
42278752,touchmove,502,227,1645564119826
42278752,touchmove,501,228,1645564119834
42278751,touchmove,401,368,1645564119842
42278752,touchmove,499,228,1645564119843
42278752,touchmove,497,229,1645564119851
42278752,touchmove,495,231,1645564119859
42278751,touchmove,401,367,1645564119859
42278751,touchmove,401,366,1645564119867
42278752,touchmove,493,232,1645564119867
42278752,touchmove,491,234,1645564119876
42278751,touchmove,401,365,1645564119884
42278752,touchmove,490,235,1645564119884
42278751,touchmove,400,364,1645564119893
42278752,touchmove,488,236,1645564119893
42278752,touchmove,487,237,1645564119901
42278751,touchmove,400,363,1645564119909
42278752,touchmove,486,237,1645564119909
42278752,touchmove,485,238,1645564119917
42278751,touchmove,400,362,1645564119926
42278752,touchmove,484,238,1645564119926
42278751,touchmove,400,361,1645564119934
42278752,touchmove,483,239,1645564119934
42278752,touchmove,482,239,1645564119942
42278752,touchmove,481,239,1645564119951
42278751,touchmove,399,360,1645564119959
42278752,touchmove,481,240,1645564119959
42278751,touchmove,399,359,1645564119984
42278751,touchmove,399,358,1645564120009
42278751,touchmove,399,357,1645564120026
42278752,touchmove,481,239,1645564120043
42278751,touchmove,399,356,1645564120059
42278752,touchend,0,0,1645564120063
42278751,touchend,0,0,1645564120071
42278754,touchdown,501,423,1645564120528
42278753,touchdown,674,156,1645564120528
42278753,touchmove,672,162,1645564120572
42278753,touchmove,672,163,1645564120584
42278753,touchmove,671,165,1645564120593
42278753,touchmove,670,166,1645564120601
42278753,touchmove,669,168,1645564120609
42278753,touchmove,666,171,1645564120618
42278753,touchmove,663,173,1645564120626
42278753,touchmove,660,177,1645564120635
42278753,touchmove,655,180,1645564120643
42278753,touchmove,650,185,1645564120651
42278753,touchmove,645,189,1645564120659
42278753,touchmove,641,195,1645564120668
42278754,touchmove,503,423,1645564120668
42278753,touchmove,636,200,1645564120676
42278753,touchmove,632,206,1645564120685
42278754,touchmove,503,419,1645564120676
42278754,touchmove,505,414,1645564120685
42278753,touchmove,628,213,1645564120693
42278754,touchmove,508,408,1645564120693
42278753,touchmove,624,219,1645564120701
42278754,touchmove,510,404,1645564120701
42278753,touchmove,620,224,1645564120709
42278754,touchmove,512,401,1645564120709
42278753,touchmove,617,228,1645564120718
42278754,touchmove,512,399,1645564120718
42278753,touchmove,614,233,1645564120726
42278754,touchmove,513,398,1645564120726
42278753,touchmove,611,236,1645564120735
42278753,touchmove,608,239,1645564120743
42278753,touchmove,605,243,1645564120751
42278753,touchmove,602,246,1645564120760
42278753,touchmove,599,250,1645564120768
42278753,touchmove,596,252,1645564120776
42278753,touchmove,595,255,1645564120785
42278753,touchmove,593,257,1645564120793
42278753,touchmove,591,260,1645564120801
42278753,touchmove,590,261,1645564120810
42278754,touchmove,512,398,1645564120810
42278753,touchmove,589,263,1645564120818
42278753,touchmove,588,264,1645564120826
42278753,touchmove,587,266,1645564120835
42278753,touchmove,586,267,1645564120843
42278753,touchmove,585,269,1645564120851
42278753,touchmove,583,270,1645564120860
42278753,touchmove,582,271,1645564120868
42278753,touchmove,581,272,1645564120876
42278753,touchmove,580,274,1645564120885
42278753,touchmove,579,275,1645564120893
42278753,touchmove,578,275,1645564120901
42278754,touchmove,511,398,1645564120901
42278753,touchmove,577,276,1645564120910
42278753,touchmove,576,276,1645564120927
42278753,touchmove,576,277,1645564120935
42278753,touchmove,575,277,1645564120943
42278754,touchmove,510,398,1645564120951
42278753,touchmove,574,277,1645564120960
42278753,touchmove,573,278,1645564120968
42278753,touchmove,572,279,1645564120976
42278754,touchmove,509,398,1645564120985
42278753,touchmove,571,279,1645564120985
42278753,touchmove,569,280,1645564120993
42278754,touchmove,507,398,1645564121002
42278753,touchmove,567,280,1645564121001
42278754,touchend,0,0,1645564121005
42278753,touchmove,566,281,1645564121005
42278753,touchend,0,0,1645564121013
42278755,touchdown,424,125,1645564121469
42278756,touchdown,297,355,1645564121483
42278755,touchmove,421,130,1645564121514
42278755,touchmove,420,133,1645564121527
42278755,touchmove,417,138,1645564121535
42278755,touchmove,413,143,1645564121543
42278755,touchmove,410,149,1645564121552
42278755,touchmove,406,155,1645564121560
42278755,touchmove,399,166,1645564121577
42278755,touchmove,403,161,1645564121568
42278755,touchmove,396,172,1645564121585
42278755,touchmove,392,177,1645564121593
42278755,touchmove,388,182,1645564121602
42278755,touchmove,385,188,1645564121610
42278755,touchmove,382,192,1645564121618
42278755,touchmove,379,197,1645564121627
42278755,touchmove,377,201,1645564121635
42278755,touchmove,374,204,1645564121644
42278755,touchmove,371,208,1645564121652
42278755,touchmove,369,211,1645564121660
42278755,touchmove,367,214,1645564121668
42278755,touchmove,365,217,1645564121677
42278755,touchmove,364,219,1645564121685
42278755,touchmove,362,220,1645564121693
42278755,touchmove,361,222,1645564121702
42278755,touchmove,360,223,1645564121710
42278755,touchmove,360,224,1645564121719
42278755,touchmove,359,224,1645564121727
42278755,touchmove,359,225,1645564121735
42278755,touchmove,358,226,1645564121844
42278755,touchmove,357,227,1645564121852
42278755,touchmove,357,228,1645564121860
42278755,touchmove,356,228,1645564121869
42278755,touchmove,355,229,1645564121877
42278755,touchmove,355,230,1645564121885
42278755,touchmove,354,231,1645564121902
42278755,touchmove,354,230,1645564121894
42278755,touchmove,354,232,1645564121919
42278755,touchend,0,0,1645564121930
42278756,touchend,0,0,1645564121931
42278757,touchdown,538,393,1645564122320
42278758,touchdown,727,190,1645564122334
42278757,touchmove,544,401,1645564122356
42278758,touchmove,727,194,1645564122369
42278757,touchmove,545,401,1645564122369
42278757,touchmove,546,401,1645564122377
42278758,touchmove,727,196,1645564122377
42278758,touchmove,726,200,1645564122385
42278757,touchmove,547,401,1645564122386
42278758,touchmove,723,204,1645564122394
42278758,touchmove,719,209,1645564122402
42278758,touchmove,715,213,1645564122410
42278758,touchmove,710,217,1645564122419
42278758,touchmove,704,222,1645564122427
42278758,touchmove,698,225,1645564122435
42278758,touchmove,692,229,1645564122444
42278758,touchmove,686,234,1645564122452
42278757,touchmove,546,401,1645564122452
42278758,touchmove,680,238,1645564122461
42278757,touchmove,545,401,1645564122461
42278758,touchmove,674,242,1645564122469
42278758,touchmove,667,247,1645564122477
42278758,touchmove,662,251,1645564122486
42278757,touchmove,544,401,1645564122486
42278758,touchmove,657,255,1645564122494
42278758,touchmove,652,259,1645564122502
42278757,touchmove,543,401,1645564122502
42278758,touchmove,648,262,1645564122511
42278758,touchmove,644,265,1645564122519
42278758,touchmove,641,269,1645564122527
42278758,touchmove,638,271,1645564122536
42278758,touchmove,635,274,1645564122544
42278757,touchmove,543,400,1645564122544
42278758,touchmove,633,276,1645564122552
42278757,touchmove,543,399,1645564122552
42278758,touchmove,630,278,1645564122560
42278758,touchmove,628,280,1645564122569
42278758,touchmove,626,281,1645564122577
42278757,touchmove,543,398,1645564122577
42278758,touchmove,624,283,1645564122586
42278758,touchmove,623,284,1645564122594
42278757,touchmove,542,397,1645564122594
42278758,touchmove,622,286,1645564122602
42278758,touchmove,621,286,1645564122610
42278757,touchmove,542,396,1645564122611
42278758,touchmove,620,287,1645564122619
42278758,touchmove,619,288,1645564122627
42278757,touchmove,542,395,1645564122644
42278758,touchmove,618,288,1645564122652
42278758,touchmove,617,288,1645564122777
42278758,touchmove,616,289,1645564122786
42278757,touchmove,541,395,1645564122786
42278758,touchmove,615,289,1645564122794
42278758,touchmove,613,289,1645564122803
42278757,touchmove,540,395,1645564122803
42278758,touchmove,611,289,1645564122811
42278757,touchmove,539,395,1645564122811
42278758,touchmove,609,290,1645564122819
42278757,touchmove,536,395,1645564122819
42278758,touchmove,607,290,1645564122827
42278757,touchmove,534,396,1645564122827
42278758,touchend,0,0,1645564122831
42278757,touchmove,530,397,1645564122831
42278757,touchmove,525,398,1645564122839
42278757,touchmove,520,399,1645564122848
42278757,touchmove,515,401,1645564122861
42278757,touchend,0,0,1645564122865
42278759,touchdown,500,335,1645564123196
42278760,touchdown,316,480,1645564123216
42278759,touchmove,497,338,1645564123240
42278759,touchmove,496,340,1645564123253
42278759,touchmove,493,342,1645564123261
42278759,touchmove,484,347,1645564123278
42278759,touchmove,490,345,1645564123269
42278759,touchmove,478,350,1645564123286
42278759,touchmove,472,353,1645564123294
42278759,touchmove,466,356,1645564123303
42278759,touchmove,460,359,1645564123311
42278759,touchmove,456,361,1645564123319
42278759,touchmove,452,363,1645564123328
42278759,touchmove,449,365,1645564123336
42278759,touchmove,446,367,1645564123344
42278759,touchmove,443,369,1645564123353
42278759,touchmove,440,370,1645564123361
42278759,touchmove,438,372,1645564123369
42278759,touchmove,436,373,1645564123378
42278760,touchmove,314,477,1645564123386
42278759,touchmove,435,375,1645564123386
42278760,touchmove,314,476,1645564123394
42278759,touchmove,433,377,1645564123394
42278760,touchmove,315,476,1645564123411
42278759,touchmove,428,380,1645564123411
42278759,touchmove,431,378,1645564123403
42278760,touchmove,315,475,1645564123419
42278759,touchmove,426,382,1645564123420
42278759,touchmove,423,383,1645564123428
42278760,touchmove,315,474,1645564123436
42278759,touchmove,421,385,1645564123436
42278759,touchmove,419,386,1645564123444
42278759,touchmove,417,387,1645564123453
42278759,touchmove,416,389,1645564123461
42278759,touchmove,415,389,1645564123469
42278759,touchmove,414,390,1645564123478
42278759,touchmove,415,389,1645564123661
42278759,touchend,0,0,1645564123665
42278760,touchend,0,0,1645564123673
42278761,touchdown,558,422,1645564124045
42278762,touchdown,737,330,1645564124066
42278761,touchmove,563,427,1645564124086
42278761,touchmove,564,427,1645564124095
42278762,touchmove,732,336,1645564124103
42278761,touchmove,565,427,1645564124103
42278762,touchmove,728,338,1645564124112
42278761,touchmove,566,428,1645564124112
42278762,touchmove,724,341,1645564124120
42278761,touchmove,566,429,1645564124120
42278762,touchmove,719,344,1645564124128
42278762,touchmove,714,346,1645564124137
42278761,touchmove,566,430,1645564124137
42278762,touchmove,701,352,1645564124153
42278762,touchmove,708,349,1645564124145
42278761,touchmove,566,431,1645564124145
42278761,touchmove,566,432,1645564124153
42278762,touchmove,695,356,1645564124162
42278762,touchmove,682,364,1645564124178
42278762,touchmove,688,360,1645564124170
42278761,touchmove,566,434,1645564124170
42278761,touchmove,566,435,1645564124178
42278762,touchmove,676,368,1645564124187
42278761,touchmove,566,436,1645564124187
42278762,touchmove,671,371,1645564124195
42278761,touchmove,566,437,1645564124195
42278762,touchmove,667,374,1645564124203
42278762,touchmove,663,377,1645564124211
42278761,touchmove,565,438,1645564124203
42278761,touchmove,565,439,1645564124212
42278762,touchmove,660,379,1645564124220
42278761,touchmove,564,440,1645564124220
42278762,touchmove,657,380,1645564124228
42278761,touchmove,564,441,1645564124228
42278762,touchmove,655,382,1645564124237
42278762,touchmove,652,383,1645564124245
42278761,touchmove,564,442,1645564124245
42278762,touchmove,650,385,1645564124253
42278761,touchmove,563,443,1645564124253
42278762,touchmove,648,386,1645564124261
42278762,touchmove,647,387,1645564124270
42278761,touchmove,563,444,1645564124270
42278762,touchmove,646,388,1645564124278
42278762,touchmove,645,389,1645564124286
42278762,touchmove,644,389,1645564124295
42278762,touchmove,643,390,1645564124303
42278762,touchmove,642,390,1645564124328
42278762,touchmove,642,389,1645564124453
42278761,touchend,0,0,1645564124474
42278762,touchend,0,0,1645564124474
42278763,touchdown,378,110,1645564124981
42278764,touchdown,329,300,1645564124981
42278763,touchmove,374,112,1645564125032
42278763,touchmove,374,115,1645564125045
42278763,touchmove,373,120,1645564125054
42278763,touchmove,371,125,1645564125062
42278763,touchmove,370,130,1645564125070
42278763,touchmove,369,136,1645564125079
42278763,touchmove,367,142,1645564125087
42278763,touchmove,365,147,1645564125095
42278763,touchmove,365,152,1645564125104
42278764,touchmove,335,298,1645564125104
42278763,touchmove,364,157,1645564125112
42278763,touchmove,363,161,1645564125120
42278764,touchmove,336,298,1645564125121
42278763,touchmove,362,164,1645564125129
42278763,touchmove,361,168,1645564125137
42278764,touchmove,337,298,1645564125145
42278763,touchmove,360,171,1645564125145
42278763,touchmove,359,174,1645564125154
42278763,touchmove,358,176,1645564125162
42278763,touchmove,357,178,1645564125170
42278763,touchmove,357,180,1645564125179
42278763,touchmove,356,182,1645564125187
42278764,touchmove,338,298,1645564125187
42278763,touchmove,356,184,1645564125195
42278763,touchmove,356,185,1645564125204
42278764,touchmove,338,299,1645564125204
42278763,touchmove,355,186,1645564125212
42278763,touchmove,355,188,1645564125220
42278763,touchmove,354,190,1645564125229
42278763,touchmove,354,191,1645564125237
42278764,touchmove,338,300,1645564125237
42278763,touchmove,352,192,1645564125245
42278763,touchmove,352,194,1645564125254
42278763,touchmove,351,195,1645564125262
42278763,touchmove,350,196,1645564125270
42278763,touchmove,349,197,1645564125279
42278763,touchmove,348,197,1645564125304
42278764,touchmove,338,301,1645564125341
42278764,touchmove,338,302,1645564125366
42278764,touchmove,338,303,1645564125387
42278764,touchend,0,0,1645564125391
42278763,touchend,0,0,1645564125408
42278765,touchdown,523,244,1645564125838
42278766,touchdown,658,68,1645564125853
42278766,touchmove,656,69,1645564125875
42278766,touchmove,652,71,1645564125888
42278765,touchmove,529,245,1645564125896
42278766,touchmove,646,74,1645564125896
42278765,touchmove,530,245,1645564125904
42278766,touchmove,639,78,1645564125904
42278765,touchmove,531,245,1645564125912
42278766,touchmove,632,83,1645564125912
42278765,touchmove,533,244,1645564125921
42278766,touchmove,625,88,1645564125921
42278765,touchmove,534,243,1645564125929
42278766,touchmove,619,94,1645564125929
42278765,touchmove,534,242,1645564125937
42278766,touchmove,613,99,1645564125937
42278765,touchmove,535,242,1645564125946
42278766,touchmove,608,103,1645564125946
42278765,touchmove,535,241,1645564125954
42278766,touchmove,602,107,1645564125954
42278766,touchmove,597,111,1645564125962
42278765,touchmove,536,241,1645564125962
42278766,touchmove,594,115,1645564125971
42278766,touchmove,591,118,1645564125979
42278766,touchmove,588,121,1645564125987
42278766,touchmove,586,125,1645564125996
42278766,touchmove,584,129,1645564126004
42278766,touchmove,583,133,1645564126013
42278765,touchmove,537,241,1645564126021
42278766,touchmove,582,135,1645564126021
42278765,touchmove,538,241,1645564126029
42278766,touchmove,581,138,1645564126029
42278766,touchmove,581,139,1645564126037
42278765,touchmove,539,241,1645564126055
42278766,touchmove,581,140,1645564126055
42278765,touchmove,540,241,1645564126071
42278765,touchmove,541,241,1645564126104
42278766,touchend,0,0,1645564126267
42278765,touchend,0,0,1645564126284
42278767,touchdown,537,266,1645564126747
42278768,touchdown,336,436,1645564126763
42278767,touchmove,533,270,1645564126780
42278767,touchmove,530,274,1645564126788
42278767,touchmove,525,277,1645564126796
42278767,touchmove,521,280,1645564126805
42278767,touchmove,515,284,1645564126813
42278767,touchmove,510,287,1645564126821
42278767,touchmove,504,290,1645564126830
42278767,touchmove,498,293,1645564126838
42278767,touchmove,493,295,1645564126846
42278767,touchmove,487,298,1645564126855
42278767,touchmove,483,300,1645564126863
42278767,touchmove,478,303,1645564126871
42278767,touchmove,474,305,1645564126880
42278767,touchmove,469,309,1645564126888
42278767,touchmove,465,312,1645564126896
42278767,touchmove,462,314,1645564126905
42278768,touchmove,336,438,1645564126905
42278767,touchmove,459,317,1645564126913
42278768,touchmove,338,438,1645564126913
42278767,touchmove,457,320,1645564126921
42278768,touchmove,340,437,1645564126921
42278767,touchmove,455,323,1645564126930
42278768,touchmove,341,436,1645564126930
42278767,touchmove,454,324,1645564126938
42278768,touchmove,344,436,1645564126938
42278767,touchmove,453,326,1645564126946
42278768,touchmove,345,435,1645564126946
42278767,touchmove,453,327,1645564126955
42278768,touchmove,347,435,1645564126955
42278767,touchmove,452,328,1645564126963
42278768,touchmove,349,434,1645564126963
42278767,touchmove,452,330,1645564126971
42278768,touchmove,350,434,1645564126980
42278767,touchmove,452,331,1645564126988
42278768,touchmove,351,434,1645564126988
42278767,touchmove,451,332,1645564126996
42278768,touchmove,352,434,1645564126996
42278767,touchmove,451,333,1645564127005
42278767,touchmove,450,335,1645564127013
42278767,touchmove,450,336,1645564127030
42278768,touchmove,353,434,1645564127030
42278767,touchmove,449,337,1645564127038
42278767,touchmove,449,336,1645564127188
42278767,touchend,0,0,1645564127201
42278768,touchend,0,0,1645564127201
42278769,touchdown,700,333,1645564127581
42278770,touchdown,475,438,1645564127611
42278769,touchmove,698,338,1645564127630
42278769,touchmove,697,340,1645564127638
42278769,touchmove,695,342,1645564127647
42278769,touchmove,691,344,1645564127655
42278769,touchmove,688,346,1645564127664
42278769,touchmove,682,349,1645564127672
42278769,touchmove,675,350,1645564127680
42278769,touchmove,669,352,1645564127689
42278769,touchmove,662,355,1645564127697
42278769,touchmove,655,357,1645564127705
42278769,touchmove,650,359,1645564127714
42278769,touchmove,645,361,1645564127722
42278769,touchmove,640,364,1645564127730
42278770,touchmove,479,444,1645564127731
42278769,touchmove,636,365,1645564127739
42278770,touchmove,480,444,1645564127739
42278770,touchmove,481,444,1645564127747
42278769,touchmove,629,368,1645564127755
42278769,touchmove,627,369,1645564127763
42278770,touchmove,482,444,1645564127764
42278769,touchmove,624,370,1645564127772
42278770,touchmove,483,443,1645564127772
42278769,touchmove,622,370,1645564127780
42278769,touchmove,619,371,1645564127789
42278769,touchmove,617,372,1645564127797
42278769,touchmove,611,373,1645564127814
42278769,touchmove,614,373,1645564127805
42278770,touchmove,483,442,1645564127805
42278769,touchmove,609,374,1645564127822
42278770,touchmove,483,441,1645564127822
42278769,touchmove,607,375,1645564127830
42278769,touchmove,605,375,1645564127839
42278769,touchmove,604,375,1645564127847
42278769,touchmove,603,375,1645564127855
42278770,touchmove,483,440,1645564127856
42278769,touchmove,602,375,1645564127864
42278769,touchmove,600,375,1645564127897
42278769,touchmove,599,375,1645564127922
42278770,touchmove,482,440,1645564127976
42278769,touchmove,599,374,1645564127997
42278769,touchmove,601,375,1645564127880
42278770,touchmove,482,439,1645564127997
42278769,touchend,0,0,1645564128009
06
42278770,touchend,0,0,1645564128027
42278771,touchdown,419,315,1645564128899
42278772,touchdown,364,389,1645564128899
42278771,touchmove,417,312,1645564128909
42278771,touchmove,417,308,1645564128916
42278771,touchmove,417,305,1645564128922
42278771,touchmove,419,303,1645564128931
42278771,touchmove,423,300,1645564128939
42278771,touchmove,427,298,1645564128948
42278771,touchmove,432,295,1645564128956
42278771,touchmove,436,292,1645564128964
42278772,touchmove,362,394,1645564128964
42278771,touchmove,440,289,1645564128973
42278772,touchmove,360,396,1645564128973
42278771,touchmove,443,286,1645564128981
42278772,touchmove,357,398,1645564128981
42278771,touchmove,445,283,1645564128989
42278772,touchmove,354,401,1645564128989
42278771,touchmove,448,280,1645564128997
42278772,touchmove,351,403,1645564128998
42278771,touchmove,452,277,1645564129006
42278772,touchmove,348,406,1645564129006
42278771,touchmove,455,274,1645564129014
42278772,touchmove,346,409,1645564129014
42278771,touchmove,459,272,1645564129023
42278772,touchmove,345,411,1645564129023
42278771,touchmove,464,269,1645564129031
42278772,touchmove,344,413,1645564129031
42278771,touchmove,470,265,1645564129039
42278772,touchmove,343,415,1645564129040
42278772,touchmove,343,416,1645564129048
42278772,touchmove,343,418,1645564129056
42278771,touchmove,485,258,1645564129056
42278771,touchmove,492,255,1645564129064
42278771,touchmove,500,252,1645564129073
42278772,touchmove,343,420,1645564129073
42278772,touchmove,343,419,1645564129065
42278771,touchmove,507,249,1645564129081
42278772,touchmove,343,421,1645564129081
42278771,touchmove,513,246,1645564129089
42278772,touchmove,343,422,1645564129090
42278771,touchmove,519,244,1645564129098
42278771,touchmove,523,242,1645564129106
42278772,touchmove,343,423,1645564129106
42278771,touchmove,526,240,1645564129114
42278771,touchmove,529,239,1645564129123
42278772,touchmove,343,424,1645564129123
42278771,touchmove,531,237,1645564129131
42278772,touchmove,343,425,1645564129131
42278771,touchmove,532,236,1645564129139
42278771,touchmove,533,236,1645564129148
42278772,touchmove,344,426,1645564129148
42278771,touchmove,534,234,1645564129156
42278772,touchmove,344,427,1645564129164
42278771,touchmove,535,233,1645564129173
42278772,touchmove,345,427,1645564129181
42278771,touchmove,535,232,1645564129190
42278772,touchmove,345,428,1645564129190
42278772,touchmove,345,429,1645564129198
42278771,touchmove,536,232,1645564129198
42278771,touchmove,536,231,1645564129214
42278772,touchmove,345,430,1645564129231
42278771,touchmove,537,231,1645564129239
42278772,touchmove,345,431,1645564129256
42278771,touchmove,538,231,1645564129264
42278771,touchmove,539,231,1645564129290
42278771,touchend,0,0,1645564129310
42278772,touchmove,346,431,1645564129310
42278772,touchend,0,0,1645564129318
42278774,touchdown,426,163,1645564129726
42278773,touchdown,352,258,1645564129725
42278774,touchmove,426,157,1645564129777
42278774,touchmove,426,155,1645564129790
42278774,touchmove,427,153,1645564129798
42278774,touchmove,430,152,1645564129806
42278773,touchmove,347,258,1645564129815
42278774,touchmove,433,148,1645564129815
42278773,touchmove,345,260,1645564129823
42278774,touchmove,438,145,1645564129823
42278773,touchmove,343,262,1645564129831
42278774,touchmove,444,141,1645564129832
42278773,touchmove,341,264,1645564129840
42278774,touchmove,452,137,1645564129840
42278773,touchmove,338,266,1645564129848
42278774,touchmove,460,133,1645564129848
42278773,touchmove,336,268,1645564129856
42278774,touchmove,468,129,1645564129856
42278773,touchmove,335,270,1645564129865
42278774,touchmove,477,126,1645564129865
42278773,touchmove,333,272,1645564129873
42278774,touchmove,486,123,1645564129873
42278773,touchmove,332,274,1645564129881
42278774,touchmove,494,120,1645564129881
42278773,touchmove,331,275,1645564129890
42278774,touchmove,501,118,1645564129890
42278773,touchmove,329,278,1645564129898
42278774,touchmove,509,115,1645564129898
42278774,touchmove,514,112,1645564129906
42278774,touchmove,519,110,1645564129915
42278773,touchmove,327,281,1645564129915
42278773,touchmove,328,279,1645564129906
42278773,touchmove,326,283,1645564129923
42278774,touchmove,523,109,1645564129923
42278774,touchmove,526,107,1645564129932
42278773,touchmove,325,286,1645564129940
42278773,touchmove,326,285,1645564129931
42278774,touchmove,529,105,1645564129940
42278773,touchmove,325,288,1645564129948
42278774,touchmove,532,104,1645564129948
42278773,touchmove,325,289,1645564129956
42278774,touchmove,535,103,1645564129956
42278773,touchmove,325,290,1645564129965
42278774,touchmove,537,101,1645564129965
42278773,touchmove,325,291,1645564129973
42278774,touchmove,539,101,1645564129973
42278774,touchmove,541,100,1645564129981
42278773,touchmove,325,292,1645564129981
42278773,touchmove,325,293,1645564129990
42278774,touchmove,542,99,1645564129990
42278773,touchmove,325,294,1645564129998
42278774,touchmove,543,98,1645564129998
42278774,touchmove,544,98,1645564130007
42278773,touchmove,325,295,1645564130015
42278774,touchmove,544,97,1645564130015
42278773,touchmove,325,296,1645564130023
42278774,touchmove,545,97,1645564130023
42278773,touchmove,325,297,1645564130031
42278774,touchmove,545,96,1645564130040
42278773,touchmove,325,298,1645564130048
42278773,touchmove,325,299,1645564130073
42278773,touchmove,325,300,1645564130090
42278773,touchmove,325,301,1645564130123
42278773,touchmove,325,302,1645564130140
42278773,touchmove,326,302,1645564130148
42278774,touchmove,546,96,1645564130148
42278774,touchmove,547,96,1645564130157
42278774,touchend,0,0,1645564130161
42278773,touchend,0,0,1645564130169
42278776,touchdown,495,389,1645564130592
42278775,touchdown,579,300,1645564130592
42278776,touchmove,496,396,1645564130628
42278776,touchmove,496,398,1645564130640
42278776,touchmove,496,399,1645564130649
42278776,touchmove,495,401,1645564130657
42278776,touchmove,493,403,1645564130665
42278776,touchmove,492,405,1645564130674
42278776,touchmove,490,407,1645564130682
42278776,touchmove,488,409,1645564130690
42278775,touchmove,582,302,1645564130699
42278776,touchmove,487,411,1645564130699
42278775,touchmove,585,299,1645564130707
42278776,touchmove,484,413,1645564130707
42278776,touchmove,483,415,1645564130715
42278775,touchmove,589,295,1645564130715
42278775,touchmove,594,291,1645564130724
42278776,touchmove,481,417,1645564130724
42278775,touchmove,600,287,1645564130732
42278776,touchmove,479,419,1645564130732
42278775,touchmove,606,283,1645564130740
42278776,touchmove,477,421,1645564130740
42278775,touchmove,613,278,1645564130749
42278776,touchmove,475,423,1645564130749
42278775,touchmove,620,274,1645564130757
42278776,touchmove,473,425,1645564130757
42278775,touchmove,627,270,1645564130765
42278776,touchmove,471,427,1645564130765
42278775,touchmove,632,267,1645564130774
42278776,touchmove,469,429,1645564130774
42278775,touchmove,636,264,1645564130782
42278776,touchmove,468,431,1645564130782
42278775,touchmove,640,261,1645564130790
42278776,touchmove,467,433,1645564130790
42278775,touchmove,644,258,1645564130799
42278776,touchmove,465,435,1645564130799
42278775,touchmove,648,255,1645564130807
42278776,touchmove,464,438,1645564130807
42278775,touchmove,652,251,1645564130815
42278776,touchmove,463,440,1645564130815
42278775,touchmove,656,249,1645564130823
42278776,touchmove,462,443,1645564130824
42278775,touchmove,660,246,1645564130832
42278776,touchmove,462,445,1645564130832
42278775,touchmove,662,245,1645564130840
42278776,touchmove,461,447,1645564130840
42278775,touchmove,663,243,1645564130848
42278776,touchmove,460,449,1645564130849
42278775,touchmove,665,242,1645564130857
42278776,touchmove,460,451,1645564130857
42278775,touchmove,665,241,1645564130865
42278776,touchmove,459,453,1645564130865
42278775,touchmove,665,239,1645564130873
42278776,touchmove,459,455,1645564130874
42278776,touchmove,459,456,1645564130882
42278776,touchmove,458,457,1645564130890
42278775,touchmove,665,238,1645564130899
42278776,touchmove,458,459,1645564130899
42278776,touchmove,458,460,1645564130907
42278775,touchmove,665,237,1645564130924
42278776,touchmove,458,462,1645564130924
42278776,touchmove,458,463,1645564130932
42278776,touchmove,458,464,1645564130940
42278775,touchmove,665,236,1645564130949
42278776,touchmove,458,465,1645564130957
42278776,touchmove,458,466,1645564130965
42278776,touchmove,458,467,1645564130974
42278776,touchmove,458,468,1645564130990
42278776,touchmove,458,469,1645564131007
42278775,touchmove,665,235,1645564131024
42278776,touchmove,458,470,1645564131032
42278776,touchmove,459,470,1645564131040
42278776,touchmove,459,471,1645564131065
42278776,touchmove,460,471,1645564131082
42278776,touchend,0,0,1645564131095
42278775,touchmove,664,235,1645564131095
42278775,touchend,0,0,1645564131102
42278777,touchdown,583,486,1645564131483
42278778,touchdown,622,421,1645564131499
42278777,touchmove,588,490,1645564131536
42278778,touchmove,626,418,1645564131536
42278777,touchmove,589,490,1645564131549
42278778,touchmove,627,418,1645564131549
42278777,touchmove,590,491,1645564131557
42278778,touchmove,628,417,1645564131558
42278777,touchmove,590,492,1645564131566
42278778,touchmove,629,416,1645564131566
42278777,touchmove,591,493,1645564131574
42278778,touchmove,630,415,1645564131574
42278777,touchmove,591,494,1645564131582
42278778,touchmove,631,413,1645564131591
42278777,touchmove,592,496,1645564131591
42278777,touchmove,592,497,1645564131599
42278778,touchmove,634,410,1645564131599
42278777,touchmove,593,499,1645564131607
42278778,touchmove,639,405,1645564131607
42278777,touchmove,593,500,1645564131616
42278778,touchmove,645,399,1645564131616
42278777,touchmove,594,502,1645564131624
42278778,touchmove,651,393,1645564131624
42278777,touchmove,595,503,1645564131632
42278778,touchmove,657,388,1645564131632
42278777,touchmove,595,505,1645564131641
42278778,touchmove,663,384,1645564131641
42278777,touchmove,596,506,1645564131649
42278778,touchmove,669,380,1645564131649
42278777,touchmove,598,507,1645564131657
42278778,touchmove,673,378,1645564131657
42278777,touchmove,599,508,1645564131666
42278777,touchmove,601,509,1645564131674
42278778,touchmove,676,377,1645564131666
42278777,touchmove,602,509,1645564131682
42278778,touchmove,682,375,1645564131682
42278777,touchmove,604,510,1645564131691
42278778,touchmove,684,374,1645564131691
42278777,touchmove,606,510,1645564131699
42278778,touchmove,686,374,1645564131699
42278777,touchmove,607,511,1645564131708
42278778,touchmove,688,373,1645564131708
42278777,touchmove,609,511,1645564131716
42278778,touchmove,689,373,1645564131716
42278778,touchmove,691,371,1645564131733
42278777,touchmove,611,511,1645564131741
42278777,touchmove,610,511,1645564131724
42278778,touchmove,690,372,1645564131724
42278778,touchmove,691,370,1645564131741
42278777,touchmove,612,511,1645564131749
42278778,touchmove,693,370,1645564131749
42278777,touchmove,612,512,1645564131758
42278778,touchmove,693,369,1645564131758
42278778,touchmove,694,368,1645564131766
42278777,touchmove,613,512,1645564131774
42278778,touchmove,694,367,1645564131783
42278778,touchmove,695,366,1645564131791
42278777,touchmove,613,514,1645564131832
42278777,touchmove,613,513,1645564131791
42278777,touchmove,613,515,1645564131866
42278777,touchmove,613,516,1645564131883
42278777,touchmove,613,517,1645564131908
42278777,touchmove,613,518,1645564131924
42278777,touchmove,612,518,1645564131933
42278777,touchmove,612,519,1645564131941
42278777,touchmove,611,519,1645564131949
42278777,touchmove,610,520,1645564131958
42278777,touchmove,609,521,1645564131966
42278778,touchend,0,0,1645564131978
42278777,touchmove,607,522,1645564131979
42278777,touchmove,606,523,1645564131992
42278777,touchmove,605,523,1645564131999
42278777,touchend,0,0,1645564132003
42278779,touchdown,341,418,1645564132384
42278780,touchdown,415,281,1645564132400
42278780,touchmove,414,275,1645564132416
42278780,touchmove,414,272,1645564132424
42278779,touchmove,336,412,1645564132425
42278780,touchmove,414,269,1645564132433
42278780,touchmove,415,265,1645564132441
42278779,touchmove,336,411,1645564132441
42278780,touchmove,415,262,1645564132449
42278780,touchmove,416,258,1645564132458
42278779,touchmove,335,411,1645564132458
42278780,touchmove,416,255,1645564132466
42278780,touchmove,418,250,1645564132474
42278779,touchmove,333,412,1645564132475
42278780,touchmove,421,244,1645564132483
42278779,touchmove,332,414,1645564132483
42278780,touchmove,426,238,1645564132491
42278779,touchmove,331,417,1645564132491
42278780,touchmove,430,233,1645564132499
42278779,touchmove,330,419,1645564132500
42278780,touchmove,436,228,1645564132508
42278779,touchmove,329,421,1645564132508
42278780,touchmove,441,223,1645564132516
42278779,touchmove,328,424,1645564132516
42278780,touchmove,447,219,1645564132524
42278779,touchmove,328,426,1645564132524
42278780,touchmove,453,214,1645564132533
42278779,touchmove,327,429,1645564132533
42278780,touchmove,458,210,1645564132541
42278779,touchmove,327,432,1645564132541
42278780,touchmove,463,207,1645564132550
42278779,touchmove,327,434,1645564132550
42278780,touchmove,467,203,1645564132558
42278779,touchmove,327,437,1645564132558
42278780,touchmove,470,200,1645564132566
42278779,touchmove,327,440,1645564132566
42278780,touchmove,473,197,1645564132574
42278779,touchmove,327,443,1645564132575
42278780,touchmove,476,195,1645564132583
42278779,touchmove,327,445,1645564132583
42278780,touchmove,478,193,1645564132591
42278779,touchmove,327,447,1645564132591
42278779,touchmove,327,448,1645564132600
42278780,touchmove,479,191,1645564132599
42278780,touchmove,481,190,1645564132608
42278779,touchmove,328,450,1645564132608
42278780,touchmove,482,188,1645564132616
42278779,touchmove,328,451,1645564132616
42278780,touchmove,483,187,1645564132624
42278779,touchmove,329,451,1645564132625
42278780,touchmove,484,185,1645564132633
42278779,touchmove,330,452,1645564132633
42278779,touchmove,330,453,1645564132641
42278780,touchmove,485,184,1645564132641
42278780,touchmove,486,183,1645564132650
42278779,touchmove,331,453,1645564132650
42278780,touchmove,487,182,1645564132658
42278779,touchmove,331,454,1645564132658
42278780,touchmove,487,181,1645564132666
42278780,touchmove,488,180,1645564132675
42278779,touchmove,331,455,1645564132675
42278779,touchmove,332,455,1645564132683
42278780,touchmove,488,179,1645564132691
42278779,touchend,0,0,1645564132812
42278780,touchend,0,0,1645564132829
42278781,touchdown,617,227,1645564133184
42278782,touchdown,551,320,1645564133199
42278781,touchmove,619,222,1645564133270
42278782,touchmove,556,324,1645564133271
42278781,touchmove,619,220,1645564133283
42278782,touchmove,556,325,1645564133284
42278781,touchmove,621,217,1645564133292
42278782,touchmove,556,327,1645564133292
42278781,touchmove,624,213,1645564133300
42278782,touchmove,555,329,1645564133300
42278781,touchmove,628,209,1645564133308
42278782,touchmove,555,330,1645564133309
42278781,touchmove,633,204,1645564133317
42278782,touchmove,554,331,1645564133317
42278781,touchmove,639,200,1645564133325
42278782,touchmove,554,333,1645564133325
42278781,touchmove,645,195,1645564133333
42278781,touchmove,650,190,1645564133342
42278782,touchmove,554,335,1645564133342
42278781,touchmove,656,186,1645564133350
42278781,touchmove,660,181,1645564133358
42278782,touchmove,554,336,1645564133358
42278781,touchmove,664,177,1645564133367
42278782,touchmove,554,337,1645564133367
42278781,touchmove,668,172,1645564133375
42278782,touchmove,554,338,1645564133375
42278781,touchmove,671,168,1645564133383
42278782,touchmove,554,339,1645564133383
42278781,touchmove,674,165,1645564133392
42278782,touchmove,554,340,1645564133392
42278781,touchmove,677,162,1645564133400
42278782,touchmove,554,341,1645564133400
42278781,touchmove,680,159,1645564133408
42278782,touchmove,554,342,1645564133408
42278781,touchmove,682,156,1645564133417
42278782,touchmove,554,344,1645564133417
42278781,touchmove,686,154,1645564133425
42278782,touchmove,554,345,1645564133425
42278781,touchmove,690,152,1645564133433
42278782,touchmove,554,346,1645564133433
42278781,touchmove,693,150,1645564133442
42278782,touchmove,553,347,1645564133442
42278781,touchmove,695,148,1645564133450
42278782,touchmove,553,349,1645564133450
42278781,touchmove,698,147,1645564133458
42278782,touchmove,553,350,1645564133458
42278781,touchmove,699,145,1645564133467
42278782,touchmove,552,351,1645564133467
42278781,touchmove,701,144,1645564133475
42278782,touchmove,552,352,1645564133475
42278781,touchmove,702,143,1645564133483
42278782,touchmove,552,353,1645564133483
42278781,touchmove,703,142,1645564133492
42278782,touchmove,551,354,1645564133492
42278782,touchmove,551,355,1645564133500
42278781,touchmove,704,142,1645564133508
42278782,touchmove,550,356,1645564133508
42278781,touchmove,704,141,1645564133517
42278782,touchmove,550,357,1645564133517
42278782,touchmove,550,358,1645564133542
42278782,touchmove,550,359,1645564133550
42278782,touchmove,549,359,1645564133575
42278782,touchmove,549,360,1645564133584
42278782,touchmove,548,360,1645564133600
42278782,touchmove,548,361,1645564133609
42278781,touchmove,704,142,1645564133625
42278782,touchmove,547,361,1645564133626
42278781,touchend,0,0,1645564133638
42278782,touchmove,546,361,1645564133638
42278782,touchend,0,0,1645564133646
42278783,touchdown,390,151,1645564134135
42278783,touchmove,389,147,1645564134145
42278784,touchdown,305,235,1645564134152
42278783,touchmove,389,142,1645564134152
42278783,touchmove,389,139,1645564134159
42278783,touchmove,389,137,1645564134167
42278783,touchmove,389,136,1645564134175
42278783,touchmove,390,134,1645564134184
42278783,touchmove,391,132,1645564134192
42278783,touchmove,393,130,1645564134200
42278784,touchmove,300,235,1645564134209
42278783,touchmove,396,127,1645564134209
42278784,touchmove,297,236,1645564134217
42278783,touchmove,401,123,1645564134217
42278784,touchmove,291,238,1645564134225
42278783,touchmove,409,119,1645564134227
42278784,touchmove,287,240,1645564134234
42278783,touchmove,418,114,1645564134234
42278784,touchmove,283,242,1645564134242
42278783,touchmove,427,111,1645564134242
42278783,touchmove,437,108,1645564134251
42278784,touchmove,281,243,1645564134251
42278784,touchmove,279,244,1645564134259
42278783,touchmove,448,106,1645564134259
42278784,touchmove,279,245,1645564134267
42278783,touchmove,457,105,1645564134267
42278783,touchmove,465,103,1645564134275
42278783,touchmove,474,103,1645564134284
42278783,touchmove,481,102,1645564134292
42278784,touchmove,280,246,1645564134292
42278784,touchmove,281,246,1645564134301
42278783,touchmove,486,102,1645564134301
42278783,touchmove,490,102,1645564134309
42278784,touchmove,281,247,1645564134317
42278783,touchmove,492,101,1645564134317
42278784,touchmove,281,248,1645564134326
42278783,touchmove,493,101,1645564134326
42278784,touchmove,281,249,1645564134342
42278784,touchmove,279,250,1645564134351
42278784,touchmove,278,251,1645564134359
42278784,touchmove,276,251,1645564134367
42278784,touchmove,276,252,1645564134376
42278784,touchmove,274,253,1645564134384
42278784,touchmove,273,253,1645564134401
42278784,touchmove,273,254,1645564134409
42278784,touchmove,272,255,1645564134418
42278784,touchmove,272,256,1645564134451
42278783,touchend,0,0,1645564134505
42278784,touchend,0,0,1645564134522
42278785,touchdown,594,241,1645564134921
42278786,touchdown,688,182,1645564134921
42278786,touchmove,693,177,1645564134934
42278786,touchmove,695,174,1645564134943
42278786,touchmove,698,172,1645564134951
42278786,touchmove,699,171,1645564134959
42278786,touchmove,701,168,1645564134968
42278786,touchmove,705,166,1645564134976
42278785,touchmove,592,244,1645564134984
42278786,touchmove,708,164,1645564134985
42278785,touchmove,590,245,1645564134993
42278786,touchmove,712,162,1645564134993
42278785,touchmove,586,246,1645564135001
42278786,touchmove,716,159,1645564135001
42278785,touchmove,581,248,1645564135009
42278786,touchmove,721,157,1645564135010
42278785,touchmove,576,249,1645564135018
42278786,touchmove,726,156,1645564135018
42278785,touchmove,572,251,1645564135026
42278786,touchmove,732,154,1645564135026
42278785,touchmove,568,252,1645564135035
42278786,touchmove,737,153,1645564135035
42278785,touchmove,566,253,1645564135043
42278786,touchmove,743,152,1645564135043
42278785,touchmove,562,255,1645564135051
42278786,touchmove,748,152,1645564135051
42278785,touchmove,560,256,1645564135060
42278786,touchmove,753,151,1645564135060
42278785,touchmove,558,257,1645564135068
42278786,touchmove,757,150,1645564135068
42278785,touchmove,555,258,1645564135076
42278786,touchmove,761,149,1645564135076
42278785,touchmove,553,259,1645564135084
42278786,touchmove,764,148,1645564135085
42278785,touchmove,552,260,1645564135093
42278786,touchmove,766,147,1645564135093
42278785,touchmove,551,261,1645564135101
42278786,touchmove,769,147,1645564135101
42278785,touchmove,550,262,1645564135110
42278786,touchmove,771,146,1645564135110
42278785,touchmove,549,262,1645564135118
42278786,touchmove,773,145,1645564135118
42278786,touchmove,776,145,1645564135126
42278786,touchmove,778,144,1645564135135
42278785,touchmove,549,263,1645564135135
42278786,touchmove,779,144,1645564135143
42278785,touchmove,548,263,1645564135143
42278785,touchmove,548,264,1645564135151
42278786,touchmove,781,143,1645564135151
42278786,touchmove,783,143,1645564135159
42278786,touchmove,784,143,1645564135168
42278786,touchmove,785,143,1645564135185
42278786,touchmove,786,142,1645564135201
42278786,touchmove,786,143,1645564135280
42278786,touchmove,786,144,1645564135293
42278786,touchmove,786,145,1645564135301
42278785,touchmove,547,264,1645564135306
42278786,touchend,0,0,1645564135305
42278785,touchmove,546,264,1645564135318
42278785,touchmove,545,264,1645564135326
42278785,touchend,0,0,1645564135330
42278787,touchdown,468,316,1645564135668
42278788,touchdown,401,406,1645564135690
42278788,touchmove,404,412,1645564135738
42278788,touchmove,404,413,1645564135752
42278787,touchmove,467,311,1645564135752
42278788,touchmove,404,414,1645564135760
42278787,touchmove,469,308,1645564135760
42278788,touchmove,403,416,1645564135768
42278787,touchmove,472,304,1645564135768
42278788,touchmove,401,418,1645564135777
42278787,touchmove,476,299,1645564135777
42278788,touchmove,399,420,1645564135785
42278787,touchmove,481,294,1645564135785
42278788,touchmove,397,422,1645564135793
42278787,touchmove,485,289,1645564135793
42278788,touchmove,395,425,1645564135802
42278787,touchmove,490,284,1645564135802
42278788,touchmove,393,427,1645564135810
42278787,touchmove,495,279,1645564135810
42278788,touchmove,392,429,1645564135818
42278787,touchmove,502,274,1645564135818
42278788,touchmove,390,431,1645564135826
42278787,touchmove,508,270,1645564135827
42278788,touchmove,390,434,1645564135835
42278787,touchmove,514,266,1645564135835
42278788,touchmove,389,436,1645564135843
42278787,touchmove,519,262,1645564135843
42278788,touchmove,389,437,1645564135851
42278787,touchmove,522,260,1645564135851
42278788,touchmove,389,439,1645564135860
42278787,touchmove,525,258,1645564135860
42278788,touchmove,389,440,1645564135868
42278787,touchmove,528,256,1645564135868
42278788,touchmove,389,441,1645564135876
42278787,touchmove,529,255,1645564135876
42278788,touchmove,389,443,1645564135885
42278787,touchmove,529,253,1645564135885
42278788,touchmove,389,444,1645564135893
42278787,touchmove,530,252,1645564135893
42278788,touchmove,389,445,1645564135901
42278787,touchmove,530,251,1645564135901
42278788,touchmove,389,446,1645564135910
42278787,touchmove,531,250,1645564135910
42278788,touchmove,389,447,1645564135918
42278787,touchmove,531,249,1645564135918
42278788,touchmove,388,448,1645564135926
42278787,touchmove,532,247,1645564135927
42278788,touchmove,388,449,1645564135935
42278787,touchmove,533,246,1645564135935
42278788,touchmove,388,450,1645564135943
42278787,touchmove,534,244,1645564135943
42278788,touchmove,388,451,1645564135951
42278787,touchmove,535,242,1645564135951
42278787,touchmove,536,241,1645564135960
42278788,touchmove,388,452,1645564135968
42278787,touchmove,536,239,1645564135968
42278788,touchmove,388,453,1645564135976
42278787,touchmove,537,239,1645564135976
42278787,touchmove,538,237,1645564135985
42278788,touchmove,388,454,1645564136001
42278787,touchmove,538,236,1645564136002
42278787,touchmove,539,235,1645564136010
42278787,touchmove,539,234,1645564136018
42278788,touchmove,388,455,1645564136035
42278787,touchmove,539,233,1645564136035
42278787,touchmove,539,232,1645564136043
42278787,touchmove,539,231,1645564136060
42278787,touchmove,539,230,1645564136085
42278787,touchend,0,0,1645564136106
42278788,touchmove,389,455,1645564136143
42278788,touchend,0,0,1645564136147
42278790,touchdown,615,386,1645564136496
42278789,touchdown,572,488,1645564136496
42278790,touchmove,616,385,1645564136531
42278789,touchmove,578,493,1645564136544
42278790,touchmove,618,383,1645564136544
42278789,touchmove,579,493,1645564136552
42278790,touchmove,619,382,1645564136552
42278789,touchmove,580,493,1645564136560
42278790,touchmove,620,381,1645564136560
42278789,touchmove,580,495,1645564136569
42278790,touchmove,621,379,1645564136569
42278790,touchmove,622,378,1645564136577
42278789,touchmove,581,497,1645564136585
42278789,touchmove,581,496,1645564136577
42278790,touchmove,623,375,1645564136585
42278789,touchmove,581,499,1645564136594
42278790,touchmove,625,371,1645564136594
42278789,touchmove,581,501,1645564136602
42278790,touchmove,627,368,1645564136602
42278789,touchmove,581,503,1645564136610
42278790,touchmove,631,363,1645564136610
42278789,touchmove,581,505,1645564136619
42278790,touchmove,636,357,1645564136619
42278789,touchmove,581,506,1645564136627
42278790,touchmove,643,349,1645564136627
42278789,touchmove,582,508,1645564136635
42278790,touchmove,652,342,1645564136635
42278789,touchmove,582,510,1645564136643
42278790,touchmove,661,334,1645564136644
42278789,touchmove,583,512,1645564136652
42278790,touchmove,670,327,1645564136652
42278789,touchmove,584,513,1645564136660
42278790,touchmove,677,322,1645564136660
42278789,touchmove,585,515,1645564136669
42278790,touchmove,682,317,1645564136669
42278789,touchmove,586,516,1645564136677
42278790,touchmove,687,313,1645564136677
42278789,touchmove,586,517,1645564136685
42278790,touchmove,689,310,1645564136685
42278790,touchmove,690,308,1645564136694
42278789,touchmove,587,519,1645564136694
42278789,touchmove,588,520,1645564136702
42278790,touchmove,692,306,1645564136702
42278789,touchmove,588,521,1645564136710
42278790,touchmove,693,304,1645564136710
42278789,touchmove,589,522,1645564136719
42278790,touchmove,693,303,1645564136719
42278789,touchmove,589,523,1645564136727
42278790,touchmove,694,302,1645564136727
42278790,touchmove,694,300,1645564136735
42278789,touchmove,590,523,1645564136735
42278790,touchmove,694,299,1645564136744
42278789,touchmove,590,524,1645564136744
42278789,touchmove,590,525,1645564136752
42278790,touchmove,695,298,1645564136752
42278789,touchmove,591,525,1645564136769
42278790,touchmove,695,296,1645564136760
42278790,touchmove,696,295,1645564136769
42278790,touchmove,696,293,1645564136777
42278790,touchmove,697,291,1645564136794
42278790,touchmove,697,290,1645564136811
42278790,touchmove,697,289,1645564136819
42278790,touchmove,697,288,1645564136827
42278790,touchmove,697,287,1645564136852
42278790,touchmove,697,285,1645564136894
42278790,touchmove,697,286,1645564136861
42278789,touchend,0,0,1645564136931
42278790,touchend,0,0,1645564136932
