42230147,touchdown,368,418,1644545164065
42230147,touchmove,363,416,1644545164135
42230147,touchmove,363,417,1644545164153
42230147,touchmove,363,418,1644545164169
42230147,touchmove,364,418,1644545164194
42230147,touchmove,365,418,1644545164219
42230147,touchend,0,0,1644545164227
42230148,touchdown,508,443,1644545165041
42230148,touchend,0,0,1644545165170
42230149,touchdown,653,431,1644545166058
42230149,touchmove,652,436,1644545166161
42230149,touchmove,652,437,1644545166170
42230149,touchmove,653,438,1644545166179
42230149,touchmove,655,439,1644545166187
42230149,touchmove,656,441,1644545166195
42230149,touchend,0,0,1644545166203
42230150,touchdown,776,451,1644545167125
42230150,touchend,0,0,1644545167195
42230151,touchdown,661,307,1644545168125
42230151,touchend,0,0,1644545168237
42230152,touchdown,785,310,1644545169068
42230152,touchend,0,0,1644545169154
42230153,touchdown,532,315,1644545169993
42230153,touchend,0,0,1644545170097
42230154,touchdown,666,309,1644545171011
42230154,touchend,0,0,1644545171114
42230155,touchdown,665,436,1644545171920
42230155,touchend,0,0,1644545172031
42230156,touchdown,788,547,1644545173062
42230156,touchend,0,0,1644545173149
42230157,touchdown,660,425,1644545174104
42230157,touchend,0,0,1644545174183
42230158,touchdown,525,548,1644545175138
42230158,touchend,0,0,1644545175275
42230159,touchdown,506,420,1644545176138
42230159,touchend,0,0,1644545176284
42230160,touchdown,674,315,1644545177114
42230160,touchmove,672,318,1644545177209
42230160,touchmove,672,319,1644545177218
42230160,touchmove,672,320,1644545177227
42230160,touchmove,672,321,1644545177235
42230160,touchmove,672,322,1644545177243
42230160,touchend,0,0,1644545177251
42230161,touchdown,792,315,1644545177956
42230161,touchend,0,0,1644545178093
42230162,touchdown,920,439,1644545179015
42230162,touchend,0,0,1644545179110
42230163,touchdown,787,451,1644545179999
42230163,touchend,0,0,1644545180153
42230164,touchdown,652,314,1644545181125
42230164,touchmove,649,320,1644545181228
42230164,touchmove,649,321,1644545181237
42230164,touchmove,649,322,1644545181246
42230164,touchmove,648,323,1644545181262
42230164,touchend,0,0,1644545181270
42230165,touchdown,532,287,1644545182108
42230165,touchend,0,0,1644545182212
42230166,touchdown,666,166,1644545182993
42230166,touchend,0,0,1644545183130
42230167,touchdown,807,182,1644545183985
42230167,touchend,0,0,1644545184122
42230168,touchdown,929,180,1644545185011
42230168,touchend,0,0,1644545185156
42230169,touchdown,795,41,1644545186078
42230169,touchend,0,0,1644545186198
42230170,touchend,0,0,1644545187231
42230170,touchdown,659,26,1644545187129
42230171,touchdown,541,154,1644545188004
42230171,touchend,0,0,1644545188149
42230172,touchdown,405,170,1644545188971
42230172,touchend,0,0,1644545189066
42230173,touchdown,404,297,1644545189863
42230173,touchend,0,0,1644545189984
42230174,touchdown,540,301,1644545190987
42230174,touchend,0,0,1644545191092
42230175,touchdown,648,287,1644545191889
42230175,touchend,0,0,1644545192001
42230176,touchdown,787,291,1644545192906
42230176,touchend,0,0,1644545193018
42230177,touchdown,797,423,1644545193865
42230177,touchend,0,0,1644545193977
42230178,touchdown,665,432,1644545194916
42230178,touchend,0,0,1644545195011
42230179,touchdown,535,434,1644545195916
42230179,touchmove,535,437,1644545195970
42230179,touchmove,535,439,1644545195979
42230179,touchmove,535,441,1644545195987
42230179,touchmove,535,443,1644545195996
42230179,touchend,0,0,1644545196003
42230180,touchdown,538,542,1644545196859
42230180,touchend,0,0,1644545197012
42230181,touchdown,390,432,1644545197893
42230181,touchend,0,0,1644545198038
42230182,touchdown,264,418,1644545198926
42230182,touchend,0,0,1644545199105
42230183,touchdown,426,287,1644545199843
42230183,touchend,0,0,1644545199997
42230184,touchdown,536,314,1644545200719
42230184,touchend,0,0,1644545200814
42230185,touchdown,675,294,1644545201778
42230185,touchend,0,0,1644545201924
42230186,touchdown,799,291,1644545202646
42230186,touchend,0,0,1644545202774
42230187,touchdown,927,292,1644545203688
42230187,touchend,0,0,1644545203841
42230188,touchdown,792,441,1644545204747
42230188,touchend,0,0,1644545204842
42230189,touchdown,632,383,1644545205728
42230189,touchend,0,0,1644545205768
42230190,touchdown,502,341,1644545206505
42230190,touchend,0,0,1644545206609
42230191,touchdown,629,225,1644545207581
42230191,touchend,0,0,1644545207702
42230192,touchdown,511,182,1644545208982
42230192,touchend,0,0,1644545209103
42230193,touchdown,357,119,1644545210008
42230193,touchend,0,0,1644545210137
42230194,touchdown,607,144,1644545210975
42230194,touchend,0,0,1644545211129
42230195,touchdown,831,135,1644545212000
42230195,touchend,0,0,1644545212146
42230196,touchdown,635,270,1644545213051
42230196,touchend,0,0,1644545213197
42230197,touchdown,438,367,1644545214010
42230197,touchend,0,0,1644545214181
42230198,touchdown,648,460,1644545214959
42230198,touchend,0,0,1644545215098
42230199,touchdown,782,423,1644545215870
42230199,touchend,0,0,1644545215998
42230200,touchdown,915,421,1644545216829
42230200,touchend,0,0,1644545216974
42230201,touchdown,809,299,1644545217820
42230201,touchend,0,0,1644545217983
42230202,touchdown,657,550,1644545218863
42230202,touchend,0,0,1644545219017
42230203,touchdown,529,550,1644545219855
42230203,touchend,0,0,1644545220034
42230204,touchdown,393,528,1644545220839
42230204,touchend,0,0,1644545221034
42230205,touchdown,276,543,1644545221831
42230205,touchend,0,0,1644545221977
42230206,touchdown,269,416,1644545222815
42230206,touchmove,267,423,1644545222877
42230206,touchmove,267,424,1644545222886
42230206,touchend,0,0,1644545222961
42230207,touchdown,272,300,1644545223699
42230207,touchend,0,0,1644545223869
42230208,touchdown,263,188,1644545224758
42230208,touchmove,259,189,1644545224870
42230208,touchmove,259,190,1644545224879
42230208,touchmove,258,190,1644545224887
42230208,touchmove,257,191,1644545224896
42230208,touchmove,256,191,1644545224912
42230208,touchmove,256,192,1644545224921
42230208,touchmove,255,192,1644545224929
42230208,touchend,0,0,1644545224937
42230209,touchdown,266,35,1644545225666
42230209,touchend,0,0,1644545225796
42230210,touchdown,397,42,1644545226550
42230210,touchend,0,0,1644545226680
42230211,touchdown,517,42,1644545227518
42230211,touchend,0,0,1644545227630
42230212,touchdown,654,42,1644545228235
42230212,touchend,0,0,1644545228380
42230213,touchdown,667,163,1644545229127
42230213,touchend,0,0,1644545229256
42230214,touchdown,529,154,1644545229878
42230214,touchend,0,0,1644545230006
42230215,touchdown,545,257,1644545230778
42230215,touchend,0,0,1644545230990
42230216,touchdown,539,410,1644545231686
42230216,touchend,0,0,1644545231841
42230217,touchdown,671,434,1644545232737
42230217,touchend,0,0,1644545232883
42230218,touchdown,790,444,1644545233696
42230218,touchend,0,0,1644545233833
42230219,touchdown,931,431,1644545234687
42230219,touchend,0,0,1644545234901
42230220,touchdown,933,306,1644545235638
42230220,touchend,0,0,1644545235810
42230221,touchdown,778,299,1644545236565
42230221,touchend,0,0,1644545236769
42230222,touchdown,649,307,1644545237515
42230222,touchend,0,0,1644545237711
42230223,touchdown,538,290,1644545238349
42230223,touchend,0,0,1644545238528
42230224,touchdown,406,296,1644545239266
42230224,touchend,0,0,1644545239395
42230225,touchdown,416,413,1644545240233
42230225,touchend,0,0,1644545240354
42230226,touchdown,550,421,1644545241159
42230226,touchend,0,0,1644545241288
42230227,touchdown,663,317,1644545242076
42230227,touchend,0,0,1644545242180
42230228,touchdown,791,168,1644545243127
42230228,touchmove,789,173,1644545243205
42230228,touchmove,789,174,1644545243223
42230228,touchmove,789,175,1644545243239
42230228,touchmove,790,176,1644545243248
42230228,touchmove,791,176,1644545243256
42230228,touchend,0,0,1644545243264
42230229,touchdown,793,32,1644545244052
42230229,touchend,0,0,1644545244173
42230230,touchdown,917,53,1644545245044
42230230,touchend,0,0,1644545245140
42230231,touchdown,940,171,1644545245929
42230231,touchend,0,0,1644545246023
42230232,touchdown,944,401,1644545246854
42230232,touchmove,943,410,1644545246949
42230232,touchmove,943,411,1644545246958
42230232,touchmove,943,413,1644545246975
42230232,touchend,0,0,1644545246983
42230233,touchdown,922,562,1644545247746
42230233,touchmove,921,563,1644545247834
42230233,touchmove,921,562,1644545247825
42230233,touchmove,921,564,1644545247842
42230233,touchmove,921,566,1644545247850
42230233,touchmove,920,567,1644545247859
42230233,touchmove,917,568,1644545247867
42230233,touchend,0,0,1644545247875
42230234,touchdown,808,552,1644545248697
42230234,touchmove,808,559,1644545248783
42230234,touchmove,810,559,1644545248792
42230234,touchmove,812,559,1644545248801
42230234,touchend,0,0,1644545248808
42230235,touchdown,667,435,1644545249730
42230235,touchmove,667,441,1644545249826
42230235,touchmove,667,442,1644545249835
42230235,touchmove,667,443,1644545249843
42230235,touchmove,667,444,1644545249851
42230235,touchmove,668,446,1644545249860
42230235,touchmove,669,448,1644545249868
42230235,touchend,0,0,1644545249876
42230236,touchdown,538,432,1644545250606
42230236,touchend,0,0,1644545250718
42230237,touchdown,397,435,1644545251439
42230237,touchend,0,0,1644545251585
42230238,touchdown,430,292,1644545252239
42230238,touchend,0,0,1644545252402
42230239,touchdown,525,280,1644545253116
42230239,touchmove,524,285,1644545253161
42230239,touchmove,524,286,1644545253170
42230239,touchmove,524,287,1644545253178
42230239,touchmove,524,288,1644545253195
42230239,touchmove,524,287,1644545253236
42230239,touchmove,524,285,1644545253245
42230239,touchmove,524,284,1644545253253
42230239,touchmove,525,283,1644545253270
42230239,touchend,0,0,1644545253278
42230240,touchdown,665,280,1644545254067
42230240,touchmove,662,286,1644545254120
42230240,touchmove,662,287,1644545254137
42230240,touchmove,662,285,1644545254196
42230240,touchmove,662,284,1644545254204
42230240,touchmove,662,283,1644545254212
42230240,touchmove,663,282,1644545254221
42230240,touchend,0,0,1644545254237
42230241,touchdown,800,290,1644545255067
42230241,touchend,0,0,1644545255212
42230242,touchdown,668,173,1644545256101
42230242,touchmove,666,178,1644545256254
42230242,touchend,0,0,1644545256263
42230243,touchdown,535,183,1644545257093
42230243,touchend,0,0,1644545257247
42230244,touchdown,410,164,1644545258027
42230244,touchend,0,0,1644545258172
42230245,touchdown,515,398,1644545259077
42230245,touchmove,514,404,1644545259139
42230245,touchmove,514,405,1644545259148
42230245,touchmove,514,406,1644545259165
42230245,touchmove,515,406,1644545259222
42230245,touchmove,516,406,1644545259248
42230245,touchmove,517,406,1644545259265
42230245,touchend,0,0,1644545259273
42230246,touchdown,646,546,1644545260028
42230246,touchend,0,0,1644545260199
42230247,touchdown,799,569,1644545261053
42230247,touchend,0,0,1644545261182
42230248,touchdown,915,542,1644545262030
42230248,touchend,0,0,1644545262175
42230249,touchdown,787,441,1644545262988
42230249,touchend,0,0,1644545263150
42230250,touchdown,781,290,1644545264063
42230250,touchend,0,0,1644545264268
42230251,touchdown,634,302,1644545265039
42230251,touchmove,632,307,1644545265093
42230251,touchmove,632,308,1644545265102
42230251,touchmove,632,309,1644545265110
42230251,touchmove,632,310,1644545265118
42230251,touchmove,632,311,1644545265127
42230251,touchmove,632,312,1644545265135
42230251,touchmove,632,311,1644545265244
42230251,touchmove,632,310,1644545265252
42230251,touchmove,632,309,1644545265269
42230251,touchmove,632,308,1644545265277
42230251,touchmove,632,307,1644545265285
42230251,touchend,0,0,1644545265293
42230252,touchdown,524,265,1644545266056
42230252,touchend,0,0,1644545266269
42230253,touchdown,406,154,1644545267015
42230253,touchmove,404,162,1644545267144
42230253,touchend,0,0,1644545267153
42230254,touchdown,529,167,1644545267965
42230254,touchmove,531,171,1644545268069
42230254,touchmove,533,171,1644545268078
42230254,touchend,0,0,1644545268086
42230255,touchdown,645,149,1644545268925
42230255,touchmove,647,153,1644545269053
42230255,touchmove,648,153,1644545269062
42230255,touchmove,650,153,1644545269071
42230255,touchmove,653,153,1644545269079
42230255,touchend,0,0,1644545269087
42230256,touchdown,787,27,1644545269809
42230256,touchend,0,0,1644545269946
42230257,touchdown,793,166,1644545270691
42230257,touchend,0,0,1644545270804
42230258,touchdown,671,289,1644545271543
42230258,touchmove,668,292,1644545271588
42230258,touchmove,668,294,1644545271597
42230258,touchmove,668,295,1644545271605
42230258,touchmove,668,297,1644545271614
42230258,touchmove,668,299,1644545271622
42230258,touchmove,668,300,1644545271630
42230258,touchmove,667,301,1644545271639
42230258,touchmove,667,303,1644545271647
42230258,touchmove,667,304,1644545271655
42230258,touchend,0,0,1644545271663
42230259,touchdown,791,418,1644545272301
42230259,touchend,0,0,1644545272447
42230260,touchdown,668,423,1644545273110
42230260,touchend,0,0,1644545273356
42230261,touchdown,533,413,1644545274078
42230261,touchend,0,0,1644545274265
42230262,touchdown,383,424,1644545275045
42230262,touchend,0,0,1644545275182
42230263,touchdown,381,556,1644545275987
42230263,touchend,0,0,1644545276099
42230264,touchdown,529,555,1644545276854
42230264,touchend,0,0,1644545276991
42230265,touchdown,663,548,1644545277696
42230265,touchend,0,0,1644545277875
42230266,touchdown,807,552,1644545278630
42230266,touchend,0,0,1644545278826
42230267,touchdown,912,542,1644545279605
42230267,touchend,0,0,1644545279793
42230268,touchdown,908,427,1644545280607
42230268,touchend,0,0,1644545280735
42230269,touchdown,783,415,1644545281357
42230269,touchmove,779,423,1644545281494
42230269,touchmove,779,421,1644545281511
42230269,touchmove,779,420,1644545281520
42230269,touchend,0,0,1644545281527
42230270,touchdown,662,296,1644545282157
42230270,touchend,0,0,1644545282328
42230271,touchdown,531,296,1644545283083
42230271,touchend,0,0,1644545283278
42230272,touchdown,400,151,1644545284058
42230272,touchmove,400,154,1644545284070
42230272,touchmove,399,155,1644545284080
42230272,touchmove,398,155,1644545284087
42230272,touchmove,398,156,1644545284096
42230272,touchmove,400,155,1644545284077
42230272,touchmove,398,157,1644545284121
42230272,touchmove,398,158,1644545284138
42230272,touchmove,398,159,1644545284162
42230272,touchmove,398,158,1644545284220
42230272,touchend,0,0,1644545284237
42230273,touchdown,595,157,1644545284942
42230273,touchmove,594,166,1644545284996
42230273,touchmove,594,167,1644545285005
42230273,touchmove,594,168,1644545285021
42230273,touchmove,594,167,1644545285105
42230273,touchmove,595,166,1644545285122
42230273,touchmove,595,165,1644545285138
42230273,touchmove,596,165,1644545285147
42230273,touchend,0,0,1644545285154
42230274,touchdown,478,65,1644545285867
42230274,touchend,0,0,1644545286063
42230275,touchdown,674,81,1644545286785
42230275,touchend,0,0,1644545287014
42230276,touchdown,785,76,1644545287728
42230276,touchend,0,0,1644545287914
42230277,touchdown,769,234,1644545288661
42230277,touchmove,769,237,1644545288906
42230277,touchmove,769,236,1644545288924
42230277,touchmove,769,235,1644545288949
42230277,touchend,0,0,1644545288957
42230278,touchdown,564,308,1644545289611
42230278,touchend,0,0,1644545289899
42230279,touchdown,417,338,1644545290554
42230279,touchend,0,0,1644545290799
42230280,touchdown,535,418,1644545291446
42230280,touchend,0,0,1644545291700
42230281,touchdown,668,432,1644545292230
42230281,touchmove,665,437,1644545292275
42230281,touchmove,665,438,1644545292284
42230281,touchmove,665,439,1644545292292
42230281,touchmove,665,440,1644545292309
42230281,touchmove,665,439,1644545292426
42230281,touchmove,665,438,1644545292451
42230281,touchmove,665,437,1644545292459
42230281,touchmove,666,437,1644545292467
42230281,touchmove,666,436,1644545292476
42230281,touchmove,667,435,1644545292492
42230281,touchmove,669,435,1644545292509
42230281,touchend,0,0,1644545292517
42230282,touchdown,797,486,1644545293213
42230282,touchmove,794,491,1644545293251
42230282,touchmove,794,492,1644545293259
42230282,touchmove,794,493,1644545293268
42230282,touchmove,794,495,1644545293276
42230282,touchmove,794,496,1644545293293
42230282,touchmove,794,495,1644545293393
42230282,touchmove,794,494,1644545293410
42230282,touchmove,794,493,1644545293418
42230282,touchmove,794,492,1644545293435
42230282,touchmove,794,491,1644545293451
42230282,touchmove,794,490,1644545293468
42230282,touchmove,794,489,1644545293476
42230282,touchmove,794,488,1644545293485
42230282,touchmove,794,487,1644545293501
42230282,touchmove,795,486,1644545293510
42230282,touchmove,795,485,1644545293526
42230282,touchmove,796,484,1644545293535
42230282,touchend,0,0,1644545293551
42230283,touchdown,901,404,1644545294214
42230283,touchmove,898,411,1644545294435
42230283,touchmove,898,410,1644545294452
42230283,touchmove,898,411,1644545294534
42230283,touchend,0,0,1644545294551
42230284,touchdown,837,304,1644545295182
42230284,touchend,0,0,1644545295485
42230285,touchdown,534,270,1644545296132
42230285,touchmove,532,275,1644545296344
42230285,touchmove,532,274,1644545296361
42230285,touchend,0,0,1644545296394
42230286,touchdown,404,169,1644545297107
42230286,touchend,0,0,1644545297320
42230287,touchdown,386,298,1644545297964
42230287,touchmove,384,299,1644545298028
42230287,touchmove,384,300,1644545298054
42230287,touchmove,385,300,1644545298120
42230287,touchmove,385,299,1644545298129
42230287,touchend,0,0,1644545298153
42230288,touchdown,392,411,1644545298908
42230288,touchend,0,0,1644545299054
42230289,touchdown,399,535,1644545299868
42230289,touchmove,395,539,1644545299904
42230289,touchmove,395,541,1644545299913
42230289,touchmove,395,543,1644545299922
42230289,touchmove,395,544,1644545299930
42230289,touchmove,395,545,1644545299938
42230289,touchmove,395,546,1644545299947
42230289,touchmove,395,545,1644545299979
42230289,touchmove,396,544,1644545299988
42230289,touchmove,397,543,1644545299997
42230289,touchmove,397,542,1644545300005
42230289,touchmove,398,542,1644545300013
42230289,touchend,0,0,1644545300021
42230290,touchdown,529,553,1644545300743
42230290,touchmove,524,555,1644545300796
42230290,touchmove,524,556,1644545300805
42230290,touchmove,524,557,1644545300814
42230290,touchmove,524,558,1644545300822
42230290,touchmove,524,559,1644545300831
42230290,touchmove,524,560,1644545300847
42230290,touchmove,525,560,1644545300881
42230290,touchmove,529,561,1644545300906
42230290,touchmove,526,560,1644545300889
42230290,touchmove,527,561,1644545300897
42230290,touchmove,531,561,1644545300914
42230290,touchend,0,0,1644545300922
42230291,touchdown,675,600,1644545301511
42230291,touchend,0,0,1644545301672
42230292,touchdown,657,437,1644545302277
42230292,touchmove,655,443,1644545302347
42230292,touchmove,655,444,1644545302365
42230292,touchmove,655,445,1644545302373
42230292,touchmove,655,446,1644545302390
42230292,touchmove,655,447,1644545302415
42230292,touchmove,656,447,1644545302473
42230292,touchmove,657,447,1644545302481
42230292,touchmove,658,447,1644545302490
42230292,touchend,0,0,1644545302498
42230293,touchdown,812,435,1644545303219
42230293,touchmove,808,444,1644545303306
42230293,touchmove,808,443,1644545303415
42230293,touchmove,808,442,1644545303424
42230293,touchmove,808,441,1644545303432
42230293,touchmove,808,440,1644545303440
42230293,touchmove,808,439,1644545303449
42230293,touchend,0,0,1644545303456
42230294,touchdown,662,297,1644545304120
42230294,touchmove,660,299,1644545304173
42230294,touchmove,660,300,1644545304191
42230294,touchmove,660,302,1644545304199
42230294,touchmove,660,303,1644545304207
42230294,touchmove,660,304,1644545304224
42230294,touchmove,660,305,1644545304232
42230294,touchmove,660,306,1644545304241
42230294,touchmove,660,307,1644545304249
42230294,touchmove,660,308,1644545304257
42230294,touchmove,660,309,1644545304274
42230294,touchmove,661,310,1644545304282
42230294,touchmove,661,311,1644545304291
42230294,touchmove,661,312,1644545304299
42230294,touchmove,662,313,1644545304307
42230294,touchmove,663,314,1644545304316
42230294,touchend,0,0,1644545304324
42230295,touchdown,788,309,1644545304995
42230295,touchend,0,0,1644545305257
42230296,touchdown,646,158,1644545305862
42230296,touchend,0,0,1644545306141
42230297,touchdown,791,161,1644545306755
42230297,touchmove,788,166,1644545306817
42230297,touchmove,788,167,1644545306826
42230297,touchmove,788,168,1644545306842
42230297,touchmove,788,169,1644545306876
42230297,touchmove,788,168,1644545306942
42230297,touchmove,789,168,1644545306951
42230297,touchmove,789,167,1644545306959
42230297,touchmove,790,167,1644545306976
42230297,touchmove,791,166,1644545306984
42230297,touchmove,792,166,1644545306992
42230297,touchmove,793,166,1644545307001
42230297,touchend,0,0,1644545307009
42230298,touchdown,930,156,1644545307680
42230298,touchmove,929,159,1644545307876
42230298,touchmove,929,160,1644545307859
42230298,touchend,0,0,1644545307884
42230299,touchdown,933,39,1644545308597
42230299,touchend,0,0,1644545308768
42230300,touchdown,791,39,1644545309423
42230300,touchend,0,0,1644545309585
42230301,touchdown,782,314,1644545310339
42230301,touchend,0,0,1644545310552
42230302,touchdown,927,307,1644545311124
42230302,touchend,0,0,1644545311253
42230303,touchdown,790,430,1644545311849
42230303,touchend,0,0,1644545312045
42230304,touchdown,929,430,1644545312683
42230304,touchmove,929,437,1644545312929
42230304,touchmove,930,437,1644545312937
42230304,touchmove,932,437,1644545312946
42230304,touchmove,933,437,1644545312954
42230304,touchend,0,0,1644545312962
42230305,touchdown,701,423,1644545313692
42230305,touchmove,698,432,1644545313762
42230305,touchmove,698,433,1644545313779
42230305,touchmove,698,434,1644545313796
42230305,touchmove,698,433,1644545313855
42230305,touchmove,699,433,1644545313863
42230305,touchmove,700,432,1644545313871
42230305,touchend,0,0,1644545313879
42230306,touchdown,666,286,1644545314526
42230306,touchmove,663,295,1644545314630
42230306,touchmove,663,294,1644545314613
42230306,touchmove,663,293,1644545314604
42230306,touchmove,665,295,1644545314697
42230306,touchmove,664,295,1644545314688
42230306,touchmove,666,295,1644545314705
42230306,touchend,0,0,1644545314714
42230307,touchdown,663,158,1644545315434
42230307,touchend,0,0,1644545315580
42230308,touchdown,535,167,1644545316135
42230308,touchmove,534,173,1644545316305
42230308,touchmove,534,172,1644545316314
42230308,touchmove,534,171,1644545316331
42230308,touchmove,534,170,1644545316339
42230308,touchmove,535,170,1644545316356
42230308,touchend,0,0,1644545316364
42230309,touchdown,407,146,1644545316994
42230309,touchmove,407,154,1644545317223
42230309,touchend,0,0,1644545317232
42230310,touchdown,408,299,1644545317803
42230310,touchend,0,0,1644545317990
42230311,touchdown,559,305,1644545318687
42230311,touchmove,557,307,1644545318732
42230311,touchmove,557,308,1644545318741
42230311,touchmove,557,309,1644545318749
42230311,touchmove,557,311,1644545318766
42230311,touchmove,557,310,1644545318757
42230311,touchmove,557,310,1644545318815
42230311,touchmove,557,309,1644545318824
42230311,touchmove,558,308,1644545318833
42230311,touchmove,559,307,1644545318841
42230311,touchmove,559,306,1644545318849
42230311,touchmove,559,305,1644545318866
42230311,touchend,0,0,1644545318874
42230312,touchdown,393,407,1644545319503
42230312,touchmove,390,410,1644545319565
42230312,touchmove,390,411,1644545319574
42230312,touchmove,390,412,1644545319583
42230312,touchmove,390,413,1644545319599
42230312,touchmove,390,414,1644545319624
42230312,touchmove,392,415,1644545319658
42230312,touchmove,391,415,1644545319641
42230312,touchend,0,0,1644545319666
42230313,touchdown,529,435,1644545320279
42230313,touchend,0,0,1644545320475
42230314,touchdown,656,430,1644545321096
42230314,touchend,0,0,1644545321300
42230315,touchdown,790,406,1644545321979
42230315,touchmove,789,411,1644545322134
42230315,touchmove,789,410,1644545322143
42230315,touchmove,789,409,1644545322151
42230315,touchmove,791,408,1644545322159
42230315,touchend,0,0,1644545322167
42230316,touchdown,795,290,1644545322839
42230316,touchend,0,0,1644545323009
42230317,touchdown,782,177,1644545323731
42230317,touchmove,782,182,1644545323810
42230317,touchmove,784,182,1644545323819
42230317,touchmove,785,182,1644545323827
42230317,touchmove,788,183,1644545323835
42230317,touchmove,791,184,1644545323844
42230317,touchend,0,0,1644545323851
42230318,touchdown,920,154,1644545324439
42230318,touchend,0,0,1644545324585
42230319,touchdown,934,57,1644545325173
42230319,touchmove,932,57,1644545325235
42230319,touchmove,932,58,1644545325245
42230319,touchmove,932,59,1644545325261
42230319,touchmove,933,59,1644545325286
42230319,touchmove,933,60,1644545325294
42230319,touchend,0,0,1644545325311
42230320,touchdown,792,46,1644545325949
42230320,touchend,0,0,1644545326094
42230321,touchdown,656,41,1644545326950
42230321,touchend,0,0,1644545327112
42230322,touchdown,532,153,1644545327767
42230322,touchend,0,0,1644545327904
42230323,touchdown,519,287,1644545328659
42230323,touchend,0,0,1644545328771
42230324,touchdown,530,411,1644545329343
42230324,touchmove,528,415,1644545329397
42230324,touchmove,528,416,1644545329413
42230324,touchmove,528,417,1644545329438
42230324,touchmove,529,417,1644545329447
42230324,touchmove,530,417,1644545329463
42230324,touchend,0,0,1644545329480
42230324,touchmove,530,418,1644545329472
42230325,touchdown,398,449,1644545330085
42230325,touchend,0,0,1644545330238
42230326,touchdown,529,551,1644545330902
42230326,touchend,0,0,1644545331114
42230327,touchdown,675,558,1644545331803
42230327,touchend,0,0,1644545331989
42230328,touchdown,806,552,1644545332653
42230328,touchmove,805,554,1644545332723
42230328,touchmove,805,555,1644545332740
42230328,touchmove,805,556,1644545332749
42230328,touchmove,806,556,1644545332823
42230328,touchmove,806,554,1644545332832
42230328,touchmove,807,553,1644545332841
42230328,touchend,0,0,1644545332848
42230329,touchdown,914,538,1644545333479
42230329,touchmove,911,541,1644545333549
42230329,touchmove,911,542,1644545333557
42230329,touchmove,911,540,1644545333540
42230329,touchmove,911,543,1644545333566
42230329,touchmove,911,544,1644545333591
42230329,touchmove,911,543,1644545333640
42230329,touchmove,912,541,1644545333658
42230329,touchmove,912,542,1644545333649
42230329,touchmove,913,540,1644545333666
42230329,touchmove,915,538,1644545333674
42230329,touchend,0,0,1644545333682
42230330,touchdown,925,435,1644545334321
42230330,touchend,0,0,1644545334541
42230331,touchdown,786,433,1644545335086
42230331,touchend,0,0,1644545335225
42230332,touchdown,794,289,1644545335871
42230332,touchmove,792,290,1644545335966
42230332,touchmove,792,291,1644545335975
42230332,touchmove,792,292,1644545335984
42230332,touchmove,792,293,1644545335992
42230332,touchmove,793,294,1644545336001
42230332,touchmove,794,295,1644545336009
42230332,touchmove,796,295,1644545336017
42230332,touchend,0,0,1644545336025
42230333,touchdown,926,287,1644545336588
42230333,touchend,0,0,1644545336734
42230334,touchdown,793,166,1644545337305
42230334,touchend,0,0,1644545337451
42230335,touchdown,920,165,1644545337981
42230335,touchend,0,0,1644545338084
42230336,touchdown,806,63,1644545338814
42230336,touchend,0,0,1644545338901
42230337,touchdown,941,29,1644545339623
42230337,touchmove,939,26,1644545339702
42230337,touchmove,939,27,1644545339719
42230337,touchmove,939,28,1644545339728
42230337,touchmove,939,31,1644545339744
42230337,touchmove,939,29,1644545339736
42230337,touchmove,939,32,1644545339753
42230337,touchmove,939,33,1644545339761
42230337,touchend,0,0,1644545339769
42230338,touchdown,819,158,1644545340232
42230338,touchmove,816,162,1644545340269
42230338,touchmove,816,165,1644545340278
42230338,touchmove,816,167,1644545340286
42230338,touchend,0,0,1644545340302
42230338,touchmove,816,172,1644545340295
42230339,touchdown,388,550,1644545591984
42230339,touchend,0,0,1644545592104
42230340,touchdown,399,427,1644545592585
42230340,touchmove,397,425,1644545592596
42230340,touchmove,397,422,1644545592603
42230340,touchmove,396,421,1644545592606
42230340,touchmove,395,421,1644545592613
42230340,touchmove,395,422,1644545592638
42230340,touchmove,395,423,1644545592655
42230340,touchmove,395,424,1644545592672
42230340,touchmove,395,425,1644545592680
42230340,touchmove,396,425,1644545592688
42230340,touchend,0,0,1644545592696
42230341,touchdown,526,417,1644545593184
42230341,touchmove,525,418,1644545593246
42230341,touchmove,525,420,1644545593256
42230341,touchmove,526,421,1644545593264
42230341,touchmove,529,423,1644545593272
42230341,touchend,0,0,1644545593280
42230342,touchdown,639,412,1644545593710
42230342,touchmove,638,413,1644545593755
42230342,touchmove,639,415,1644545593764
42230342,touchmove,641,417,1644545593772
42230342,touchmove,643,420,1644545593781
42230342,touchend,0,0,1644545593788
42230343,touchdown,661,520,1644545594202
42230343,touchmove,659,526,1644545594239
42230343,touchmove,659,529,1644545594248
42230343,touchmove,659,531,1644545594256
42230343,touchmove,659,534,1644545594264
42230343,touchmove,660,536,1644545594273
42230343,touchmove,661,538,1644545594281
42230343,touchmove,662,540,1644545594289
42230343,touchmove,665,542,1644545594298
42230343,touchend,0,0,1644545594305
42230344,touchdown,778,425,1644545594685
42230344,touchmove,777,422,1644545594695
42230344,touchmove,777,420,1644545594703
42230344,touchmove,779,421,1644545594739
42230344,touchmove,781,422,1644545594748
42230344,touchmove,783,424,1644545594756
42230344,touchend,0,0,1644545594764
42230345,touchdown,651,429,1644545595211
42230345,touchmove,649,428,1644545595273
42230345,touchmove,649,429,1644545595282
42230345,touchmove,649,430,1644545595290
42230345,touchend,0,0,1644545595314
42230346,touchdown,637,298,1644545595678
42230346,touchmove,637,296,1644545595740
42230346,touchmove,639,298,1644545595749
42230346,touchmove,642,299,1644545595757
42230346,touchend,0,0,1644545595765
42230347,touchdown,638,181,1644545596178
42230347,touchmove,638,177,1644545596194
42230347,touchmove,638,176,1644545596199
42230347,touchmove,641,177,1644545596232
42230347,touchend,0,0,1644545596240
42230348,touchdown,795,48,1644545596653
42230348,touchmove,793,44,1644545596699
42230348,touchmove,793,46,1644545596707
42230348,touchmove,793,48,1644545596716
42230348,touchmove,794,50,1644545596724
42230348,touchend,0,0,1644545596732
42230349,touchdown,653,57,1644545597078
42230349,touchend,0,0,1644545597140
42230350,touchdown,529,43,1644545597546
42230350,touchend,0,0,1644545597607
42230351,touchdown,407,42,1644545598054
42230351,touchend,0,0,1644545598116
42230352,touchdown,285,50,1644545598538
42230352,touchmove,283,52,1644545598575
42230352,touchmove,283,54,1644545598584
42230352,touchmove,283,57,1644545598592
42230352,touchmove,285,60,1644545598600
42230352,touchend,0,0,1644545598608
42230353,touchdown,280,170,1644545599046
42230353,touchmove,279,170,1644545599100
42230353,touchmove,281,172,1644545599109
42230353,touchmove,284,173,1644545599117
42230353,touchend,0,0,1644545599125
42230354,touchdown,450,180,1644545599571
42230354,touchmove,449,182,1644545599617
42230354,touchmove,449,184,1644545599626
42230354,touchmove,449,187,1644545599634
42230354,touchmove,450,190,1644545599642
42230354,touchmove,451,194,1644545599651
42230354,touchend,0,0,1644545599658
42230355,touchdown,277,319,1644545600088
42230355,touchmove,282,318,1644545600159
42230355,touchend,0,0,1644545600167
42230356,touchdown,400,304,1644545600580
42230356,touchmove,402,301,1644545600634
42230356,touchmove,405,302,1644545600643
42230356,touchmove,409,304,1644545600651
42230356,touchend,0,0,1644545600659
42230357,touchdown,298,443,1644545601123
42230357,touchend,0,0,1644545601184
42230358,touchdown,405,442,1644545601614
42230358,touchmove,405,443,1644545601668
42230358,touchmove,408,444,1644545601677
42230358,touchmove,412,446,1644545601685
42230358,touchend,0,0,1644545601693
42230359,touchdown,530,439,1644545602131
42230359,touchmove,529,439,1644545602177
42230359,touchmove,529,441,1644545602186
42230359,touchmove,530,443,1644545602194
42230359,touchmove,533,445,1644545602202
42230359,touchmove,536,447,1644545602211
42230359,touchmove,540,449,1644545602219
42230359,touchend,0,0,1644545602227
42230360,touchdown,682,454,1644545602624
42230360,touchmove,680,454,1644545602668
42230360,touchmove,680,455,1644545602678
42230360,touchmove,681,456,1644545602686
42230360,touchmove,682,458,1644545602694
42230360,touchmove,685,459,1644545602703
42230360,touchmove,688,460,1644545602711
42230360,touchend,0,0,1644545602719
42230361,touchdown,666,311,1644545603182
42230361,touchmove,667,315,1644545603227
42230361,touchmove,670,318,1644545603236
42230361,touchmove,673,321,1644545603245
42230361,touchend,0,0,1644545603252
42230362,touchdown,810,299,1644545603682
42230362,touchmove,808,302,1644545603719
42230362,touchmove,808,304,1644545603728
42230362,touchmove,808,308,1644545603736
42230362,touchmove,809,312,1644545603745
42230362,touchmove,812,315,1644545603753
42230362,touchend,0,0,1644545603761
42230363,touchdown,940,309,1644545604141
42230363,touchmove,936,310,1644545604186
42230363,touchmove,936,312,1644545604195
42230363,touchmove,936,314,1644545604203
42230363,touchmove,936,317,1644545604212
42230363,touchmove,937,320,1644545604220
42230363,touchend,0,0,1644545604228
42230364,touchdown,930,451,1644545604623
42230364,touchmove,929,451,1644545604669
42230364,touchmove,929,453,1644545604679
42230364,touchmove,929,455,1644545604687
42230364,touchmove,929,457,1644545604695
42230364,touchmove,930,460,1644545604704
42230364,touchend,0,0,1644545604711
42230365,touchdown,774,443,1644545605108
42230365,touchmove,774,440,1644545605119
42230365,touchmove,774,437,1644545605127
42230365,touchmove,774,440,1644545605154
42230365,touchmove,774,442,1644545605162
42230365,touchmove,776,444,1644545605170
42230365,touchmove,778,447,1644545605179
42230365,touchmove,781,450,1644545605187
42230365,touchmove,784,454,1644545605196
42230365,touchend,0,0,1644545605203
42230366,touchdown,946,549,1644545605582
42230366,touchmove,946,550,1644545605646
42230366,touchmove,946,552,1644545605654
42230366,touchmove,946,554,1644545605663
42230366,touchend,0,0,1644545605670
42230367,touchdown,785,565,1644545606100
42230367,touchend,0,0,1644545606179
42230368,touchdown,642,559,1644545606609
42230368,touchend,0,0,1644545606696
42230369,touchdown,644,423,1644545607134
42230369,touchmove,643,421,1644545607188
42230369,touchmove,644,422,1644545607197
42230369,touchmove,645,424,1644545607205
42230369,touchmove,647,426,1644545607213
42230369,touchend,0,0,1644545607221
42230370,touchdown,783,300,1644545607634
42230370,touchmove,786,298,1644545607688
42230370,touchmove,787,299,1644545607697
42230370,touchmove,789,302,1644545607705
42230370,touchend,0,0,1644545607713
42230371,touchdown,671,301,1644545608118
42230371,touchmove,670,296,1644545608139
42230371,touchmove,670,295,1644545608147
42230371,touchmove,670,294,1644545608156
42230371,touchmove,671,294,1644545608172
42230371,touchmove,672,294,1644545608189
42230371,touchmove,675,294,1644545608197
42230371,touchend,0,0,1644545608205
42230372,touchdown,789,182,1644545608610
42230372,touchmove,790,178,1644545608622
42230372,touchmove,790,174,1644545608629
42230372,touchmove,790,175,1644545608673
42230372,touchmove,791,177,1644545608681
42230372,touchmove,791,178,1644545608689
42230372,touchmove,792,181,1644545608698
42230372,touchend,0,0,1644545608705
42230373,touchdown,649,169,1644545609077
42230373,touchmove,648,167,1644545609139
42230373,touchmove,648,168,1644545609148
42230373,touchmove,649,170,1644545609156
42230373,touchmove,650,171,1644545609165
42230373,touchmove,652,172,1644545609173
42230373,touchend,0,0,1644545609181
42230374,touchdown,640,56,1644545609603
42230374,touchmove,639,54,1644545609647
42230374,touchmove,639,56,1644545609656
42230374,touchmove,640,58,1644545609665
42230374,touchmove,641,60,1644545609673
42230374,touchmove,643,62,1644545609682
42230374,touchend,0,0,1644545609689
42230375,touchdown,773,49,1644545610111
42230375,touchmove,773,48,1644545610156
42230375,touchmove,773,50,1644545610165
42230375,touchmove,774,52,1644545610173
42230375,touchmove,776,55,1644545610182
42230375,touchmove,778,57,1644545610190
42230375,touchmove,781,59,1644545610198
42230375,touchmove,783,62,1644545610207
42230375,touchend,0,0,1644545610214
42230376,touchdown,914,54,1644545610627
42230376,touchmove,915,50,1644545610673
42230376,touchmove,915,52,1644545610682
42230376,touchmove,916,55,1644545610690
42230376,touchmove,917,57,1644545610699
42230376,touchmove,919,60,1644545610707
42230376,touchmove,921,63,1644545610715
42230376,touchmove,922,66,1644545610724
42230376,touchend,0,0,1644545610731
42230377,touchdown,541,48,1644545611179
42230377,touchmove,539,45,1644545611189
42230377,touchmove,539,43,1644545611196
42230377,touchmove,539,42,1644545611200
42230377,touchmove,539,41,1644545611207
42230377,touchmove,539,42,1644545611231
42230377,touchmove,541,44,1644545611241
42230377,touchmove,543,45,1644545611249
42230377,touchmove,545,48,1644545611257
42230377,touchend,0,0,1644545611265
42230378,touchdown,525,200,1644545611628
42230378,touchend,0,0,1644545611707
42230379,touchdown,406,67,1644545612160
42230379,touchend,0,0,1644545612224
42230380,touchdown,408,222,1644545612647
42230380,touchend,0,0,1644545612699
42230381,touchdown,253,181,1644545613146
42230381,touchmove,252,179,1644545613183
42230381,touchmove,252,181,1644545613192
42230381,touchmove,252,184,1644545613200
42230381,touchmove,253,186,1644545613209
42230381,touchmove,255,189,1644545613217
42230381,touchmove,256,193,1644545613225
42230381,touchend,0,0,1644545613233
42230382,touchdown,262,353,1644545613637
42230382,touchend,0,0,1644545613700
42230383,touchdown,384,315,1644545614147
42230383,touchmove,382,316,1644545614200
42230383,touchmove,382,317,1644545614209
42230383,touchmove,383,318,1644545614217
42230383,touchend,0,0,1644545614225
42230384,touchdown,583,332,1644545614630
42230384,touchend,0,0,1644545614733
42230385,touchdown,740,351,1644545615147
42230385,touchmove,738,355,1644545615184
42230385,touchmove,738,356,1644545615193
42230385,touchmove,738,359,1644545615201
42230385,touchmove,739,360,1644545615210
42230385,touchmove,740,362,1644545615218
42230385,touchmove,741,363,1644545615226
42230385,touchmove,743,364,1644545615235
42230385,touchmove,745,365,1644545615243
42230385,touchmove,747,366,1644545615251
42230385,touchend,0,0,1644545615259
42230386,touchdown,905,370,1644545615622
42230386,touchmove,904,370,1644545615676
42230386,touchmove,905,373,1644545615685
42230386,touchmove,905,375,1644545615693
42230386,touchmove,907,378,1644545615702
42230386,touchmove,908,381,1644545615710
42230386,touchmove,909,384,1644545615718
42230386,touchend,0,0,1644545615726
42230387,touchdown,631,458,1644545616147
42230387,touchend,0,0,1644545616234
42230388,touchdown,472,455,1644545616623
42230388,touchmove,470,456,1644545616668
42230388,touchmove,470,457,1644545616677
42230388,touchmove,471,459,1644545616686
42230388,touchmove,472,460,1644545616694
42230388,touchmove,473,462,1644545616702
42230388,touchend,0,0,1644545616710
42230389,touchdown,289,497,1644545617138
42230389,touchmove,287,496,1644545617185
42230389,touchmove,288,497,1644545617194
42230389,touchmove,289,498,1644545617202
42230389,touchmove,291,499,1644545617211
42230389,touchmove,293,501,1644545617219
42230389,touchend,0,0,1644545617227
42230390,touchdown,470,554,1644545617590
42230390,touchmove,467,556,1644545617652
42230390,touchmove,469,556,1644545617661
42230390,touchmove,472,556,1644545617670
42230390,touchmove,476,556,1644545617678
42230390,touchend,0,0,1644545617685
42230391,touchdown,628,565,1644545618082
42230391,touchmove,627,563,1644545618119
42230391,touchmove,627,564,1644545618128
42230391,touchmove,627,566,1644545618136
42230391,touchmove,628,567,1644545618145
42230391,touchmove,629,568,1644545618153
42230391,touchmove,631,568,1644545618161
42230391,touchmove,634,569,1644545618170
42230391,touchend,0,0,1644545618177
42230392,touchdown,757,556,1644545618616
42230392,touchmove,757,555,1644545618669
42230392,touchmove,769,559,1644545618703
42230392,touchmove,758,556,1644545618678
42230392,touchmove,774,560,1644545618712
42230392,touchmove,760,557,1644545618687
42230392,touchmove,764,558,1644545618695
42230392,touchend,0,0,1644545618719
42230393,touchdown,897,547,1644545619124
42230393,touchmove,896,545,1644545619178
42230393,touchmove,896,546,1644545619195
42230393,touchmove,897,546,1644545619204
42230393,touchmove,898,546,1644545619220
42230393,touchend,0,0,1644545619236
42230394,touchdown,651,423,1644545619683
42230394,touchmove,644,426,1644545619720
42230394,touchmove,644,428,1644545619729
42230394,touchmove,644,430,1644545619737
42230394,touchmove,645,432,1644545619746
42230394,touchmove,645,433,1644545619754
42230394,touchmove,646,434,1644545619762
42230394,touchmove,647,435,1644545619771
42230394,touchmove,648,435,1644545619779
42230394,touchmove,649,435,1644545619787
42230394,touchmove,650,435,1644545619796
42230394,touchmove,652,435,1644545619804
42230394,touchmove,654,435,1644545619812
42230394,touchmove,656,435,1644545619821
42230394,touchmove,659,435,1644545619829
42230394,touchend,0,0,1644545619837
42230395,touchdown,651,319,1644545620200
42230395,touchmove,648,316,1644545620254
42230395,touchmove,648,317,1644545620262
42230395,touchmove,648,318,1644545620271
42230395,touchmove,648,319,1644545620279
42230395,touchmove,648,320,1644545620288
42230395,touchmove,647,321,1644545620304
42230395,touchend,0,0,1644545620312
42230396,touchdown,669,187,1644545620709
42230396,touchmove,668,185,1644545620754
42230396,touchmove,668,188,1644545620763
42230396,touchmove,668,191,1644545620771
42230396,touchmove,668,194,1644545620779
42230396,touchmove,668,198,1644545620788
42230396,touchend,0,0,1644545620795
42230397,touchdown,542,184,1644545621175
42230397,touchmove,540,178,1644545621191
42230397,touchmove,540,177,1644545621196
42230397,touchmove,540,178,1644545621221
42230397,touchmove,540,180,1644545621230
42230397,touchmove,540,183,1644545621238
42230397,touchmove,542,187,1644545621246
42230397,touchend,0,0,1644545621254
42230398,touchdown,531,284,1644545621643
42230398,touchmove,529,280,1644545621654
42230398,touchmove,529,275,1644545621661
42230398,touchmove,529,273,1644545621664
42230398,touchmove,530,273,1644545621696
42230398,touchmove,533,274,1644545621705
42230398,touchmove,535,276,1644545621713
42230398,touchmove,538,279,1644545621722
42230398,touchend,0,0,1644545621729
42230399,touchdown,384,314,1644545622151
42230399,touchmove,383,310,1644545622162
42230399,touchmove,383,307,1644545622169
42230399,touchmove,382,305,1644545622173
42230399,touchmove,383,305,1644545622196
42230399,touchmove,386,305,1644545622205
42230399,touchmove,390,306,1644545622214
42230399,touchend,0,0,1644545622221
42230400,touchdown,399,180,1644545622660
42230400,touchmove,401,180,1644545622705
42230400,touchend,0,0,1644545622713
42230401,touchdown,569,190,1644545623160
42230401,touchmove,569,187,1644545623206
42230401,touchmove,571,191,1644545623214
42230401,touchmove,575,194,1644545623223
42230401,touchend,0,0,1644545623231
42230402,touchdown,703,193,1644545623661
42230402,touchmove,702,189,1644545623671
42230402,touchmove,702,185,1644545623678
42230402,touchmove,702,184,1644545623682
42230402,touchmove,702,185,1644545623705
42230402,touchmove,702,186,1644545623714
42230402,touchmove,704,189,1644545623723
42230402,touchmove,707,191,1644545623731
42230402,touchend,0,0,1644545623739
42230403,touchdown,875,215,1644545624135
42230403,touchmove,873,208,1644545624151
42230403,touchmove,873,211,1644545624190
42230403,touchmove,873,206,1644545624156
42230403,touchmove,873,208,1644545624181
42230403,touchmove,874,214,1644545624198
42230403,touchmove,875,217,1644545624206
42230403,touchmove,877,223,1644545624223
42230403,touchmove,876,219,1644545624215
42230403,touchend,0,0,1644545624230
42230404,touchdown,934,235,1644545624653
42230404,touchmove,934,233,1644545624664
42230404,touchmove,934,231,1644545624671
42230404,touchmove,939,234,1644545624690
42230404,touchmove,935,231,1644545624682
42230404,touchmove,944,239,1644545624698
42230404,touchmove,949,244,1644545624707
42230404,touchend,0,0,1644545624714
42230405,touchdown,788,433,1644545625228
42230405,touchmove,787,430,1644545625239
42230405,touchmove,787,427,1644545625246
42230405,touchmove,787,429,1644545625273
42230405,touchmove,789,431,1644545625282
42230405,touchmove,792,433,1644545625290
42230405,touchend,0,0,1644545625298
42230406,touchdown,662,460,1644545625662
42230406,touchmove,660,457,1644545625672
42230406,touchmove,660,452,1644545625678
42230406,touchmove,662,453,1644545625715
42230406,touchmove,660,449,1644545625682
42230406,touchmove,660,450,1644545625706
42230406,touchmove,663,456,1644545625724
42230406,touchend,0,0,1644545625731
42230407,touchdown,538,446,1644545626145
42230407,touchmove,538,443,1644545626156
42230407,touchmove,539,438,1644545626191
42230407,touchmove,538,439,1644545626163
42230407,touchmove,538,437,1644545626167
42230407,touchmove,542,440,1644545626199
42230407,touchmove,546,443,1644545626207
42230407,touchmove,550,446,1644545626216
42230407,touchend,0,0,1644545626224
42230408,touchdown,384,452,1644545626637
42230408,touchmove,382,448,1644545626652
42230408,touchmove,382,445,1644545626658
42230408,touchmove,382,444,1644545626666
42230408,touchmove,382,445,1644545626690
42230408,touchmove,383,446,1644545626700
42230408,touchmove,385,447,1644545626708
42230408,touchmove,389,448,1644545626716
42230408,touchmove,393,448,1644545626725
42230408,touchend,0,0,1644545626732
42230409,touchdown,408,308,1644545627146
42230409,touchmove,404,303,1644545627161
42230409,touchmove,404,301,1644545627166
42230409,touchmove,404,302,1644545627199
42230409,touchmove,405,304,1644545627208
42230409,touchmove,406,306,1644545627216
42230409,touchend,0,0,1644545627224
42230410,touchdown,528,298,1644545627662
42230410,touchmove,526,295,1644545627716
42230410,touchmove,528,297,1644545627725
42230410,touchmove,530,298,1644545627734
42230410,touchmove,532,300,1644545627742
42230410,touchend,0,0,1644545627749
42230411,touchdown,405,172,1644545628196
42230411,touchmove,404,171,1644545628241
42230411,touchmove,404,173,1644545628250
42230411,touchmove,406,176,1644545628259
42230411,touchend,0,0,1644545628266
42230412,touchdown,531,189,1644545628689
42230412,touchmove,530,186,1644545628700
42230412,touchmove,530,183,1644545628707
42230412,touchmove,529,183,1644545628711
42230412,touchmove,529,184,1644545628733
42230412,touchmove,530,186,1644545628742
42230412,touchmove,531,187,1644545628751
42230412,touchmove,533,189,1644545628759
42230412,touchend,0,0,1644545628767
42230413,touchdown,391,63,1644545629189
42230413,touchmove,390,59,1644545629200
42230413,touchmove,390,56,1644545629207
42230413,touchmove,390,55,1644545629211
42230413,touchmove,390,56,1644545629226
42230413,touchmove,393,58,1644545629234
42230413,touchmove,398,60,1644545629242
42230413,touchend,0,0,1644545629250
42230414,touchdown,536,54,1644545629672
42230414,touchmove,535,55,1644545629709
42230414,touchmove,537,59,1644545629718
42230414,touchmove,540,63,1644545629726
42230414,touchmove,545,67,1644545629735
42230414,touchend,0,0,1644545629742
42230415,touchdown,687,54,1644545630198
42230415,touchmove,686,54,1644545630234
42230415,touchmove,686,58,1644545630243
42230415,touchmove,690,64,1644545630260
42230415,touchmove,688,61,1644545630252
42230415,touchend,0,0,1644545630267
42230416,touchdown,666,179,1644545630656
42230416,touchmove,665,176,1644545630667
42230416,touchmove,665,173,1644545630674
42230416,touchmove,665,172,1644545630678
42230416,touchmove,665,173,1644545630693
42230416,touchmove,671,178,1644545630710
42230416,touchend,0,0,1644545630717
42230416,touchmove,667,176,1644545630702
42230417,touchdown,786,62,1644545631157
42230417,touchmove,785,57,1644545631173
42230417,touchmove,786,57,1644545631194
42230417,touchmove,788,60,1644545631202
42230417,touchmove,792,64,1644545631211
42230417,touchend,0,0,1644545631219
42230418,touchdown,792,183,1644545631632
42230418,touchmove,791,178,1644545631643
42230418,touchmove,791,174,1644545631650
42230418,touchmove,792,176,1644545631669
42230418,touchmove,794,179,1644545631677
42230418,touchmove,798,184,1644545631685
42230418,touchend,0,0,1644545631693
42230419,touchdown,672,303,1644545632098
42230419,touchmove,672,299,1644545632136
42230419,touchmove,674,302,1644545632144
42230419,touchmove,676,304,1644545632153
42230419,touchmove,680,308,1644545632161
42230419,touchend,0,0,1644545632169
42230420,touchdown,783,305,1644545632582
42230420,touchmove,783,302,1644545632592
42230420,touchmove,783,299,1644545632599
42230420,touchmove,784,302,1644545632627
42230420,touchmove,787,304,1644545632636
42230420,touchmove,791,308,1644545632644
42230420,touchmove,795,312,1644545632653
42230420,touchend,0,0,1644545632661
42230421,touchdown,665,447,1644545633091
42230421,touchend,0,0,1644545633178
42230422,touchdown,817,462,1644545633558
42230422,touchend,0,0,1644545633661
42230423,touchdown,671,314,1644545634075
42230423,touchend,0,0,1644545634186
42230424,touchdown,519,304,1644545634591
42230424,touchend,0,0,1644545634687
42230425,touchdown,523,445,1644545635067
42230425,touchend,0,0,1644545635154
42230426,touchdown,682,431,1644545635583
42230426,touchmove,679,426,1644545635598
42230426,touchmove,679,424,1644545635604
42230426,touchmove,679,423,1644545635613
42230426,touchmove,678,423,1644545635645
42230426,touchmove,677,424,1644545635655
42230426,touchend,0,0,1644545635663
42230427,touchdown,378,292,1644545636118
42230427,touchmove,376,289,1644545636129
42230427,touchmove,375,286,1644545636136
42230427,touchmove,374,285,1644545636140
42230427,touchmove,375,287,1644545636180
42230427,touchend,0,0,1644545636187
42230428,touchdown,375,443,1644545636584
42230428,touchmove,380,447,1644545636655
42230428,touchend,0,0,1644545636663
42230429,touchdown,663,297,1644545637126
42230429,touchmove,664,292,1644545637141
42230429,touchmove,664,289,1644545637147
42230429,touchmove,664,290,1644545637180
42230429,touchmove,665,293,1644545637189
42230429,touchmove,666,296,1644545637197
42230429,touchend,0,0,1644545637205
42230430,touchdown,548,444,1644545637602
42230430,touchend,0,0,1644545637713
42230431,touchdown,543,309,1644545638143
42230431,touchend,0,0,1644545638222
42230432,touchdown,664,291,1644545638619
42230432,touchmove,664,289,1644545638664
42230432,touchmove,664,290,1644545638673
42230432,touchmove,665,292,1644545638681
42230432,touchmove,666,293,1644545638690
42230432,touchmove,666,294,1644545638698
42230432,touchend,0,0,1644545638706
42230433,touchdown,527,171,1644545639119
42230433,touchmove,527,168,1644545639173
42230433,touchmove,528,170,1644545639182
42230433,touchmove,530,172,1644545639190
42230433,touchend,0,0,1644545639198
42230434,touchdown,693,175,1644545639636
42230434,touchmove,692,172,1644545639681
42230434,touchmove,694,174,1644545639690
42230434,touchmove,696,177,1644545639699
42230434,touchmove,700,180,1644545639707
42230434,touchend,0,0,1644545639715
42230435,touchdown,544,306,1644545640145
42230435,touchend,0,0,1644545640223
42230436,touchdown,653,312,1644545640637
42230436,touchend,0,0,1644545640724
42230437,touchdown,787,295,1644545641137
42230437,touchmove,786,289,1644545641155
42230437,touchmove,786,292,1644545641148
42230437,touchmove,788,290,1644545641182
42230437,touchmove,792,292,1644545641191
42230437,touchmove,796,295,1644545641199
42230437,touchmove,802,298,1644545641208
42230437,touchend,0,0,1644545641216
42230438,touchdown,801,441,1644545641621
42230438,touchmove,803,444,1644545641682
42230438,touchmove,807,445,1644545641691
42230438,touchend,0,0,1644545641699
42230439,touchdown,665,449,1644545642110
42230439,touchmove,664,444,1644545642125
42230439,touchmove,664,442,1644545642133
42230439,touchmove,664,444,1644545642166
42230439,touchmove,664,446,1644545642175
42230439,touchmove,664,448,1644545642183
42230439,touchend,0,0,1644545642191
42230440,touchdown,519,443,1644545642612
42230440,touchmove,515,439,1644545642658
42230440,touchmove,515,440,1644545642667
42230440,touchmove,515,442,1644545642675
42230440,touchmove,516,444,1644545642684
42230440,touchmove,517,446,1644545642692
42230440,touchmove,519,449,1644545642700
42230440,touchend,0,0,1644545642708
42230441,touchdown,636,548,1644545643113
42230441,touchmove,635,545,1644545643124
42230441,touchmove,635,543,1644545643131
42230441,touchmove,636,545,1644545643167
42230441,touchmove,639,547,1644545643176
42230441,touchmove,644,548,1644545643184
42230441,touchend,0,0,1644545643192
42230442,touchdown,805,570,1644545643587
42230442,touchmove,806,567,1644545643599
42230442,touchmove,806,564,1644545643606
42230442,touchmove,806,563,1644545643609
42230442,touchmove,807,564,1644545643642
42230442,touchmove,810,567,1644545643651
42230442,touchmove,813,568,1644545643659
42230442,touchend,0,0,1644545643667
42230443,touchdown,939,565,1644545644148
42230443,touchend,0,0,1644545644234
42230444,touchdown,910,440,1644545644673
42230444,touchend,0,0,1644545644751
42230445,touchdown,917,304,1644545645181
42230445,touchmove,917,301,1644545645226
42230445,touchmove,917,303,1644545645235
42230445,touchmove,917,304,1644545645243
42230445,touchmove,918,306,1644545645252
42230445,touchmove,919,308,1644545645260
42230445,touchend,0,0,1644545645268
42230446,touchdown,781,308,1644545645631
42230446,touchend,0,0,1644545645710
42230447,touchdown,907,187,1644545646173
42230447,touchend,0,0,1644545646218
42230448,touchdown,784,177,1644545646672
42230448,touchmove,783,171,1644545646687
42230448,touchmove,783,170,1644545646694
42230448,touchmove,783,169,1644545646702
42230448,touchend,0,0,1644545646727
42230449,touchdown,787,41,1644545647149
42230449,touchmove,787,39,1644545647160
42230449,touchmove,787,36,1644545647167
42230449,touchmove,788,39,1644545647203
42230449,touchmove,787,35,1644545647171
42230449,touchmove,787,36,1644545647193
42230449,touchmove,789,42,1644545647211
42230449,touchend,0,0,1644545647219
42230450,touchdown,915,67,1644545647633
42230450,touchmove,915,64,1644545647669
42230450,touchmove,917,67,1644545647678
42230450,touchmove,920,70,1644545647687
42230450,touchmove,924,73,1644545647695
42230450,touchend,0,0,1644545647703
42230451,touchdown,658,52,1644545648132
42230451,touchend,0,0,1644545648194
42230452,touchdown,665,169,1644545648608
42230452,touchmove,663,167,1644545648618
42230452,touchmove,663,164,1644545648625
42230452,touchmove,663,163,1644545648629
42230452,touchend,0,0,1644545648661
42230453,touchdown,529,57,1644545649133
42230453,touchmove,528,54,1644545649144
42230453,touchmove,528,51,1644545649151
42230453,touchmove,528,50,1644545649155
42230453,touchmove,528,51,1644545649178
42230453,touchmove,528,53,1644545649187
42230453,touchend,0,0,1644545649195
42230454,touchdown,531,187,1644545649608
42230454,touchmove,529,181,1644545649622
42230454,touchmove,529,179,1644545649629
42230454,touchmove,530,179,1644545649654
42230454,touchmove,532,179,1644545649662
42230454,touchmove,535,181,1644545649671
42230454,touchend,0,0,1644545649678
42230455,touchdown,405,48,1644545650142
42230455,touchend,0,0,1644545650204
42230456,touchdown,390,168,1644545650626
42230456,touchmove,390,166,1644545650637
42230456,touchmove,390,163,1644545650644
42230456,touchmove,392,163,1644545650670
42230456,touchmove,395,165,1644545650680
42230456,touchend,0,0,1644545650687
42230457,touchdown,261,48,1644545651134
42230457,touchmove,258,42,1644545651149
42230457,touchmove,258,41,1644545651155
42230457,touchmove,259,43,1644545651179
42230457,touchmove,260,45,1644545651188
42230457,touchend,0,0,1644545651196
42230458,touchdown,287,182,1644545651643
42230458,touchend,0,0,1644545651713
42230459,touchdown,268,294,1644545652143
42230459,touchend,0,0,1644545652213
42230460,touchdown,398,300,1644545652635
42230460,touchmove,397,294,1644545652656
42230460,touchmove,397,293,1644545652664
42230460,touchmove,400,295,1644545652681
42230460,touchmove,404,299,1644545652689
42230460,touchmove,409,303,1644545652698
42230460,touchend,0,0,1644545652705
42230461,touchdown,287,415,1644545653128
42230461,touchmove,285,413,1644545653138
42230461,touchmove,284,411,1644545653145
42230461,touchmove,284,412,1644545653164
42230461,touchmove,285,414,1644545653173
42230461,touchmove,292,418,1644545653189
42230461,touchend,0,0,1644545653197
42230461,touchmove,288,416,1644545653181
42230462,touchdown,386,433,1644545653653
42230462,touchend,0,0,1644545653706
42230463,touchdown,234,547,1644545654119
42230463,touchmove,232,543,1644545654131
42230463,touchmove,231,540,1644545654138
42230463,touchmove,233,541,1644545654164
42230463,touchmove,238,543,1644545654174
42230463,touchend,0,0,1644545654181
42230464,touchdown,364,536,1644545654645
42230464,touchmove,362,531,1644545654660
42230464,touchmove,363,532,1644545654681
42230464,touchmove,365,534,1644545654691
42230464,touchmove,369,536,1644545654699
42230464,touchmove,374,538,1644545654707
42230464,touchend,0,0,1644545654715
42230465,touchdown,524,546,1644545655119
42230465,touchmove,523,543,1644545655130
42230465,touchmove,523,540,1644545655136
42230465,touchmove,522,540,1644545655149
42230465,touchmove,522,541,1644545655166
42230465,touchmove,522,542,1644545655174
42230465,touchend,0,0,1644545655207
42230466,touchdown,548,427,1644545655612
42230466,touchmove,545,424,1644545655649
42230466,touchmove,546,426,1644545655658
42230466,touchmove,548,428,1644545655666
42230466,touchmove,550,430,1644545655674
42230466,touchend,0,0,1644545655682
42230467,touchdown,647,417,1644545656154
42230467,touchend,0,0,1644545656224
42230468,touchdown,507,290,1644545656653
42230468,touchmove,505,288,1644545656664
42230468,touchmove,504,285,1644545656671
42230468,touchmove,503,285,1644545656675
42230468,touchmove,505,285,1644545656708
42230468,touchend,0,0,1644545656716
42230469,touchdown,646,304,1644545657138
42230469,touchmove,644,301,1644545657149
42230469,touchmove,644,298,1644545657156
42230469,touchmove,643,298,1644545657160
42230469,touchmove,643,299,1644545657183
42230469,touchmove,643,301,1644545657192
42230469,touchmove,643,303,1644545657200
42230469,touchmove,644,304,1644545657208
42230469,touchend,0,0,1644545657216
42230470,touchdown,534,183,1644545657679
42230470,touchend,0,0,1644545657758
42230471,touchdown,650,184,1644545658146
42230471,touchmove,650,185,1644545658200
42230471,touchmove,652,187,1644545658209
42230471,touchend,0,0,1644545658217
42230472,touchdown,798,183,1644545658614
42230472,touchmove,798,180,1644545658624
42230472,touchmove,798,177,1644545658631
42230472,touchmove,798,180,1644545658659
42230472,touchmove,800,183,1644545658668
42230472,touchmove,802,187,1644545658676
42230472,touchend,0,0,1644545658683
42230473,touchdown,808,308,1644545659089
42230473,touchmove,807,303,1644545659106
42230473,touchmove,807,305,1644545659099
42230473,touchmove,807,302,1644545659118
42230473,touchmove,808,302,1644545659135
42230473,touchmove,811,303,1644545659143
42230473,touchmove,813,305,1644545659151
42230473,touchend,0,0,1644545659158
42230474,touchdown,926,186,1644545659622
42230474,touchend,0,0,1644545659684
42230475,touchdown,921,301,1644545660098
42230475,touchmove,922,298,1644545660109
42230475,touchmove,922,296,1644545660116
42230475,touchmove,922,295,1644545660120
42230475,touchmove,924,297,1644545660143
42230475,touchend,0,0,1644545660151
42230476,touchdown,769,442,1644545660573
42230476,touchend,0,0,1644545660635
42230477,touchdown,914,448,1644545661090
42230477,touchmove,910,448,1644545661135
42230477,touchmove,910,450,1644545661144
42230477,touchmove,910,453,1644545661152
42230477,touchmove,910,456,1644545661161
42230477,touchend,0,0,1644545661168
42230478,touchdown,764,572,1644545661573
42230478,touchmove,760,567,1644545661589
42230478,touchmove,761,568,1644545661627
42230478,touchmove,762,569,1644545661636
42230478,touchmove,764,571,1644545661644
42230478,touchend,0,0,1644545661652
42230479,touchdown,931,574,1644545662057
42230479,touchmove,930,571,1644545662068
42230479,touchmove,930,568,1644545662075
42230479,touchmove,931,570,1644545662111
42230479,touchmove,934,572,1644545662120
42230479,touchend,0,0,1644545662127
42230480,touchdown,686,563,1644545662624
42230480,touchend,0,0,1644545662686
42230481,touchdown,646,438,1644545663142
42230481,touchmove,645,435,1644545663186
42230481,touchmove,645,437,1644545663195
42230481,touchmove,647,440,1644545663204
42230481,touchend,0,0,1644545663211
42230482,touchdown,779,446,1644545663632
42230482,touchmove,776,445,1644545663670
42230482,touchmove,776,447,1644545663679
42230482,touchmove,776,449,1644545663687
42230482,touchmove,776,452,1644545663704
42230482,touchmove,776,450,1644545663696
42230482,touchmove,776,454,1644545663712
42230482,touchmove,776,456,1644545663721
42230482,touchend,0,0,1644545663728
42230483,touchdown,648,321,1644545664200
42230483,touchend,0,0,1644545664262
42230484,touchdown,791,323,1644545664667
42230484,touchmove,790,320,1644545664679
42230484,touchmove,790,317,1644545664686
42230484,touchmove,790,315,1644545664689
42230484,touchmove,790,314,1644545664696
42230484,touchmove,791,316,1644545664720
42230484,touchmove,791,317,1644545664729
42230484,touchend,0,0,1644545664737
42230485,touchdown,663,177,1644545665149
42230485,touchmove,663,174,1644545665160
42230485,touchmove,663,171,1644545665166
42230485,touchmove,663,170,1644545665171
42230485,touchmove,665,170,1644545665188
42230485,touchmove,671,171,1644545665196
42230485,touchend,0,0,1644545665204
42230486,touchdown,811,163,1644545665660
42230486,touchmove,811,162,1644545665704
42230486,touchmove,811,165,1644545665713
42230486,touchmove,813,167,1644545665722
42230486,touchmove,814,169,1644545665730
42230486,touchend,0,0,1644545665738
42230487,touchdown,926,158,1644545666126
42230487,touchmove,925,155,1644545666180
42230487,touchmove,925,157,1644545666189
42230487,touchmove,926,158,1644545666197
42230487,touchmove,928,161,1644545666205
42230487,touchend,0,0,1644545666213
42230488,touchdown,917,55,1644545666626
42230488,touchmove,915,53,1644545666671
42230488,touchmove,915,55,1644545666681
42230488,touchmove,915,58,1644545666689
42230488,touchmove,915,60,1644545666697
42230488,touchmove,915,62,1644545666706
42230488,touchend,0,0,1644545666713
42230489,touchdown,796,57,1644545667135
42230489,touchmove,795,52,1644545667151
42230489,touchmove,797,55,1644545667181
42230489,touchend,0,0,1644545667189
42230490,touchdown,681,50,1644545667627
42230490,touchmove,680,46,1644545667664
42230490,touchmove,680,48,1644545667673
42230490,touchmove,680,51,1644545667681
42230490,touchmove,681,53,1644545667690
42230490,touchend,0,0,1644545667697
42230491,touchdown,528,51,1644545668094
42230491,touchmove,527,46,1644545668105
42230491,touchmove,527,43,1644545668112
42230491,touchmove,527,42,1644545668116
42230491,touchmove,528,44,1644545668139
42230491,touchmove,530,47,1644545668148
42230491,touchend,0,0,1644545668155
42230492,touchdown,542,168,1644545668569
42230492,touchmove,542,167,1644545668607
42230492,touchmove,542,170,1644545668615
42230492,touchend,0,0,1644545668623
42230493,touchdown,398,168,1644545669069
42230493,touchmove,398,165,1644545669080
42230493,touchmove,398,162,1644545669088
42230493,touchmove,398,160,1644545669091
42230493,touchend,0,0,1644545669131
42230494,touchdown,402,45,1644545669595
42230494,touchmove,401,42,1644545669605
42230494,touchmove,401,40,1644545669612
42230494,touchmove,401,39,1644545669616
42230494,touchmove,402,39,1644545669632
42230494,touchmove,404,41,1644545669640
42230494,touchend,0,0,1644545669648
42230495,touchdown,293,44,1644545670095
42230495,touchmove,293,41,1644545670106
42230495,touchmove,293,39,1644545670113
42230495,touchmove,293,41,1644545670140
42230495,touchmove,295,43,1644545670149
42230495,touchmove,297,46,1644545670158
42230495,touchend,0,0,1644545670165
42230496,touchdown,272,173,1644545670612
42230496,touchmove,271,169,1644545670628
42230496,touchmove,271,168,1644545670633
42230496,touchmove,274,171,1644545670658
42230496,touchmove,276,173,1644545670666
42230496,touchend,0,0,1644545670674
42230497,touchdown,399,186,1644545671104
42230497,touchend,0,0,1644545671174
42230498,touchdown,278,289,1644545671613
42230498,touchend,0,0,1644545671674
42230499,touchdown,402,305,1644545672103
42230499,touchend,0,0,1644545672150
42230500,touchdown,528,303,1644545672605
42230500,touchmove,527,300,1644545672616
42230500,touchmove,527,298,1644545672623
42230500,touchmove,527,297,1644545672627
42230500,touchmove,527,298,1644545672642
42230500,touchmove,527,299,1644545672651
42230500,touchmove,528,302,1644545672659
42230500,touchmove,530,304,1644545672667
42230500,touchmove,534,307,1644545672676
42230500,touchend,0,0,1644545672683
42230501,touchdown,655,283,1644545673130
42230501,touchmove,653,276,1644545673146
42230501,touchmove,653,274,1644545673151
42230501,touchmove,655,276,1644545673184
42230501,touchmove,658,279,1644545673193
42230501,touchend,0,0,1644545673200
42230502,touchdown,516,413,1644545673630
42230502,touchmove,515,410,1644545673667
42230502,touchmove,517,412,1644545673676
42230502,touchmove,521,415,1644545673685
42230502,touchmove,525,417,1644545673693
42230502,touchend,0,0,1644545673701
42230503,touchdown,662,441,1644545674089
42230503,touchmove,659,438,1644545674134
42230503,touchmove,659,440,1644545674143
42230503,touchmove,660,442,1644545674152
42230503,touchmove,661,445,1644545674160
42230503,touchend,0,0,1644545674168
42230504,touchdown,789,454,1644545674606
42230504,touchmove,793,450,1644545674651
42230504,touchmove,797,453,1644545674660
42230504,touchend,0,0,1644545674668
42230505,touchdown,796,326,1644545675131
42230505,touchend,0,0,1644545675193
42230506,touchdown,787,177,1644545675656
42230506,touchmove,786,172,1644545675718
42230506,touchend,0,0,1644545675727
42230507,touchdown,809,46,1644545676166
42230507,touchmove,811,45,1644545676202
42230507,touchmove,812,47,1644545676211
42230507,touchend,0,0,1644545676227
42230507,touchmove,813,50,1644545676219
42230508,touchdown,696,57,1644545676632
42230508,touchmove,696,52,1644545676647
42230508,touchmove,696,51,1644545676653
42230508,touchmove,696,52,1644545676670
42230508,touchmove,696,54,1644545676678
42230508,touchmove,698,57,1644545676686
42230508,touchmove,700,60,1644545676695
42230508,touchmove,701,63,1644545676703
42230508,touchend,0,0,1644545676711
42230509,touchdown,655,174,1644545677100
42230509,touchmove,655,170,1644545677110
42230509,touchmove,655,165,1644545677118
42230509,touchmove,655,164,1644545677121
42230509,touchmove,655,165,1644545677144
42230509,touchmove,657,166,1644545677153
42230509,touchmove,658,168,1644545677161
42230509,touchmove,661,171,1644545677170
42230509,touchend,0,0,1644545677178
42230510,touchdown,531,186,1644545677591
42230510,touchmove,530,183,1644545677601
42230510,touchmove,530,179,1644545677608
42230510,touchmove,529,177,1644545677612
42230510,touchmove,529,178,1644545677636
42230510,touchmove,530,181,1644545677645
42230510,touchend,0,0,1644545677653
42230511,touchdown,524,294,1644545678100
42230511,touchend,0,0,1644545678162
42230512,touchdown,669,313,1644545678600
42230512,touchmove,670,309,1644545678611
42230512,touchmove,670,305,1644545678618
42230512,touchmove,670,303,1644545678622
42230512,touchmove,670,305,1644545678645
42230512,touchmove,672,308,1644545678654
42230512,touchmove,674,310,1644545678662
42230512,touchend,0,0,1644545678670
42230513,touchdown,520,425,1644545679100
42230513,touchmove,517,420,1644545679116
42230513,touchmove,517,421,1644545679138
42230513,touchmove,517,422,1644545679146
42230513,touchmove,517,423,1644545679154
42230513,touchmove,517,424,1644545679163
42230513,touchmove,518,425,1644545679171
42230513,touchmove,519,427,1644545679179
42230513,touchend,0,0,1644545679187
42230514,touchdown,667,444,1644545679592
42230514,touchmove,667,439,1644545679608
42230514,touchmove,667,438,1644545679613
42230514,touchmove,667,440,1644545679646
42230514,touchmove,667,439,1644545679637
42230514,touchmove,667,442,1644545679655
42230514,touchmove,667,444,1644545679663
42230514,touchmove,669,446,1644545679671
42230514,touchend,0,0,1644545679679
42230515,touchdown,510,558,1644545680101
42230515,touchmove,507,554,1644545680146
42230515,touchmove,507,556,1644545680155
42230515,touchmove,508,557,1644545680163
42230515,touchmove,509,558,1644545680172
42230515,touchmove,512,559,1644545680180
42230515,touchmove,515,562,1644545680188
42230515,touchend,0,0,1644545680196
42230516,touchdown,650,574,1644545680601
42230516,touchmove,650,572,1644545680655
42230516,touchmove,651,573,1644545680664
42230516,touchmove,653,574,1644545680672
42230516,touchmove,657,575,1644545680680
42230516,touchend,0,0,1644545680688
42230517,touchdown,803,562,1644545681118
42230517,touchmove,802,559,1644545681129
42230517,touchmove,802,556,1644545681137
42230517,touchmove,802,557,1644545681164
42230517,touchmove,802,558,1644545681172
42230517,touchmove,802,559,1644545681181
42230517,touchmove,803,559,1644545681189
42230517,touchmove,805,560,1644545681197
42230517,touchend,0,0,1644545681213
42230517,touchmove,808,561,1644545681206
42230518,touchdown,780,437,1644545681609
42230518,touchmove,779,432,1644545681623
42230518,touchmove,779,434,1644545681647
42230518,touchmove,779,435,1644545681656
42230518,touchmove,779,436,1644545681673
42230518,touchmove,779,437,1644545681681
42230518,touchmove,780,439,1644545681698
42230518,touchend,0,0,1644545681705
42230519,touchdown,938,445,1644545682142
42230519,touchmove,937,446,1644545682189
42230519,touchmove,937,448,1644545682198
42230519,touchmove,938,449,1644545682206
42230519,touchmove,939,450,1644545682215
42230519,touchmove,941,451,1644545682223
42230519,touchend,0,0,1644545682230
42230520,touchdown,791,288,1644545682661
42230520,touchend,0,0,1644545682739
42230521,touchdown,920,297,1644545683144
42230521,touchend,0,0,1644545683223
42230522,touchdown,917,177,1644545683628
42230522,touchmove,917,174,1644545683638
42230522,touchmove,917,171,1644545683645
42230522,touchmove,917,173,1644545683673
42230522,touchmove,917,175,1644545683682
42230522,touchmove,917,177,1644545683690
42230522,touchend,0,0,1644545683698
42230523,touchdown,775,175,1644545684069
42230523,touchmove,775,176,1644545684098
42230523,touchmove,775,181,1644545684107
42230523,touchend,0,0,1644545684115
