42230718,touchdown,700,213,1644546121038
42230719,touchdown,415,463,1644546121058
42230718,touchend,0,0,1644546121200
42230719,touchend,0,0,1644546121200
42230720,touchdown,464,484,1644546122006
42230721,touchdown,821,339,1644546122007
42230721,touchmove,824,333,1644546122033
42230721,touchmove,824,332,1644546122041
42230721,touchmove,825,331,1644546122050
42230721,touchmove,823,331,1644546122167
42230720,touchend,0,0,1644546122175
42230721,touchend,0,0,1644546122175
42230722,touchdown,576,139,1644546122915
42230723,touchdown,381,374,1644546122916
42230722,touchend,0,0,1644546123067
42230723,touchend,0,0,1644546123091
42230724,touchdown,739,322,1644546123782
42230725,touchdown,538,479,1644546123782
42230725,touchmove,539,488,1644546123909
42230725,touchmove,538,488,1644546123918
42230725,touchmove,537,488,1644546123926
42230725,touchmove,536,488,1644546123934
42230724,touchend,0,0,1644546123943
42230725,touchend,0,0,1644546123959
42230726,touchdown,840,138,1644546124700
42230727,touchdown,663,352,1644546124700
42230726,touchmove,842,138,1644546124826
42230726,touchmove,842,139,1644546124835
42230726,touchend,0,0,1644546124843
42230727,touchend,0,0,1644546124876
42230728,touchdown,527,310,1644546125572
42230729,touchdown,350,547,1644546125588
42230728,touchend,0,0,1644546125718
42230729,touchend,0,0,1644546125735
42230730,touchdown,858,426,1644546126292
42230731,touchdown,620,546,1644546126292
42230730,touchmove,854,431,1644546126410
42230730,touchmove,853,431,1644546126444
42230730,touchend,0,0,1644546126452
42230731,touchend,0,0,1644546126461
42230732,touchdown,600,372,1644546127034
42230733,touchdown,838,248,1644546127034
42230733,touchmove,837,248,1644546127119
42230733,touchmove,837,249,1644546127136
42230733,touchmove,837,250,1644546127161
42230733,touchmove,837,251,1644546127186
42230733,touchend,0,0,1644546127202
42230732,touchend,0,0,1644546127211
42230734,touchdown,594,208,1644546127784
42230735,touchdown,838,92,1644546127784
42230735,touchmove,836,92,1644546127852
42230735,touchmove,836,93,1644546127861
42230735,touchmove,836,94,1644546127895
42230735,touchend,0,0,1644546127986
42230734,touchend,0,0,1644546127995
42230736,touchdown,488,64,1644546128517
42230737,touchdown,286,219,1644546128546
42230736,touchmove,486,63,1644546128578
42230736,touchmove,486,64,1644546128587
42230736,touchmove,486,65,1644546128595
42230736,touchmove,486,67,1644546128620
42230736,touchmove,486,66,1644546128604
42230736,touchmove,487,67,1644546128704
42230736,touchmove,488,67,1644546128712
42230736,touchend,0,0,1644546128720
42230737,touchend,0,0,1644546128729
42230738,touchdown,442,390,1644546129309
42230739,touchdown,655,238,1644546129309
42230738,touchend,0,0,1644546129462
42230739,touchend,0,0,1644546129463
42230740,touchdown,783,403,1644546130077
42230741,touchdown,562,544,1644546130078
42230740,touchend,0,0,1644546130254
42230741,touchend,0,0,1644546130254
42230742,touchdown,731,221,1644546130850
42230743,touchdown,512,373,1644546130866
42230743,touchend,0,0,1644546131046
42230742,touchend,0,0,1644546131055
42230744,touchdown,401,215,1644546131587
42230745,touchdown,610,63,1644546131587
42230745,touchend,0,0,1644546131764
42230744,touchend,0,0,1644546131780
42230746,touchdown,653,289,1644546132337
42230747,touchdown,882,152,1644546132337
42230747,touchend,0,0,1644546132539
42230746,touchend,0,0,1644546132555
42230748,touchdown,771,329,1644546133154
42230749,touchdown,548,479,1644546133155
42230748,touchend,0,0,1644546133322
42230749,touchend,0,0,1644546133347
42230750,touchdown,623,281,1644546134671
42230751,touchdown,465,324,1644546134672
42230751,touchend,0,0,1644546134849
42230750,touchend,0,0,1644546134890
42230752,touchdown,827,326,1644546135445
42230753,touchdown,685,344,1644546135445
42230753,touchend,0,0,1644546135624
42230752,touchend,0,0,1644546135657
42230755,touchdown,705,178,1644546136200
42230754,touchdown,843,162,1644546136187
42230755,touchend,0,0,1644546136374
42230754,touchend,0,0,1644546136407
42230756,touchdown,713,89,1644546136873
42230757,touchdown,850,76,1644546136874
42230756,touchend,0,0,1644546137033
42230757,touchend,0,0,1644546137057
42230758,touchdown,470,94,1644546137597
42230759,touchdown,334,128,1644546137597
42230759,touchmove,333,133,1644546137717
42230758,touchmove,470,97,1644546137725
42230759,touchmove,333,134,1644546137726
42230759,touchend,0,0,1644546137734
42230758,touchmove,470,99,1644546137734
42230758,touchmove,470,101,1644546137742
42230758,touchmove,470,104,1644546137750
42230758,touchmove,470,107,1644546137759
42230758,touchmove,470,111,1644546137767
42230758,touchend,0,0,1644546137774
42230760,touchdown,308,427,1644546138274
42230761,touchdown,442,390,1644546138274
42230760,touchend,0,0,1644546138443
42230761,touchend,0,0,1644546138475
42230762,touchdown,607,455,1644546138964
42230763,touchdown,743,444,1644546138980
42230762,touchmove,607,461,1644546139159
42230762,touchmove,607,460,1644546139168
42230762,touchmove,607,459,1644546139185
42230762,touchmove,607,458,1644546139193
42230762,touchend,0,0,1644546139201
42230763,touchend,0,0,1644546139218
42230764,touchdown,609,217,1644546139733
42230765,touchdown,472,242,1644546139733
42230765,touchend,0,0,1644546139993
42230764,touchend,0,0,1644546140009
42230766,touchdown,856,176,1644546140514
42230767,touchdown,721,198,1644546140514
42230767,touchend,0,0,1644546140819
42230766,touchend,0,0,1644546140828
42230768,touchdown,561,309,1644546141267
42230769,touchdown,462,400,1644546141268
42230769,touchend,0,0,1644546141452
42230768,touchend,0,0,1644546141477
42230770,touchdown,745,490,1644546141932
42230771,touchdown,880,478,1644546141947
42230770,touchmove,746,494,1644546141947
42230770,touchmove,746,495,1644546141953
42230770,touchmove,746,496,1644546141961
42230770,touchmove,746,497,1644546141969
42230770,touchmove,746,498,1644546141978
42230770,touchmove,746,499,1644546142003
42230770,touchmove,746,498,1644546142060
42230770,touchmove,746,497,1644546142078
42230770,touchmove,746,496,1644546142086
42230770,touchmove,746,495,1644546142111
42230770,touchmove,746,494,1644546142128
42230770,touchmove,746,493,1644546142136
42230770,touchmove,746,492,1644546142153
42230771,touchmove,878,484,1644546142153
42230770,touchmove,745,492,1644546142161
42230771,touchmove,878,486,1644546142161
42230770,touchend,0,0,1644546142169
42230771,touchmove,876,487,1644546142169
42230771,touchend,0,0,1644546142178
42230772,touchdown,534,453,1644546142701
42230773,touchdown,673,495,1644546142702
42230772,touchmove,533,455,1644546142811
42230772,touchmove,533,456,1644546142820
42230772,touchmove,533,457,1644546142845
42230772,touchmove,532,457,1644546142853
42230772,touchmove,533,456,1644546142920
42230772,touchmove,534,455,1644546142937
42230772,touchmove,535,454,1644546142945
42230772,touchend,0,0,1644546142953
42230773,touchend,0,0,1644546142986
42230774,touchdown,677,257,1644546143426
42230775,touchdown,817,294,1644546143426
42230774,touchmove,676,262,1644546143637
42230774,touchmove,676,261,1644546143645
42230774,touchmove,677,260,1644546143654
42230774,touchmove,677,259,1644546143662
42230774,touchmove,678,257,1644546143670
42230774,touchend,0,0,1644546143678
42230775,touchend,0,0,1644546143687
42230776,touchdown,805,109,1644546144144
42230777,touchdown,667,111,1644546144144
42230777,touchend,0,0,1644546144321
42230776,touchend,0,0,1644546144345
42230778,touchdown,356,253,1644546144861
42230779,touchdown,483,217,1644546144861
42230778,touchend,0,0,1644546145038
42230779,touchend,0,0,1644546145062
42230780,touchdown,524,400,1644546145603
42230781,touchdown,650,374,1644546145603
42230780,touchend,0,0,1644546145764
42230781,touchend,0,0,1644546145772
42230782,touchdown,572,123,1644546146812
42230783,touchdown,444,156,1644546146812
42230784,touchdown,698,174,1644546146826
42230785,touchdown,287,416,1644546146841
42230786,touchdown,806,313,1644546146841
42230783,touchmove,442,163,1644546146856
42230785,touchmove,284,417,1644546146931
42230783,touchmove,442,162,1644546146939
42230785,touchmove,284,416,1644546146939
42230785,touchmove,284,415,1644546146956
42230783,touchmove,442,161,1644546146965
42230783,touchmove,443,161,1644546146973
42230783,touchmove,443,160,1644546146982
42230785,touchend,0,0,1644546146990
42230783,touchmove,443,159,1644546146998
42230783,touchend,0,0,1644546147022
42230786,touchend,0,0,1644546147022
42230782,touchend,0,0,1644546147038
42230784,touchend,0,0,1644546147038
42230787,touchdown,594,87,1644546147573
42230788,touchdown,463,119,1644546147573
42230789,touchdown,832,284,1644546147573
42230790,touchdown,716,138,1644546147573
42230791,touchdown,305,377,1644546147585
42230791,touchend,0,0,1644546147740
42230788,touchend,0,0,1644546147749
42230787,touchend,0,0,1644546147773
42230790,touchend,0,0,1644546147773
42230789,touchend,0,0,1644546147780
42230792,touchdown,706,10,1644546148356
42230793,touchdown,823,68,1644546148356
42230794,touchdown,571,33,1644546148357
42230795,touchdown,927,222,1644546148368
42230796,touchdown,396,282,1644546148376
42230794,touchend,0,0,1644546148533
42230796,touchend,0,0,1644546148533
42230793,touchend,0,0,1644546148540
42230792,touchend,0,0,1644546148549
42230795,touchend,0,0,1644546148556
42230798,touchdown,596,168,1644546149079
42230797,touchdown,718,221,1644546149079
42230799,touchdown,828,367,1644546149079
42230798,touchmove,595,172,1644546149089
42230800,touchdown,464,207,1644546149093
42230801,touchdown,311,467,1644546149094
42230798,touchmove,595,175,1644546149094
42230798,touchmove,595,176,1644546149099
42230797,touchend,0,0,1644546149299
42230800,touchend,0,0,1644546149299
42230801,touchend,0,0,1644546149299
42230799,touchend,0,0,1644546149308
42230798,touchend,0,0,1644546149315
42230802,touchdown,728,279,1644546149821
42230803,touchdown,916,502,1644546149822
42230804,touchdown,839,345,1644546149822
42230804,touchmove,838,348,1644546149832
42230805,touchdown,594,298,1644546149835
42230804,touchmove,838,351,1644546149836
42230806,touchdown,411,531,1644546149842
42230804,touchmove,838,352,1644546149842
42230804,touchmove,838,351,1644546149941
42230805,touchmove,593,300,1644546149958
42230805,touchmove,593,299,1644546149966
42230804,touchmove,838,350,1644546149975
42230805,touchmove,593,298,1644546149991
42230806,touchend,0,0,1644546150000
42230804,touchend,0,0,1644546150016
42230805,touchmove,594,298,1644546150016
42230803,touchend,0,0,1644546150024
42230805,touchend,0,0,1644546150025
42230802,touchend,0,0,1644546150040
42230807,touchdown,596,124,1644546150587
42230808,touchdown,467,149,1644546150587
42230808,touchmove,466,154,1644546150598
42230809,touchdown,712,182,1644546150602
42230810,touchdown,306,409,1644546150602
42230808,touchmove,466,157,1644546150602
42230811,touchdown,812,327,1644546150611
42230810,touchmove,306,411,1644546150611
42230808,touchmove,466,159,1644546150611
42230810,touchmove,306,412,1644546150616
42230808,touchmove,466,160,1644546150617
42230810,touchmove,306,413,1644546150625
42230808,touchmove,466,161,1644546150625
42230808,touchmove,466,162,1644546150641
42230808,touchmove,466,161,1644546150717
42230810,touchmove,306,412,1644546150725
42230808,touchmove,466,160,1644546150742
42230808,touchmove,466,159,1644546150767
42230808,touchmove,466,158,1644546150783
42230810,touchend,0,0,1644546150800
42230808,touchend,0,0,1644546150810
42230811,touchend,0,0,1644546150816
42230809,touchend,0,0,1644546150824
42230807,touchend,0,0,1644546150832
42230812,touchdown,609,87,1644546151324
42230813,touchdown,363,89,1644546151324
42230814,touchdown,492,45,1644546151324
42230815,touchdown,251,338,1644546151336
42230816,touchdown,727,227,1644546151345
42230815,touchend,0,0,1644546151517
42230816,touchend,0,0,1644546151533
42230814,touchend,0,0,1644546151541
42230812,touchend,0,0,1644546151541
42230813,touchend,0,0,1644546151517
42230818,touchdown,870,157,1644546152075
42230817,touchdown,633,125,1644546152075
42230819,touchdown,764,100,1644546152075
42230818,touchmove,870,162,1644546152086
42230820,touchdown,484,364,1644546152091
42230821,touchdown,959,311,1644546152091
42230818,touchmove,870,163,1644546152091
42230820,touchmove,483,363,1644546152167
42230818,touchmove,870,164,1644546152095
42230820,touchmove,483,362,1644546152176
42230820,touchmove,483,364,1644546152159
42230820,touchmove,483,361,1644546152184
42230820,touchmove,482,361,1644546152193
42230820,touchmove,482,360,1644546152201
42230817,touchend,0,0,1644546152276
42230820,touchend,0,0,1644546152276
42230818,touchend,0,0,1644546152285
42230821,touchend,0,0,1644546152285
42230819,touchend,0,0,1644546152292
42230822,touchdown,813,318,1644546152783
42230824,touchdown,707,260,1644546152784
42230825,touchdown,577,288,1644546152796
42230823,touchdown,898,459,1644546152784
42230826,touchdown,434,529,1644546152804
42230826,touchend,0,0,1644546152909
42230824,touchend,0,0,1644546152950
42230825,touchend,0,0,1644546152926
42230823,touchend,0,0,1644546152959
42230822,touchend,0,0,1644546152959
42230827,touchdown,413,256,1644546153567
42230828,touchdown,653,276,1644546153568
42230829,touchdown,544,223,1644546153568
42230830,touchdown,756,417,1644546153579
42230831,touchdown,285,504,1644546153587
42230829,touchmove,541,227,1644546153619
42230829,touchmove,541,228,1644546153635
42230827,touchend,0,0,1644546153702
42230831,touchend,0,0,1644546153702
42230830,touchend,0,0,1644546153711
42230828,touchend,0,0,1644546153718
42230829,touchend,0,0,1644546153718
42230833,touchdown,520,110,1644546154323
42230832,touchdown,393,146,1644546154323
42230832,touchmove,393,151,1644546154334
42230832,touchmove,393,153,1644546154338
42230834,touchdown,277,404,1644546154338
42230835,touchdown,634,162,1644546154346
42230834,touchmove,277,405,1644546154347
42230832,touchmove,393,154,1644546154347
42230836,touchdown,746,302,1644546154353
42230834,touchmove,277,406,1644546154353
42230834,touchmove,277,407,1644546154368
42230832,touchend,0,0,1644546154452
42230834,touchend,0,0,1644546154461
42230833,touchend,0,0,1644546154468
42230836,touchend,0,0,1644546154469
42230835,touchend,0,0,1644546154476
42230837,touchdown,714,96,1644546155006
42230838,touchdown,824,154,1644546155022
42230839,touchdown,585,126,1644546155022
42230841,touchdown,920,304,1644546155029
42230840,touchdown,448,370,1644546155029
42230840,touchend,0,0,1644546155161
42230837,touchend,0,0,1644546155169
42230841,touchend,0,0,1644546155177
42230839,touchend,0,0,1644546155153
42230838,touchend,0,0,1644546155177
42230842,touchdown,898,451,1644546155683
42230843,touchdown,807,306,1644546155683
42230844,touchdown,698,249,1644546155696
42230845,touchdown,569,274,1644546155697
42230846,touchdown,431,516,1644546155704
42230846,touchmove,430,518,1644546155819
42230846,touchmove,430,517,1644546155836
42230846,touchmove,430,519,1644546155802
42230845,touchend,0,0,1644546155845
42230843,touchend,0,0,1644546155861
42230842,touchend,0,0,1644546155869
42230844,touchend,0,0,1644546155869
42230846,touchend,0,0,1644546155869
42230847,touchdown,534,146,1644546156394
42230848,touchdown,404,181,1644546156394
42230850,touchdown,290,430,1644546156406
42230849,touchdown,648,198,1644546156394
42230851,touchdown,754,343,1644546156414
42230848,touchend,0,0,1644546156512
42230850,touchend,0,0,1644546156512
42230847,touchend,0,0,1644546156536
42230851,touchend,0,0,1644546156536
42230849,touchend,0,0,1644546156544
42230852,touchdown,721,82,1644546157058
42230853,touchdown,586,106,1644546157059
42230854,touchdown,831,144,1644546157073
42230855,touchdown,448,351,1644546157080
42230856,touchdown,925,294,1644546157088
42230856,touchend,0,0,1644546157204
42230855,touchend,0,0,1644546157213
42230854,touchend,0,0,1644546157213
42230853,touchend,0,0,1644546157220
42230852,touchend,0,0,1644546157228
42230857,touchdown,484,54,1644546157711
42230858,touchdown,353,98,1644546157712
42230859,touchdown,601,98,1644546157712
42230860,touchdown,714,239,1644546157724
42230861,touchdown,254,351,1644546157724
42230858,touchend,0,0,1644546157854
42230861,touchend,0,0,1644546157864
42230857,touchend,0,0,1644546157871
42230859,touchend,0,0,1644546157878
42230860,touchend,0,0,1644546157894
42230862,touchdown,785,307,1644546158346
42230863,touchdown,542,285,1644546158346
42230864,touchdown,673,252,1644546158346
42230865,touchdown,886,451,1644546158347
42230866,touchdown,432,526,1644546158358
42230863,touchend,0,0,1644546158438
42230866,touchend,0,0,1644546158447
42230862,touchend,0,0,1644546158454
42230864,touchend,0,0,1644546158454
42230865,touchend,0,0,1644546158462
42230867,touchdown,399,448,1644546161443
42230868,touchdown,686,180,1644546161454
42230868,touchmove,682,184,1644546161505
42230868,touchmove,681,185,1644546161514
42230868,touchmove,677,186,1644546161522
42230868,touchmove,674,188,1644546161531
42230868,touchmove,669,190,1644546161539
42230868,touchmove,663,193,1644546161547
42230868,touchmove,658,196,1644546161556
42230867,touchmove,407,448,1644546161564
42230868,touchmove,652,199,1644546161564
42230867,touchmove,408,446,1644546161572
42230868,touchmove,647,203,1644546161572
42230867,touchmove,411,443,1644546161589
42230868,touchmove,643,207,1644546161581
42230868,touchmove,639,211,1644546161589
42230867,touchmove,410,445,1644546161580
42230867,touchmove,414,441,1644546161597
42230868,touchmove,636,215,1644546161597
42230867,touchmove,416,440,1644546161605
42230868,touchmove,633,218,1644546161606
42230867,touchmove,418,439,1644546161614
42230867,touchmove,420,438,1644546161622
42230868,touchmove,631,222,1644546161614
42230868,touchmove,629,224,1644546161622
42230867,touchmove,422,437,1644546161630
42230868,touchmove,627,228,1644546161631
42230867,touchmove,424,437,1644546161639
42230868,touchmove,624,231,1644546161639
42230867,touchmove,426,436,1644546161647
42230868,touchmove,621,235,1644546161647
42230867,touchmove,428,435,1644546161655
42230868,touchmove,619,238,1644546161655
42230867,touchmove,431,434,1644546161664
42230868,touchmove,615,243,1644546161664
42230867,touchmove,433,433,1644546161672
42230868,touchmove,613,247,1644546161672
42230867,touchmove,436,432,1644546161681
42230868,touchmove,610,251,1644546161681
42230867,touchmove,439,431,1644546161689
42230868,touchmove,608,256,1644546161689
42230867,touchmove,441,430,1644546161697
42230868,touchmove,605,260,1644546161697
42230867,touchmove,444,429,1644546161706
42230868,touchmove,603,264,1644546161706
42230867,touchmove,446,427,1644546161714
42230868,touchmove,601,268,1644546161714
42230867,touchmove,448,427,1644546161722
42230868,touchmove,599,271,1644546161723
42230868,touchmove,597,275,1644546161731
42230867,touchmove,450,426,1644546161730
42230867,touchmove,452,426,1644546161739
42230868,touchmove,595,278,1644546161739
42230867,touchmove,454,425,1644546161747
42230868,touchmove,593,281,1644546161747
42230867,touchmove,455,425,1644546161755
42230868,touchmove,591,284,1644546161755
42230867,touchmove,457,425,1644546161764
42230868,touchmove,589,288,1644546161764
42230867,touchmove,459,424,1644546161772
42230868,touchmove,587,291,1644546161772
42230867,touchmove,460,423,1644546161780
42230868,touchmove,585,294,1644546161780
42230867,touchmove,462,423,1644546161789
42230868,touchmove,583,298,1644546161789
42230867,touchmove,464,423,1644546161797
42230868,touchmove,581,302,1644546161797
42230867,touchmove,465,422,1644546161805
42230868,touchmove,579,304,1644546161806
42230867,touchmove,467,422,1644546161814
42230868,touchmove,578,307,1644546161814
42230867,touchmove,468,422,1644546161822
42230868,touchmove,577,309,1644546161822
42230867,touchmove,469,421,1644546161830
42230867,touchmove,470,421,1644546161839
42230868,touchmove,576,311,1644546161831
42230868,touchmove,576,312,1644546161839
42230867,touchmove,471,421,1644546161847
42230868,touchmove,575,313,1644546161847
42230867,touchmove,472,421,1644546161855
42230867,touchmove,474,420,1644546161864
42230868,touchmove,574,315,1644546161856
42230868,touchmove,573,317,1644546161864
42230867,touchmove,475,420,1644546161872
42230868,touchmove,572,318,1644546161872
42230867,touchmove,477,420,1644546161881
42230868,touchmove,571,320,1644546161881
42230867,touchmove,478,419,1644546161889
42230868,touchmove,571,322,1644546161889
42230867,touchmove,479,418,1644546161897
42230868,touchmove,569,324,1644546161897
42230867,touchmove,481,418,1644546161906
42230868,touchmove,569,326,1644546161906
42230867,touchmove,482,417,1644546161914
42230868,touchmove,568,327,1644546161914
42230867,touchmove,483,417,1644546161922
42230868,touchmove,567,329,1644546161922
42230867,touchmove,484,416,1644546161931
42230868,touchmove,566,331,1644546161931
42230867,touchmove,486,416,1644546161939
42230868,touchmove,566,332,1644546161939
42230868,touchmove,564,334,1644546161947
42230867,touchmove,487,416,1644546161956
42230868,touchmove,564,336,1644546161956
42230867,touchmove,488,415,1644546161964
42230868,touchmove,563,337,1644546161964
42230867,touchmove,489,415,1644546161972
42230868,touchmove,562,338,1644546161972
42230867,touchmove,490,415,1644546161981
42230868,touchmove,562,340,1644546161981
42230867,touchmove,491,415,1644546161997
42230868,touchmove,562,341,1644546161997
42230868,touchmove,561,341,1644546162006
42230868,touchmove,561,342,1644546162014
42230868,touchmove,561,343,1644546162031
42230868,touchmove,560,344,1644546162039
42230867,touchmove,492,415,1644546162064
42230868,touchmove,560,345,1644546162056
42230868,touchmove,559,346,1644546162064
42230868,touchmove,559,347,1644546162072
42230867,touchmove,492,416,1644546162081
42230868,touchmove,559,349,1644546162081
42230867,touchmove,493,416,1644546162089
42230868,touchmove,558,350,1644546162089
42230867,touchend,0,0,1644546162097
42230868,touchmove,557,351,1644546162098
42230868,touchmove,556,352,1644546162106
42230868,touchend,0,0,1644546162114
42230869,touchdown,376,326,1644546162810
42230870,touchdown,634,73,1644546162826
42230870,touchmove,627,75,1644546162856
42230870,touchmove,625,75,1644546162865
42230869,touchmove,380,321,1644546162873
42230870,touchmove,623,76,1644546162873
42230869,touchmove,380,319,1644546162881
42230870,touchmove,620,77,1644546162881
42230869,touchmove,380,318,1644546162889
42230870,touchmove,617,79,1644546162890
42230870,touchmove,613,81,1644546162898
42230869,touchmove,380,316,1644546162898
42230869,touchmove,380,314,1644546162906
42230870,touchmove,608,84,1644546162906
42230869,touchmove,380,313,1644546162915
42230870,touchmove,603,87,1644546162915
42230869,touchmove,380,311,1644546162923
42230870,touchmove,597,91,1644546162923
42230869,touchmove,380,310,1644546162931
42230870,touchmove,592,93,1644546162931
42230869,touchmove,379,310,1644546162939
42230870,touchmove,587,97,1644546162940
42230869,touchmove,379,309,1644546162948
42230870,touchmove,582,101,1644546162948
42230870,touchmove,578,104,1644546162956
42230869,touchmove,378,309,1644546162956
42230870,touchmove,574,108,1644546162964
42230869,touchmove,377,309,1644546162973
42230870,touchmove,569,112,1644546162973
42230870,touchmove,566,116,1644546162981
42230869,touchmove,376,309,1644546162990
42230870,touchmove,562,120,1644546162990
42230870,touchmove,557,125,1644546162998
42230869,touchmove,375,309,1644546163006
42230870,touchmove,549,133,1644546163015
42230870,touchmove,553,129,1644546163006
42230870,touchmove,545,138,1644546163023
42230870,touchmove,542,142,1644546163031
42230870,touchmove,539,146,1644546163040
42230870,touchmove,536,149,1644546163048
42230869,touchmove,375,308,1644546163056
42230870,touchmove,529,159,1644546163073
42230870,touchmove,533,153,1644546163056
42230870,touchmove,531,156,1644546163065
42230870,touchmove,526,162,1644546163081
42230869,touchmove,376,307,1644546163090
42230870,touchmove,524,165,1644546163090
42230870,touchmove,523,168,1644546163098
42230870,touchmove,520,170,1644546163106
42230869,touchmove,377,307,1644546163115
42230870,touchmove,518,173,1644546163115
42230870,touchmove,516,176,1644546163123
42230870,touchmove,514,178,1644546163131
42230870,touchmove,511,180,1644546163140
42230869,touchmove,378,306,1644546163140
42230870,touchmove,509,182,1644546163148
42230870,touchmove,507,185,1644546163156
42230870,touchmove,504,187,1644546163165
42230870,touchmove,502,189,1644546163173
42230870,touchmove,497,192,1644546163190
42230870,touchmove,500,191,1644546163181
42230869,touchmove,379,305,1644546163198
42230870,touchmove,495,194,1644546163198
42230870,touchmove,493,195,1644546163206
42230870,touchmove,492,197,1644546163215
42230870,touchmove,490,198,1644546163223
42230869,touchmove,379,304,1644546163232
42230870,touchmove,488,200,1644546163232
42230869,touchmove,380,304,1644546163240
42230870,touchmove,486,201,1644546163240
42230870,touchmove,484,203,1644546163248
42230870,touchmove,483,204,1644546163256
42230869,touchmove,381,303,1644546163265
42230870,touchmove,481,205,1644546163265
42230870,touchmove,480,205,1644546163273
42230869,touchmove,382,303,1644546163282
42230870,touchmove,479,206,1644546163282
42230869,touchmove,382,302,1644546163290
42230870,touchmove,478,207,1644546163290
42230869,touchmove,383,301,1644546163298
42230870,touchmove,477,207,1644546163298
42230869,touchmove,384,300,1644546163315
42230870,touchmove,476,208,1644546163306
42230869,touchmove,384,299,1644546163323
42230870,touchmove,475,208,1644546163315
42230870,touchmove,474,208,1644546163331
42230869,touchmove,385,299,1644546163340
42230869,touchmove,385,298,1644546163348
42230869,touchmove,386,298,1644546163365
42230869,touchend,0,0,1644546163381
42230870,touchmove,474,207,1644546163390
42230870,touchmove,475,206,1644546163398
42230870,touchmove,476,205,1644546163406
42230870,touchmove,481,201,1644546163423
42230870,touchend,0,0,1644546163430
42230870,touchmove,477,203,1644546163415
42230871,touchdown,494,427,1644546164053
42230872,touchdown,816,198,1644546164074
42230871,touchmove,502,427,1644546164099
42230871,touchmove,503,427,1644546164107
42230871,touchmove,505,427,1644546164115
42230872,touchmove,812,203,1644546164115
42230872,touchmove,809,205,1644546164124
42230871,touchmove,506,427,1644546164132
42230872,touchmove,806,208,1644546164132
42230872,touchmove,802,211,1644546164140
42230872,touchmove,796,214,1644546164149
42230872,touchmove,790,217,1644546164157
42230872,touchmove,784,220,1644546164165
42230871,touchmove,506,426,1644546164174
42230872,touchmove,778,223,1644546164174
42230871,touchmove,506,425,1644546164182
42230872,touchmove,772,225,1644546164182
42230871,touchmove,507,423,1644546164190
42230872,touchmove,766,228,1644546164191
42230871,touchmove,509,421,1644546164199
42230872,touchmove,761,231,1644546164199
42230871,touchmove,510,418,1644546164207
42230872,touchmove,756,235,1644546164207
42230871,touchmove,513,416,1644546164216
42230872,touchmove,751,239,1644546164216
42230871,touchmove,516,415,1644546164224
42230872,touchmove,747,243,1644546164224
42230871,touchmove,519,413,1644546164232
42230872,touchmove,743,247,1644546164232
42230871,touchmove,522,412,1644546164240
42230872,touchmove,740,250,1644546164241
42230871,touchmove,524,411,1644546164249
42230872,touchmove,737,254,1644546164249
42230871,touchmove,527,411,1644546164257
42230872,touchmove,733,257,1644546164258
42230871,touchmove,529,410,1644546164265
42230872,touchmove,729,261,1644546164266
42230871,touchmove,531,410,1644546164274
42230872,touchmove,726,264,1644546164274
42230871,touchmove,534,410,1644546164282
42230872,touchmove,724,267,1644546164282
42230871,touchmove,536,409,1644546164290
42230872,touchmove,721,270,1644546164291
42230871,touchmove,538,409,1644546164299
42230872,touchmove,719,273,1644546164299
42230871,touchmove,540,409,1644546164307
42230872,touchmove,716,276,1644546164307
42230871,touchmove,543,409,1644546164315
42230872,touchmove,714,279,1644546164316
42230872,touchmove,711,282,1644546164324
42230871,touchmove,545,408,1644546164324
42230871,touchmove,548,408,1644546164332
42230872,touchmove,708,285,1644546164332
42230871,touchmove,550,408,1644546164340
42230872,touchmove,706,289,1644546164340
42230871,touchmove,552,408,1644546164349
42230872,touchmove,703,292,1644546164349
42230871,touchmove,554,408,1644546164357
42230872,touchmove,701,296,1644546164357
42230871,touchmove,557,408,1644546164365
42230872,touchmove,698,299,1644546164366
42230871,touchmove,558,408,1644546164374
42230872,touchmove,696,302,1644546164374
42230871,touchmove,560,408,1644546164382
42230872,touchmove,694,304,1644546164382
42230871,touchmove,562,408,1644546164390
42230872,touchmove,692,307,1644546164390
42230871,touchmove,564,408,1644546164399
42230872,touchmove,690,310,1644546164399
42230871,touchmove,566,408,1644546164407
42230872,touchmove,688,312,1644546164407
42230871,touchmove,567,408,1644546164415
42230872,touchmove,686,315,1644546164415
42230871,touchmove,569,408,1644546164424
42230872,touchmove,685,317,1644546164424
42230871,touchmove,571,408,1644546164432
42230872,touchmove,683,319,1644546164432
42230871,touchmove,573,408,1644546164440
42230872,touchmove,682,322,1644546164440
42230871,touchmove,576,408,1644546164449
42230872,touchmove,681,324,1644546164449
42230871,touchmove,577,408,1644546164457
42230872,touchmove,680,327,1644546164457
42230871,touchmove,580,408,1644546164465
42230872,touchmove,679,329,1644546164465
42230871,touchmove,582,408,1644546164474
42230872,touchmove,678,331,1644546164474
42230871,touchmove,584,408,1644546164482
42230872,touchmove,677,332,1644546164482
42230871,touchmove,586,408,1644546164490
42230872,touchmove,677,334,1644546164490
42230871,touchmove,588,408,1644546164499
42230872,touchmove,676,336,1644546164499
42230871,touchmove,589,408,1644546164507
42230872,touchmove,676,337,1644546164507
42230871,touchmove,590,408,1644546164515
42230872,touchmove,675,337,1644546164515
42230871,touchmove,591,408,1644546164524
42230872,touchmove,675,339,1644546164540
42230872,touchmove,675,338,1644546164524
42230871,touchmove,592,408,1644546164549
42230872,touchmove,674,340,1644546164549
42230872,touchmove,674,341,1644546164565
42230872,touchmove,673,341,1644546164574
42230872,touchmove,672,342,1644546164582
42230872,touchmove,672,343,1644546164591
42230872,touchmove,671,343,1644546164599
42230872,touchmove,671,344,1644546164607
42230872,touchmove,671,345,1644546164615
42230872,touchmove,670,345,1644546164624
42230872,touchmove,670,346,1644546164633
42230871,touchmove,592,409,1644546164641
42230872,touchmove,669,346,1644546164641
42230871,touchmove,592,410,1644546164657
42230872,touchmove,669,347,1644546164649
42230871,touchmove,592,411,1644546164666
42230872,touchmove,669,348,1644546164666
42230871,touchmove,592,412,1644546164674
42230872,touchmove,668,348,1644546164674
42230871,touchmove,592,413,1644546164682
42230872,touchmove,668,349,1644546164682
42230871,touchmove,591,415,1644546164691
42230871,touchend,0,0,1644546164698
42230872,touchmove,669,349,1644546164715
42230872,touchmove,672,349,1644546164724
42230872,touchmove,677,347,1644546164732
42230872,touchend,0,0,1644546164740
42230873,touchdown,860,424,1644546165229
42230874,touchdown,623,547,1644546165242
42230873,touchmove,852,432,1644546165299
42230873,touchmove,855,429,1644546165291
42230873,touchmove,848,435,1644546165308
42230873,touchmove,856,427,1644546165282
42230873,touchmove,843,438,1644546165316
42230873,touchmove,838,441,1644546165324
42230873,touchmove,832,443,1644546165333
42230873,touchmove,826,446,1644546165341
42230873,touchmove,821,449,1644546165349
42230873,touchmove,814,451,1644546165358
42230873,touchmove,808,453,1644546165366
42230873,touchmove,802,455,1644546165374
42230873,touchmove,796,457,1644546165383
42230873,touchmove,790,460,1644546165391
42230873,touchmove,785,462,1644546165399
42230873,touchmove,779,463,1644546165408
42230873,touchmove,774,466,1644546165416
42230873,touchmove,768,468,1644546165424
42230873,touchmove,764,469,1644546165433
42230873,touchmove,759,472,1644546165441
42230873,touchmove,754,473,1644546165449
42230873,touchmove,750,475,1644546165458
42230873,touchmove,746,476,1644546165466
42230873,touchmove,743,478,1644546165474
42230873,touchmove,740,479,1644546165483
42230873,touchmove,737,481,1644546165491
42230873,touchmove,735,482,1644546165499
42230873,touchmove,732,483,1644546165508
42230874,touchmove,623,540,1644546165508
42230873,touchmove,730,484,1644546165516
42230873,touchmove,728,486,1644546165524
42230874,touchmove,623,539,1644546165525
42230873,touchmove,726,487,1644546165533
42230873,touchmove,724,488,1644546165541
42230874,touchmove,623,538,1644546165541
42230873,touchmove,722,488,1644546165550
42230874,touchmove,624,538,1644546165550
42230873,touchmove,721,490,1644546165558
42230873,touchmove,720,490,1644546165566
42230873,touchmove,719,491,1644546165574
42230874,touchmove,624,537,1644546165575
42230873,touchmove,717,491,1644546165583
42230874,touchmove,624,536,1644546165591
42230873,touchmove,715,492,1644546165599
42230873,touchmove,715,493,1644546165608
42230873,touchmove,714,493,1644546165616
42230873,touchmove,713,493,1644546165624
42230873,touchmove,712,494,1644546165633
42230873,touchmove,710,495,1644546165658
42230873,touchmove,711,495,1644546165650
42230873,touchmove,710,496,1644546165758
42230874,touchmove,624,537,1644546165775
42230874,touchend,0,0,1644546165783
42230873,touchmove,711,495,1644546165808
42230873,touchmove,714,494,1644546165816
42230873,touchend,0,0,1644546165824
42230876,touchdown,510,303,1644546166401
42230875,touchmove,816,132,1644546166467
42230875,touchmove,814,134,1644546166483
42230875,touchmove,815,133,1644546166475
42230875,touchmove,816,130,1644546166458
42230875,touchdown,820,128,1644546166388
42230875,touchmove,813,136,1644546166492
42230875,touchmove,812,138,1644546166500
42230875,touchmove,810,140,1644546166508
42230875,touchmove,808,142,1644546166517
42230875,touchmove,806,144,1644546166525
42230875,touchmove,804,146,1644546166533
42230875,touchmove,802,148,1644546166542
42230875,touchmove,800,149,1644546166550
42230875,touchmove,798,151,1644546166558
42230875,touchmove,797,152,1644546166567
42230875,touchmove,793,154,1644546166583
42230875,touchmove,794,153,1644546166575
42230875,touchmove,791,156,1644546166592
42230876,touchmove,517,307,1644546166592
42230876,touchmove,519,307,1644546166600
42230875,touchmove,789,158,1644546166600
42230875,touchmove,786,159,1644546166609
42230876,touchmove,520,307,1644546166609
42230876,touchmove,521,307,1644546166617
42230875,touchmove,784,161,1644546166617
42230875,touchmove,781,162,1644546166625
42230876,touchmove,523,306,1644546166625
42230875,touchmove,779,164,1644546166633
42230876,touchmove,524,306,1644546166634
42230875,touchmove,776,166,1644546166642
42230876,touchmove,526,305,1644546166642
42230875,touchmove,772,168,1644546166650
42230876,touchmove,527,305,1644546166650
42230875,touchmove,769,170,1644546166659
42230876,touchmove,529,304,1644546166659
42230875,touchmove,765,172,1644546166667
42230876,touchmove,530,304,1644546166667
42230875,touchmove,761,174,1644546166675
42230876,touchmove,532,304,1644546166675
42230875,touchmove,757,176,1644546166684
42230876,touchmove,533,303,1644546166684
42230875,touchmove,753,178,1644546166692
42230876,touchmove,535,303,1644546166692
42230875,touchmove,749,181,1644546166700
42230876,touchmove,536,303,1644546166700
42230875,touchmove,745,183,1644546166709
42230876,touchmove,537,303,1644546166709
42230875,touchmove,741,185,1644546166717
42230876,touchmove,538,303,1644546166717
42230875,touchmove,737,188,1644546166725
42230876,touchmove,540,303,1644546166725
42230875,touchmove,733,191,1644546166734
42230875,touchmove,729,194,1644546166742
42230876,touchmove,542,303,1644546166742
42230875,touchmove,725,196,1644546166750
42230876,touchmove,543,303,1644546166750
42230876,touchmove,544,303,1644546166759
42230875,touchmove,721,199,1644546166759
42230875,touchmove,717,203,1644546166767
42230876,touchmove,545,303,1644546166767
42230875,touchmove,712,206,1644546166775
42230876,touchmove,547,303,1644546166775
42230875,touchmove,708,209,1644546166783
42230876,touchmove,548,303,1644546166784
42230875,touchmove,704,213,1644546166792
42230876,touchmove,549,303,1644546166792
42230875,touchmove,700,216,1644546166800
42230876,touchmove,550,303,1644546166801
42230875,touchmove,696,219,1644546166808
42230876,touchmove,552,303,1644546166809
42230875,touchmove,692,223,1644546166817
42230876,touchmove,553,304,1644546166817
42230875,touchmove,688,227,1644546166825
42230876,touchmove,554,305,1644546166825
42230875,touchmove,685,230,1644546166834
42230876,touchmove,555,306,1644546166834
42230875,touchmove,681,233,1644546166842
42230876,touchmove,556,307,1644546166842
42230875,touchmove,678,236,1644546166850
42230876,touchmove,557,308,1644546166850
42230875,touchmove,674,239,1644546166859
42230876,touchmove,557,309,1644546166859
42230875,touchmove,671,243,1644546166867
42230876,touchmove,558,310,1644546166867
42230875,touchmove,667,246,1644546166875
42230876,touchmove,559,312,1644546166875
42230875,touchmove,664,250,1644546166884
42230876,touchmove,559,313,1644546166884
42230875,touchmove,660,253,1644546166892
42230876,touchmove,559,314,1644546166892
42230875,touchmove,657,256,1644546166900
42230876,touchmove,560,315,1644546166900
42230875,touchmove,653,260,1644546166909
42230876,touchmove,560,317,1644546166909
42230875,touchmove,649,263,1644546166917
42230876,touchmove,561,318,1644546166917
42230875,touchmove,647,266,1644546166925
42230875,touchmove,644,268,1644546166933
42230876,touchmove,561,319,1644546166925
42230876,touchmove,561,321,1644546166934
42230875,touchmove,642,270,1644546166942
42230875,touchmove,640,272,1644546166950
42230876,touchmove,561,322,1644546166942
42230876,touchmove,561,323,1644546166950
42230875,touchmove,639,274,1644546166959
42230876,touchmove,561,324,1644546166959
42230875,touchmove,638,275,1644546166967
42230876,touchmove,560,326,1644546166967
42230875,touchmove,636,277,1644546166975
42230876,touchmove,559,327,1644546166975
42230875,touchmove,635,278,1644546166983
42230876,touchmove,558,329,1644546166984
42230875,touchmove,634,280,1644546166992
42230876,touchmove,557,331,1644546166992
42230875,touchmove,633,281,1644546167000
42230876,touchmove,556,332,1644546167000
42230875,touchmove,632,282,1644546167008
42230876,touchmove,555,333,1644546167008
42230875,touchmove,631,284,1644546167017
42230876,touchmove,554,335,1644546167017
42230875,touchmove,630,285,1644546167025
42230876,touchmove,553,337,1644546167025
42230875,touchmove,629,286,1644546167033
42230876,touchmove,551,338,1644546167034
42230875,touchmove,628,288,1644546167042
42230876,touchmove,550,340,1644546167042
42230875,touchmove,626,290,1644546167050
42230876,touchmove,548,342,1644546167050
42230875,touchmove,624,291,1644546167059
42230876,touchmove,547,344,1644546167059
42230875,touchmove,623,291,1644546167067
42230876,touchmove,546,345,1644546167067
42230876,touchend,0,0,1644546167075
42230875,touchmove,621,292,1644546167075
42230875,touchmove,620,292,1644546167084
42230875,touchmove,618,292,1644546167092
42230875,touchend,0,0,1644546167099
42230877,touchdown,533,103,1644546167527
42230878,touchdown,336,268,1644546167542
42230877,touchmove,529,108,1644546167567
42230877,touchmove,529,110,1644546167575
42230877,touchmove,528,112,1644546167584
42230877,touchmove,525,116,1644546167600
42230877,touchmove,526,114,1644546167592
42230877,touchmove,523,120,1644546167609
42230877,touchmove,520,123,1644546167617
42230877,touchmove,517,126,1644546167625
42230877,touchmove,513,130,1644546167634
42230877,touchmove,509,133,1644546167642
42230877,touchmove,503,137,1644546167651
42230877,touchmove,498,142,1644546167659
42230877,touchmove,493,145,1644546167667
42230877,touchmove,488,149,1644546167675
42230877,touchmove,483,154,1644546167684
42230878,touchmove,342,269,1644546167692
42230877,touchmove,479,158,1644546167692
42230877,touchmove,474,162,1644546167701
42230878,touchmove,343,269,1644546167701
42230877,touchmove,470,167,1644546167709
42230878,touchmove,345,269,1644546167709
42230877,touchmove,466,170,1644546167717
42230878,touchmove,346,269,1644546167717
42230878,touchmove,347,269,1644546167726
42230877,touchmove,460,176,1644546167734
42230878,touchmove,349,269,1644546167734
42230877,touchmove,457,178,1644546167742
42230877,touchmove,454,181,1644546167751
42230878,touchmove,350,269,1644546167742
42230877,touchmove,452,184,1644546167759
42230878,touchmove,352,269,1644546167759
42230878,touchmove,353,269,1644546167767
42230877,touchmove,449,186,1644546167767
42230877,touchmove,447,189,1644546167776
42230878,touchmove,354,269,1644546167776
42230877,touchmove,445,191,1644546167784
42230878,touchmove,355,269,1644546167784
42230877,touchmove,443,194,1644546167792
42230878,touchmove,356,269,1644546167793
42230877,touchmove,441,196,1644546167801
42230878,touchmove,357,269,1644546167801
42230877,touchmove,440,198,1644546167809
42230878,touchmove,358,269,1644546167809
42230877,touchmove,438,200,1644546167817
42230878,touchmove,359,269,1644546167818
42230877,touchmove,437,201,1644546167834
42230877,touchmove,438,201,1644546167826
42230877,touchmove,436,202,1644546167842
42230877,touchmove,435,203,1644546167859
42230877,touchmove,434,204,1644546167876
42230877,touchmove,433,204,1644546167884
42230877,touchmove,433,205,1644546167892
42230877,touchmove,432,205,1644546167901
42230877,touchmove,431,205,1644546167917
42230877,touchmove,431,206,1644546167926
42230877,touchmove,430,206,1644546167951
42230877,touchmove,429,206,1644546167976
42230878,touchmove,358,269,1644546167976
42230877,touchmove,429,207,1644546167984
42230877,touchmove,428,207,1644546168026
42230877,touchmove,427,207,1644546168034
42230878,touchend,0,0,1644546168051
42230877,touchmove,426,207,1644546168051
42230877,touchmove,426,208,1644546168059
42230877,touchmove,424,209,1644546168068
42230877,touchmove,422,210,1644546168076
42230877,touchend,0,0,1644546168083
42230879,touchdown,598,234,1644546168781
42230880,touchdown,513,301,1644546168793
42230880,touchmove,513,308,1644546168867
42230880,touchmove,513,309,1644546168885
42230880,touchmove,512,310,1644546168893
42230880,touchmove,511,311,1644546168901
42230880,touchmove,510,311,1644546168910
42230880,touchmove,509,312,1644546168918
42230880,touchmove,508,313,1644546168926
42230880,touchmove,507,314,1644546168935
42230880,touchmove,506,314,1644546168943
42230880,touchmove,505,315,1644546168952
42230880,touchmove,504,316,1644546168960
42230880,touchmove,503,317,1644546168968
42230880,touchmove,502,318,1644546168977
42230880,touchmove,500,318,1644546168985
42230880,touchmove,498,319,1644546168993
42230880,touchmove,497,320,1644546169002
42230879,touchmove,603,234,1644546169002
42230880,touchmove,495,322,1644546169010
42230879,touchmove,610,231,1644546169010
42230880,touchmove,492,323,1644546169018
42230879,touchmove,621,224,1644546169018
42230880,touchmove,490,324,1644546169026
42230879,touchmove,631,219,1644546169026
42230880,touchmove,487,325,1644546169035
42230879,touchmove,640,213,1644546169035
42230880,touchmove,486,326,1644546169043
42230879,touchmove,647,209,1644546169043
42230880,touchmove,484,327,1644546169051
42230879,touchmove,653,206,1644546169051
42230880,touchmove,484,328,1644546169060
42230879,touchmove,661,203,1644546169060
42230879,touchmove,668,200,1644546169068
42230880,touchmove,484,329,1644546169076
42230879,touchmove,674,198,1644546169076
42230880,touchmove,484,330,1644546169085
42230879,touchmove,679,196,1644546169085
42230880,touchmove,484,331,1644546169093
42230879,touchmove,684,194,1644546169093
42230880,touchmove,484,332,1644546169101
42230879,touchmove,688,191,1644546169101
42230880,touchmove,484,333,1644546169110
42230879,touchmove,693,189,1644546169110
42230880,touchmove,484,335,1644546169118
42230879,touchmove,697,187,1644546169118
42230880,touchmove,485,336,1644546169127
42230879,touchmove,701,185,1644546169127
42230879,touchmove,706,183,1644546169135
42230880,touchmove,485,337,1644546169135
42230880,touchmove,485,339,1644546169143
42230879,touchmove,711,181,1644546169143
42230880,touchmove,486,340,1644546169151
42230879,touchmove,717,179,1644546169151
42230880,touchmove,486,342,1644546169160
42230879,touchmove,722,177,1644546169160
42230879,touchmove,728,176,1644546169168
42230880,touchmove,486,344,1644546169168
42230880,touchmove,486,345,1644546169176
42230879,touchmove,734,174,1644546169176
42230879,touchmove,740,172,1644546169185
42230880,touchmove,486,347,1644546169185
42230880,touchmove,486,349,1644546169193
42230879,touchmove,745,171,1644546169193
42230880,touchmove,486,351,1644546169201
42230879,touchmove,748,170,1644546169201
42230880,touchmove,486,353,1644546169210
42230879,touchmove,753,168,1644546169210
42230880,touchmove,486,355,1644546169218
42230879,touchmove,756,167,1644546169218
42230880,touchmove,486,357,1644546169226
42230879,touchmove,760,166,1644546169227
42230880,touchmove,486,359,1644546169235
42230879,touchmove,762,165,1644546169235
42230880,touchmove,486,361,1644546169243
42230879,touchmove,765,163,1644546169243
42230880,touchmove,486,364,1644546169252
42230879,touchmove,768,162,1644546169252
42230880,touchmove,486,366,1644546169260
42230879,touchmove,770,161,1644546169260
42230880,touchmove,486,368,1644546169268
42230879,touchmove,772,160,1644546169268
42230880,touchmove,486,370,1644546169276
42230879,touchmove,775,159,1644546169276
42230880,touchmove,486,373,1644546169285
42230879,touchmove,778,158,1644546169285
42230880,touchmove,486,374,1644546169293
42230879,touchmove,780,157,1644546169293
42230880,touchmove,486,377,1644546169301
42230879,touchmove,783,156,1644546169301
42230880,touchmove,486,379,1644546169310
42230879,touchmove,785,156,1644546169310
42230880,touchmove,486,380,1644546169318
42230879,touchmove,787,154,1644546169318
42230880,touchmove,486,382,1644546169326
42230879,touchmove,789,154,1644546169326
42230880,touchmove,486,384,1644546169335
42230879,touchmove,791,153,1644546169335
42230880,touchmove,486,385,1644546169343
42230879,touchmove,793,153,1644546169343
42230880,touchmove,486,387,1644546169352
42230879,touchmove,794,153,1644546169352
42230880,touchmove,486,388,1644546169360
42230879,touchmove,796,152,1644546169360
42230880,touchmove,486,389,1644546169368
42230879,touchmove,797,152,1644546169368
42230880,touchmove,486,390,1644546169376
42230879,touchmove,798,151,1644546169377
42230880,touchmove,486,392,1644546169385
42230879,touchmove,800,151,1644546169385
42230879,touchmove,801,150,1644546169393
42230880,touchmove,486,393,1644546169402
42230879,touchmove,802,149,1644546169402
42230880,touchmove,486,394,1644546169410
42230879,touchmove,803,149,1644546169410
42230880,touchmove,486,395,1644546169426
42230879,touchmove,804,149,1644546169427
42230880,touchmove,486,396,1644546169435
42230880,touchmove,486,397,1644546169443
42230880,touchmove,486,398,1644546169451
42230879,touchmove,805,149,1644546169452
42230880,touchmove,486,399,1644546169460
42230879,touchmove,806,149,1644546169460
42230879,touchmove,807,151,1644546169468
42230879,touchmove,807,154,1644546169477
42230880,touchmove,486,401,1644546169477
42230879,touchend,0,0,1644546169485
42230880,touchmove,486,402,1644546169485
42230880,touchend,0,0,1644546169493
42230881,touchdown,662,492,1644546170025
42230882,touchdown,740,430,1644546170025
42230881,touchmove,662,496,1644546170110
42230881,touchmove,660,496,1644546170119
42230881,touchmove,657,496,1644546170127
42230881,touchmove,653,497,1644546170135
42230881,touchmove,650,498,1644546170144
42230881,touchmove,647,498,1644546170152
42230881,touchmove,645,500,1644546170160
42230881,touchmove,643,501,1644546170169
42230881,touchmove,642,502,1644546170177
42230881,touchmove,641,502,1644546170186
42230881,touchmove,640,503,1644546170194
42230881,touchmove,639,504,1644546170202
42230881,touchmove,639,505,1644546170211
42230881,touchmove,638,505,1644546170219
42230881,touchmove,638,506,1644546170227
42230881,touchmove,637,507,1644546170244
42230881,touchmove,636,508,1644546170261
42230882,touchmove,743,430,1644546170261
42230881,touchmove,635,509,1644546170269
42230882,touchmove,752,426,1644546170269
42230881,touchmove,634,509,1644546170277
42230882,touchmove,768,419,1644546170277
42230881,touchmove,632,509,1644546170285
42230882,touchmove,783,412,1644546170286
42230881,touchmove,631,510,1644546170294
42230882,touchmove,795,407,1644546170294
42230881,touchmove,630,510,1644546170302
42230882,touchmove,803,404,1644546170302
42230881,touchmove,629,511,1644546170311
42230882,touchmove,811,402,1644546170311
42230882,touchmove,820,400,1644546170319
42230882,touchmove,827,399,1644546170327
42230881,touchmove,629,512,1644546170336
42230882,touchmove,834,397,1644546170336
42230882,touchmove,839,397,1644546170344
42230881,touchmove,630,513,1644546170352
42230882,touchmove,842,396,1644546170352
42230881,touchmove,630,514,1644546170360
42230882,touchmove,846,395,1644546170361
42230881,touchmove,631,515,1644546170369
42230882,touchmove,849,394,1644546170369
42230881,touchmove,631,516,1644546170377
42230882,touchmove,852,393,1644546170377
42230881,touchmove,631,517,1644546170386
42230882,touchmove,855,393,1644546170386
42230881,touchmove,632,518,1644546170394
42230882,touchmove,858,392,1644546170394
42230881,touchmove,632,519,1644546170402
42230882,touchmove,860,391,1644546170402
42230881,touchmove,632,521,1644546170410
42230882,touchmove,863,390,1644546170411
42230881,touchmove,632,522,1644546170419
42230882,touchmove,867,390,1644546170419
42230882,touchmove,870,389,1644546170427
42230881,touchmove,632,524,1644546170427
42230881,touchmove,631,525,1644546170435
42230882,touchmove,875,389,1644546170436
42230881,touchmove,630,527,1644546170444
42230882,touchmove,879,388,1644546170444
42230881,touchmove,629,528,1644546170452
42230882,touchmove,882,388,1644546170452
42230881,touchmove,628,530,1644546170460
42230882,touchmove,886,387,1644546170460
42230881,touchmove,627,531,1644546170469
42230882,touchmove,888,387,1644546170469
42230882,touchmove,889,387,1644546170477
42230881,touchmove,626,533,1644546170477
42230881,touchmove,626,534,1644546170485
42230882,touchmove,891,386,1644546170485
42230881,touchmove,625,536,1644546170494
42230882,touchmove,892,386,1644546170494
42230881,touchmove,625,537,1644546170502
42230882,touchmove,893,385,1644546170502
42230881,touchmove,625,538,1644546170511
42230882,touchmove,894,385,1644546170511
42230881,touchmove,624,540,1644546170519
42230882,touchmove,895,385,1644546170519
42230881,touchmove,624,541,1644546170527
42230882,touchmove,896,385,1644546170527
42230881,touchmove,624,542,1644546170536
42230881,touchmove,624,543,1644546170544
42230882,touchmove,897,385,1644546170544
42230881,touchmove,624,544,1644546170552
42230882,touchmove,898,385,1644546170552
42230881,touchmove,624,545,1644546170569
42230882,touchmove,899,385,1644546170569
42230881,touchmove,624,546,1644546170577
42230881,touchmove,624,547,1644546170585
42230882,touchmove,900,385,1644546170586
42230881,touchmove,624,548,1644546170611
42230881,touchmove,623,548,1644546170627
42230881,touchmove,623,549,1644546170636
42230881,touchmove,622,549,1644546170644
42230882,touchmove,900,386,1644546170644
42230881,touchmove,621,549,1644546170661
42230882,touchmove,901,387,1644546170661
42230881,touchmove,620,550,1644546170669
42230881,touchmove,619,550,1644546170677
42230882,touchmove,901,388,1644546170677
42230882,touchmove,901,389,1644546170686
42230881,touchend,0,0,1644546170693
42230882,touchend,0,0,1644546170694
42230883,touchdown,601,230,1644546171274
42230884,touchdown,483,344,1644546171287
42230884,touchmove,481,349,1644546171377
42230884,touchmove,479,349,1644546171386
42230884,touchmove,478,350,1644546171394
42230884,touchmove,476,351,1644546171403
42230884,touchmove,474,352,1644546171411
42230884,touchmove,473,354,1644546171420
42230884,touchmove,472,355,1644546171428
42230884,touchmove,471,356,1644546171436
42230884,touchmove,471,357,1644546171445
42230884,touchmove,470,357,1644546171453
42230884,touchmove,470,358,1644546171461
42230884,touchmove,470,359,1644546171470
42230884,touchmove,470,360,1644546171494
42230883,touchmove,603,226,1644546171519
42230883,touchmove,606,225,1644546171528
42230883,touchmove,609,223,1644546171536
42230883,touchmove,614,221,1644546171545
42230883,touchmove,619,218,1644546171553
42230883,touchmove,623,215,1644546171562
42230884,touchmove,471,360,1644546171562
42230883,touchmove,628,213,1644546171570
42230883,touchmove,633,210,1644546171578
42230883,touchmove,638,207,1644546171586
42230884,touchmove,472,360,1644546171586
42230883,touchmove,642,204,1644546171594
42230883,touchmove,647,202,1644546171603
42230883,touchmove,651,198,1644546171611
42230884,touchmove,473,360,1644546171611
42230883,touchmove,655,195,1644546171620
42230883,touchmove,660,191,1644546171628
42230884,touchmove,474,360,1644546171628
42230883,touchmove,666,188,1644546171636
42230883,touchmove,671,184,1644546171645
42230883,touchmove,684,175,1644546171661
42230883,touchmove,678,179,1644546171653
42230884,touchmove,475,360,1644546171661
42230883,touchmove,691,171,1644546171670
42230884,touchmove,476,360,1644546171670
42230884,touchmove,477,360,1644546171695
42230883,touchmove,712,158,1644546171695
42230883,touchmove,699,166,1644546171678
42230883,touchmove,705,162,1644546171686
42230883,touchmove,718,154,1644546171703
42230884,touchmove,478,360,1644546171703
42230883,touchmove,723,150,1644546171711
42230883,touchmove,729,147,1644546171720
42230883,touchmove,734,143,1644546171728
42230884,touchmove,479,360,1644546171728
42230883,touchmove,739,140,1644546171736
42230883,touchmove,743,137,1644546171745
42230883,touchmove,748,133,1644546171753
42230884,touchmove,480,360,1644546171753
42230883,touchmove,755,128,1644546171770
42230883,touchmove,751,130,1644546171761
42230884,touchmove,481,360,1644546171770
42230883,touchmove,759,125,1644546171778
42230883,touchmove,762,122,1644546171786
42230883,touchmove,766,120,1644546171795
42230883,touchmove,770,118,1644546171803
42230884,touchmove,482,360,1644546171803
42230883,touchmove,772,116,1644546171811
42230883,touchmove,775,114,1644546171820
42230883,touchmove,778,112,1644546171828
42230883,touchmove,779,111,1644546171836
42230884,touchmove,483,360,1644546171828
42230883,touchmove,781,109,1644546171845
42230884,touchmove,483,361,1644546171853
42230883,touchmove,782,107,1644546171853
42230883,touchmove,783,106,1644546171861
42230884,touchmove,484,361,1644546171862
42230883,touchmove,784,105,1644546171870
42230883,touchmove,784,104,1644546171886
42230883,touchmove,784,103,1644546171903
42230883,touchmove,784,104,1644546171961
42230883,touchmove,784,106,1644546171970
42230883,touchmove,782,108,1644546171978
42230883,touchmove,779,110,1644546171987
42230883,touchmove,776,113,1644546171995
42230883,touchend,0,0,1644546172003
42230884,touchend,0,0,1644546172012
42230885,touchdown,486,323,1644546172424
42230886,touchdown,456,477,1644546172440
42230885,touchmove,479,322,1644546172478
42230885,touchmove,479,321,1644546172487
42230885,touchmove,479,320,1644546172495
42230885,touchmove,479,319,1644546172504
42230885,touchmove,479,318,1644546172512
42230885,touchmove,479,317,1644546172520
42230885,touchmove,479,315,1644546172528
42230885,touchmove,479,313,1644546172537
42230885,touchmove,479,312,1644546172545
42230885,touchmove,479,311,1644546172554
42230885,touchmove,479,309,1644546172562
42230885,touchmove,479,307,1644546172570
42230885,touchmove,479,305,1644546172578
42230885,touchmove,479,303,1644546172587
42230885,touchmove,479,299,1644546172595
42230885,touchmove,479,297,1644546172603
42230885,touchmove,479,293,1644546172612
42230885,touchmove,479,290,1644546172620
42230885,touchmove,480,287,1644546172629
42230885,touchmove,481,284,1644546172637
42230885,touchmove,482,280,1644546172645
42230885,touchmove,483,276,1644546172654
42230885,touchmove,484,272,1644546172662
42230885,touchmove,486,268,1644546172670
42230885,touchmove,489,264,1644546172679
42230885,touchmove,491,258,1644546172687
42230885,touchmove,494,254,1644546172695
42230885,touchmove,497,249,1644546172704
42230886,touchmove,457,476,1644546172704
42230885,touchmove,499,243,1644546172712
42230885,touchmove,502,238,1644546172720
42230886,touchmove,458,476,1644546172720
42230885,touchmove,503,234,1644546172728
42230886,touchmove,459,476,1644546172729
42230885,touchmove,506,229,1644546172737
42230885,touchmove,509,224,1644546172745
42230885,touchmove,510,220,1644546172753
42230886,touchmove,460,476,1644546172754
42230885,touchmove,513,216,1644546172762
42230885,touchmove,515,212,1644546172770
42230886,touchmove,461,476,1644546172770
42230885,touchmove,517,209,1644546172778
42230886,touchmove,462,476,1644546172787
42230885,touchmove,520,205,1644546172787
42230885,touchmove,522,201,1644546172795
42230885,touchmove,524,198,1644546172803
42230885,touchmove,526,194,1644546172812
42230886,touchmove,463,476,1644546172820
42230885,touchmove,527,191,1644546172820
42230885,touchmove,529,188,1644546172829
42230885,touchmove,530,185,1644546172837
42230885,touchmove,531,182,1644546172845
42230885,touchmove,532,180,1644546172854
42230885,touchmove,533,177,1644546172862
42230885,touchmove,534,174,1644546172870
42230885,touchmove,534,172,1644546172879
42230885,touchmove,535,169,1644546172887
42230885,touchmove,536,167,1644546172895
42230886,touchmove,463,475,1644546172895
42230885,touchmove,536,165,1644546172904
42230885,touchmove,537,162,1644546172912
42230885,touchmove,538,161,1644546172920
42230886,touchmove,463,474,1644546172920
42230885,touchmove,538,158,1644546172929
42230885,touchmove,538,157,1644546172937
42230885,touchmove,539,155,1644546172945
42230885,touchmove,539,154,1644546172954
42230885,touchmove,539,152,1644546172962
42230885,touchmove,539,151,1644546172970
42230886,touchmove,463,473,1644546172971
42230885,touchmove,539,150,1644546172979
42230885,touchmove,539,149,1644546172987
42230885,touchmove,539,148,1644546172995
42230885,touchmove,539,147,1644546173020
42230886,touchmove,463,472,1644546173021
42230885,touchmove,540,147,1644546173070
42230885,touchmove,541,147,1644546173087
42230885,touchmove,543,147,1644546173095
42230885,touchmove,544,149,1644546173104
42230885,touchmove,546,151,1644546173112
42230885,touchmove,547,153,1644546173120
42230885,touchend,0,0,1644546173129
42230886,touchmove,463,473,1644546173146
42230886,touchend,0,0,1644546173153
42230887,touchdown,749,388,1644546173691
42230888,touchdown,545,500,1644546173713
42230888,touchmove,540,498,1644546173804
42230888,touchmove,538,498,1644546173812
42230887,touchmove,751,389,1644546173821
42230888,touchmove,536,498,1644546173821
42230887,touchmove,752,389,1644546173829
42230888,touchmove,534,498,1644546173829
42230887,touchmove,754,389,1644546173838
42230888,touchmove,533,498,1644546173838
42230887,touchmove,757,389,1644546173846
42230888,touchmove,530,498,1644546173846
42230887,touchmove,760,389,1644546173854
42230888,touchmove,529,498,1644546173854
42230887,touchmove,763,389,1644546173862
42230888,touchmove,528,499,1644546173863
42230887,touchmove,767,389,1644546173871
42230888,touchmove,526,500,1644546173871
42230887,touchmove,771,389,1644546173879
42230888,touchmove,525,500,1644546173879
42230887,touchmove,776,389,1644546173887
42230888,touchmove,524,500,1644546173887
42230887,touchmove,780,389,1644546173896
42230888,touchmove,524,501,1644546173896
42230887,touchmove,784,388,1644546173904
42230888,touchmove,523,501,1644546173904
42230887,touchmove,789,388,1644546173912
42230888,touchmove,523,502,1644546173912
42230887,touchmove,793,388,1644546173921
42230887,touchmove,796,388,1644546173929
42230888,touchmove,522,502,1644546173929
42230887,touchmove,800,387,1644546173937
42230888,touchmove,521,503,1644546173938
42230887,touchmove,803,387,1644546173946
42230888,touchmove,520,504,1644546173946
42230887,touchmove,806,387,1644546173954
42230888,touchmove,519,505,1644546173954
42230887,touchmove,808,386,1644546173963
42230888,touchmove,518,505,1644546173963
42230887,touchmove,810,386,1644546173971
42230888,touchmove,517,506,1644546173971
42230887,touchmove,812,385,1644546173979
42230888,touchmove,516,507,1644546173979
42230887,touchmove,815,385,1644546173987
42230888,touchmove,514,508,1644546173988
42230887,touchmove,817,385,1644546173996
42230888,touchmove,513,509,1644546173996
42230887,touchmove,819,385,1644546174004
42230888,touchmove,511,510,1644546174004
42230887,touchmove,822,385,1644546174013
42230888,touchmove,510,511,1644546174013
42230887,touchmove,824,385,1644546174021
42230888,touchmove,509,512,1644546174021
42230887,touchmove,826,385,1644546174029
42230888,touchmove,507,514,1644546174029
42230887,touchmove,828,385,1644546174037
42230888,touchmove,505,515,1644546174038
42230887,touchmove,830,385,1644546174046
42230888,touchmove,503,516,1644546174046
42230887,touchmove,833,386,1644546174054
42230888,touchmove,502,517,1644546174054
42230887,touchmove,836,387,1644546174062
42230888,touchmove,500,519,1644546174063
42230887,touchmove,839,387,1644546174071
42230888,touchmove,497,520,1644546174071
42230887,touchmove,842,387,1644546174079
42230888,touchmove,495,522,1644546174079
42230887,touchmove,845,388,1644546174088
42230888,touchmove,493,523,1644546174088
42230887,touchmove,849,388,1644546174096
42230888,touchmove,491,524,1644546174096
42230887,touchmove,853,389,1644546174104
42230888,touchmove,489,526,1644546174104
42230887,touchmove,856,390,1644546174112
42230888,touchmove,487,526,1644546174113
42230887,touchmove,859,392,1644546174121
42230888,touchmove,484,528,1644546174121
42230887,touchmove,862,393,1644546174129
42230888,touchmove,483,529,1644546174129
42230887,touchmove,864,394,1644546174138
42230888,touchmove,481,529,1644546174138
42230887,touchmove,865,395,1644546174146
42230888,touchmove,479,530,1644546174146
42230887,touchmove,867,396,1644546174154
42230888,touchmove,477,531,1644546174154
42230887,touchmove,867,397,1644546174162
42230888,touchmove,475,531,1644546174163
42230887,touchmove,868,397,1644546174171
42230888,touchmove,473,532,1644546174171
42230887,touchmove,868,398,1644546174179
42230888,touchmove,472,533,1644546174179
42230887,touchmove,869,398,1644546174187
42230888,touchmove,470,533,1644546174188
42230888,touchmove,468,534,1644546174196
42230888,touchmove,467,534,1644546174204
42230888,touchmove,465,534,1644546174213
42230888,touchmove,464,535,1644546174221
42230888,touchmove,462,535,1644546174238
42230888,touchmove,461,535,1644546174246
42230887,touchmove,869,399,1644546174254
42230888,touchmove,460,535,1644546174254
42230888,touchmove,459,535,1644546174263
42230888,touchmove,458,535,1644546174271
42230888,touchmove,457,535,1644546174279
42230887,touchmove,868,399,1644546174288
42230888,touchmove,456,535,1644546174288
42230888,touchmove,455,535,1644546174296
42230888,touchmove,454,535,1644546174313
42230888,touchmove,453,535,1644546174321
42230888,touchmove,452,535,1644546174329
42230888,touchmove,451,535,1644546174338
42230888,touchmove,450,535,1644546174346
42230887,touchmove,867,399,1644546174354
42230887,touchmove,867,400,1644546174363
42230888,touchmove,449,535,1644546174363
42230888,touchmove,448,535,1644546174371
42230887,touchmove,867,401,1644546174379
42230888,touchend,0,0,1644546174387
42230887,touchmove,866,402,1644546174387
42230887,touchmove,865,403,1644546174396
42230887,touchmove,862,404,1644546174404
42230887,touchend,0,0,1644546174412
42230889,touchdown,661,251,1644546175009
42230890,touchdown,519,326,1644546175030
42230890,touchmove,517,330,1644546175096
42230890,touchmove,515,330,1644546175105
42230890,touchmove,512,330,1644546175113
42230890,touchmove,509,331,1644546175122
42230890,touchmove,505,331,1644546175130
42230890,touchmove,502,331,1644546175138
42230889,touchmove,663,244,1644546175147
42230890,touchmove,499,332,1644546175147
42230889,touchmove,665,243,1644546175155
42230890,touchmove,496,332,1644546175155
42230889,touchmove,666,241,1644546175163
42230890,touchmove,495,332,1644546175163
42230889,touchmove,669,238,1644546175172
42230890,touchmove,493,332,1644546175172
42230889,touchmove,672,236,1644546175180
42230890,touchmove,492,332,1644546175180
42230889,touchmove,677,234,1644546175188
42230889,touchmove,682,231,1644546175197
42230889,touchmove,688,229,1644546175205
42230889,touchmove,694,227,1644546175213
42230889,touchmove,700,224,1644546175222
42230889,touchmove,707,222,1644546175230
42230889,touchmove,713,220,1644546175238
42230889,touchmove,719,218,1644546175247
42230890,touchmove,493,332,1644546175247
42230889,touchmove,726,216,1644546175255
42230889,touchmove,732,214,1644546175263
42230889,touchmove,738,212,1644546175272
42230890,touchmove,494,332,1644546175272
42230889,touchmove,745,210,1644546175280
42230890,touchmove,495,332,1644546175280
42230889,touchmove,751,208,1644546175288
42230889,touchmove,757,206,1644546175297
42230890,touchmove,496,332,1644546175297
42230889,touchmove,764,204,1644546175305
42230890,touchmove,497,333,1644546175305
42230889,touchmove,770,203,1644546175313
42230889,touchmove,776,201,1644546175322
42230890,touchmove,498,333,1644546175322
42230889,touchmove,781,199,1644546175330
42230890,touchmove,498,334,1644546175330
42230889,touchmove,786,198,1644546175338
42230889,touchmove,791,196,1644546175347
42230890,touchmove,499,334,1644546175347
42230889,touchmove,795,195,1644546175355
42230890,touchmove,500,335,1644546175355
42230889,touchmove,800,193,1644546175363
42230890,touchmove,500,336,1644546175363
42230889,touchmove,804,191,1644546175372
42230890,touchmove,501,336,1644546175372
42230889,touchmove,808,190,1644546175380
42230890,touchmove,501,337,1644546175380
42230889,touchmove,811,188,1644546175388
42230889,touchmove,814,186,1644546175397
42230890,touchmove,502,338,1644546175397
42230889,touchmove,817,184,1644546175405
42230890,touchmove,502,339,1644546175405
42230889,touchmove,821,183,1644546175413
42230890,touchmove,502,340,1644546175413
42230889,touchmove,823,181,1644546175422
42230889,touchmove,826,180,1644546175430
42230890,touchmove,502,341,1644546175430
42230889,touchmove,829,179,1644546175438
42230889,touchmove,832,177,1644546175447
42230890,touchmove,502,342,1644546175447
42230889,touchmove,835,177,1644546175455
42230890,touchmove,502,343,1644546175455
42230889,touchmove,837,176,1644546175463
42230889,touchmove,840,175,1644546175472
42230890,touchmove,502,344,1644546175472
42230889,touchmove,842,174,1644546175480
42230890,touchmove,502,345,1644546175480
42230889,touchmove,845,173,1644546175488
42230889,touchmove,846,172,1644546175497
42230890,touchmove,502,346,1644546175497
42230889,touchmove,848,171,1644546175505
42230890,touchmove,500,347,1644546175505
42230889,touchmove,850,170,1644546175513
42230890,touchmove,499,348,1644546175513
42230889,touchmove,851,170,1644546175522
42230890,touchmove,497,349,1644546175522
42230889,touchmove,852,168,1644546175530
42230890,touchmove,496,350,1644546175530
42230889,touchmove,853,168,1644546175538
42230890,touchmove,494,352,1644546175538
42230889,touchmove,853,167,1644546175547
42230890,touchmove,492,352,1644546175547
42230890,touchmove,491,353,1644546175555
42230890,touchmove,490,354,1644546175563
42230889,touchmove,853,166,1644546175572
42230890,touchmove,488,355,1644546175572
42230890,touchmove,487,355,1644546175589
42230889,touchmove,854,165,1644546175597
42230890,touchmove,486,355,1644546175597
42230889,touchmove,855,164,1644546175622
42230889,touchmove,855,163,1644546175638
42230890,touchmove,485,355,1644546175639
42230890,touchmove,484,355,1644546175664
42230890,touchmove,483,355,1644546175689
42230890,touchmove,482,355,1644546175705
42230890,touchmove,481,355,1644546175714
42230889,touchmove,855,165,1644546175722
42230890,touchmove,479,357,1644546175722
42230889,touchmove,855,167,1644546175730
42230890,touchmove,478,358,1644546175731
42230889,touchmove,855,170,1644546175739
42230890,touchmove,476,360,1644546175739
42230889,touchend,0,0,1644546175746
42230890,touchend,0,0,1644546175746
42230891,touchdown,375,524,1644546176161
42230892,touchdown,574,421,1644546176162
42230892,touchmove,577,416,1644546176214
42230892,touchmove,578,416,1644546176222
42230892,touchmove,581,414,1644546176231
42230892,touchmove,584,412,1644546176239
42230892,touchmove,588,410,1644546176247
42230892,touchmove,594,408,1644546176256
42230892,touchmove,601,405,1644546176264
42230892,touchmove,608,403,1644546176272
42230892,touchmove,616,400,1644546176281
42230892,touchmove,625,398,1644546176289
42230892,touchmove,633,397,1644546176297
42230892,touchmove,642,395,1644546176306
42230892,touchmove,650,394,1644546176314
42230892,touchmove,658,394,1644546176322
42230892,touchmove,665,393,1644546176330
42230892,touchmove,671,393,1644546176339
42230891,touchmove,379,530,1644546176347
42230892,touchmove,677,392,1644546176347
42230892,touchmove,682,392,1644546176356
42230891,touchmove,380,530,1644546176364
42230892,touchmove,688,391,1644546176364
42230891,touchmove,381,530,1644546176372
42230892,touchmove,692,390,1644546176372
42230892,touchmove,696,389,1644546176381
42230891,touchmove,382,530,1644546176389
42230892,touchmove,700,388,1644546176389
42230891,touchmove,383,531,1644546176397
42230892,touchmove,704,387,1644546176397
42230892,touchmove,708,385,1644546176406
42230892,touchmove,712,384,1644546176414
42230891,touchmove,384,531,1644546176422
42230892,touchmove,715,383,1644546176422
42230891,touchmove,384,532,1644546176431
42230892,touchmove,719,382,1644546176431
42230891,touchmove,385,533,1644546176439
42230892,touchmove,722,381,1644546176439
42230891,touchmove,386,533,1644546176447
42230892,touchmove,726,380,1644546176447
42230892,touchmove,728,379,1644546176456
42230891,touchmove,387,534,1644546176464
42230892,touchmove,731,379,1644546176464
42230892,touchmove,734,378,1644546176472
42230891,touchmove,388,534,1644546176472
42230892,touchmove,737,377,1644546176481
42230891,touchmove,389,535,1644546176489
42230892,touchmove,740,377,1644546176489
42230892,touchmove,742,376,1644546176497
42230891,touchmove,390,535,1644546176506
42230892,touchmove,744,375,1644546176506
42230892,touchmove,746,375,1644546176514
42230892,touchmove,748,374,1644546176522
42230891,touchmove,391,536,1644546176531
42230892,touchmove,750,374,1644546176531
42230891,touchmove,392,536,1644546176539
42230892,touchmove,751,374,1644546176539
42230892,touchmove,752,374,1644546176547
42230891,touchmove,393,536,1644546176556
42230892,touchmove,753,374,1644546176556
42230891,touchmove,394,537,1644546176564
42230892,touchmove,754,375,1644546176564
42230891,touchend,0,0,1644546176572
42230892,touchmove,755,378,1644546176572
42230892,touchmove,756,382,1644546176581
42230892,touchmove,757,387,1644546176589
42230892,touchend,0,0,1644546176597
