42231532,touchdown,272,549,1644547048179
42231532,touchmove,271,544,1644547048194
42231532,touchmove,271,543,1644547048199
42231532,touchmove,272,543,1644547048241
42231532,touchend,0,0,1644547048257
42231533,touchdown,387,470,1644547048621
42231533,touchend,0,0,1644547048724
42231534,touchdown,421,395,1644547049063
42231534,touchmove,420,395,1644547049141
42231534,touchmove,420,396,1644547049150
42231534,touchmove,420,397,1644547049159
42231534,touchend,0,0,1644547049166
42231535,touchdown,542,388,1644547049487
42231535,touchmove,541,393,1644547049498
42231535,touchmove,541,394,1644547049505
42231535,touchmove,541,393,1644547049525
42231535,touchmove,541,394,1644547049558
42231535,touchmove,541,395,1644547049576
42231535,touchmove,541,396,1644547049584
42231535,touchmove,541,397,1644547049592
42231535,touchmove,542,397,1644547049600
42231535,touchmove,542,398,1644547049609
42231535,touchend,0,0,1644547049617
42231536,touchdown,529,319,1644547049955
42231536,touchend,0,0,1644547050058
42231537,touchdown,650,369,1644547050446
42231537,touchmove,648,373,1644547050509
42231537,touchmove,648,374,1644547050518
42231537,touchmove,648,375,1644547050526
42231537,touchmove,648,376,1644547050534
42231537,touchmove,650,377,1644547050551
42231537,touchmove,651,377,1644547050559
42231537,touchend,0,0,1644547050567
42231538,touchdown,712,412,1644547050921
42231538,touchend,0,0,1644547051042
42231539,touchdown,847,452,1644547051405
42231539,touchend,0,0,1644547051534
42231540,touchdown,831,373,1644547051956
42231540,touchend,0,0,1644547052084
42231541,touchdown,771,235,1644547052490
42231541,touchend,0,0,1644547052643
42231542,touchdown,712,156,1644547052989
42231542,touchend,0,0,1644547053144
42231543,touchdown,528,178,1644547053490
42231543,touchend,0,0,1644547053619
42231544,touchdown,418,165,1644547053916
42231544,touchend,0,0,1644547054011
42231545,touchdown,614,217,1644547054313
42231545,touchmove,616,224,1644547054377
42231545,touchmove,616,226,1644547054386
42231545,touchmove,617,227,1644547054395
42231545,touchmove,619,228,1644547054403
42231545,touchmove,621,230,1644547054412
42231545,touchmove,624,231,1644547054420
42231545,touchmove,626,233,1644547054428
42231545,touchend,0,0,1644547054436
42231546,touchdown,715,300,1644547054750
42231546,touchend,0,0,1644547054836
42231547,touchdown,854,379,1644547055183
42231547,touchmove,852,382,1644547055245
42231547,touchmove,852,385,1644547055254
42231547,touchmove,852,387,1644547055262
42231547,touchmove,852,390,1644547055270
42231547,touchmove,853,392,1644547055279
42231547,touchmove,855,395,1644547055287
42231547,touchend,0,0,1644547055295
42231548,touchdown,842,494,1644547055597
42231548,touchmove,841,502,1644547055661
42231548,touchmove,841,503,1644547055679
42231548,touchmove,841,504,1644547055687
42231548,touchmove,841,505,1644547055696
42231548,touchmove,842,506,1644547055712
42231548,touchend,0,0,1644547055729
42231549,touchdown,690,515,1644547056058
42231549,touchend,0,0,1644547056170
42231550,touchdown,493,494,1644547056541
42231550,touchend,0,0,1644547056653
42231551,touchdown,350,503,1644547056975
42231551,touchend,0,0,1644547057063
42231552,touchdown,575,497,1644547057466
42231552,touchend,0,0,1644547057537
42231553,touchdown,715,482,1644547057942
42231553,touchend,0,0,1644547058038
42231554,touchdown,852,549,1644547058484
42231554,touchend,0,0,1644547058555
42231555,touchdown,690,508,1644547059060
42231555,touchend,0,0,1644547059163
42231556,touchdown,451,483,1644547059560
42231556,touchmove,448,486,1644547059631
42231556,touchmove,448,487,1644547059648
42231556,touchmove,448,488,1644547059656
42231556,touchend,0,0,1644547059664
42231557,touchdown,707,437,1644547060043
42231557,touchend,0,0,1644547060181
42231558,touchdown,786,318,1644547060511
42231558,touchend,0,0,1644547060648
42231559,touchdown,786,204,1644547061003
42231559,touchend,0,0,1644547061123
42231560,touchdown,578,153,1644547061503
42231560,touchend,0,0,1644547061615
42231561,touchdown,409,149,1644547061962
42231561,touchmove,409,152,1644547061973
42231561,touchmove,409,154,1644547061980
42231561,touchmove,409,155,1644547062024
42231561,touchmove,409,156,1644547062049
42231561,touchmove,411,156,1644547062057
42231561,touchmove,413,157,1644547062066
42231561,touchend,0,0,1644547062073
42231562,touchdown,701,149,1644547062420
42231562,touchmove,706,149,1644547062515
42231562,touchmove,708,150,1644547062524
42231562,touchend,0,0,1644547062532
42231563,touchdown,882,157,1644547062826
42231563,touchend,0,0,1644547062991
42231564,touchdown,633,140,1644547063389
42231564,touchend,0,0,1644547063524
42231565,touchdown,453,133,1644547063888
42231565,touchend,0,0,1644547063999
42231566,touchdown,390,252,1644547064379
42231566,touchend,0,0,1644547064483
42231567,touchdown,408,382,1644547064855
42231567,touchmove,408,385,1644547064933
42231567,touchmove,409,386,1644547064942
42231567,touchmove,411,387,1644547064951
42231567,touchend,0,0,1644547064958
42231568,touchdown,383,502,1644547065303
42231568,touchmove,384,506,1644547065367
42231568,touchmove,384,507,1644547065376
42231568,touchmove,386,507,1644547065384
42231568,touchmove,389,508,1644547065393
42231568,touchend,0,0,1644547065400
42231569,touchdown,585,470,1644547065719
42231569,touchmove,584,472,1644547065776
42231569,touchmove,584,474,1644547065785
42231569,touchmove,585,475,1644547065793
42231569,touchmove,585,477,1644547065801
42231569,touchmove,586,478,1644547065810
42231569,touchmove,587,479,1644547065818
42231569,touchmove,589,479,1644547065826
42231569,touchmove,591,480,1644547065835
42231569,touchmove,594,481,1644547065843
42231569,touchend,0,0,1644547065851
42231570,touchdown,791,458,1644547066164
42231570,touchend,0,0,1644547066260
42231571,touchdown,878,427,1644547066631
42231571,touchend,0,0,1644547066726
42231572,touchdown,816,281,1644547067130
42231572,touchend,0,0,1644547067235
42231573,touchdown,841,147,1644547067607
42231573,touchend,0,0,1644547067693
42231574,touchdown,665,114,1644547068098
42231574,touchend,0,0,1644547068202
42231575,touchdown,471,128,1644547068599
42231575,touchend,0,0,1644547068711
42231576,touchdown,362,132,1644547069083
42231576,touchmove,361,139,1644547069169
42231576,touchend,0,0,1644547069186
42231577,touchdown,343,316,1644547069589
42231577,touchend,0,0,1644547069694
42231578,touchdown,383,449,1644547070057
42231578,touchmove,385,456,1644547070119
42231578,touchmove,387,457,1644547070137
42231578,touchmove,389,458,1644547070145
42231578,touchend,0,0,1644547070153
42231579,touchdown,556,474,1644547070533
42231579,touchmove,559,478,1644547070612
42231579,touchmove,560,478,1644547070621
42231579,touchmove,563,478,1644547070629
42231579,touchmove,566,478,1644547070637
42231579,touchend,0,0,1644547070645
42231580,touchdown,733,466,1644547071049
42231580,touchend,0,0,1644547071153
42231581,touchdown,873,468,1644547071525
42231581,touchend,0,0,1644547071637
42231582,touchdown,854,311,1644547072043
42231582,touchend,0,0,1644547072179
42231583,touchdown,853,200,1644547072551
42231583,touchend,0,0,1644547072688
42231584,touchdown,682,146,1644547073068
42231584,touchend,0,0,1644547073205
42231585,touchdown,492,149,1644547073584
42231585,touchmove,492,152,1644547073688
42231585,touchmove,493,152,1644547073697
42231585,touchmove,495,152,1644547073706
42231585,touchend,0,0,1644547073714
42231586,touchdown,441,269,1644547074035
42231586,touchend,0,0,1644547074180
42231587,touchdown,468,366,1644547074527
42231587,touchmove,468,368,1644547074597
42231587,touchmove,468,369,1644547074615
42231587,touchmove,469,369,1644547074623
42231587,touchmove,469,370,1644547074631
42231587,touchmove,470,370,1644547074640
42231587,touchend,0,0,1644547074648
42231588,touchdown,654,360,1644547075019
42231588,touchmove,655,361,1644547075089
42231588,touchmove,655,362,1644547075098
42231588,touchmove,655,363,1644547075107
42231588,touchmove,656,364,1644547075115
42231588,touchmove,657,364,1644547075123
42231588,touchmove,659,365,1644547075132
42231588,touchend,0,0,1644547075140
42231589,touchdown,806,371,1644547075520
42231589,touchmove,807,372,1644547075614
42231589,touchmove,808,373,1644547075623
42231589,touchmove,811,374,1644547075640
42231589,touchmove,813,374,1644547075648
42231589,touchend,0,0,1644547075656
42231590,touchdown,909,395,1644547076003
42231590,touchmove,910,396,1644547076073
42231590,touchmove,910,397,1644547076082
42231590,touchmove,910,398,1644547076090
42231590,touchmove,910,399,1644547076099
42231590,touchmove,910,400,1644547076107
42231590,touchmove,910,401,1644547076116
42231590,touchmove,911,402,1644547076124
42231590,touchmove,912,403,1644547076132
42231590,touchend,0,0,1644547076140
42231591,touchdown,761,405,1644547076479
42231591,touchend,0,0,1644547076623
42231592,touchdown,611,378,1644547076986
42231592,touchend,0,0,1644547077124
42231593,touchdown,471,396,1644547077495
42231593,touchend,0,0,1644547077632
42231594,touchdown,363,412,1644547077951
42231594,touchend,0,0,1644547078066
42231595,touchdown,550,330,1644547078429
42231595,touchmove,552,333,1644547078524
42231595,touchmove,554,333,1644547078533
42231595,touchmove,557,333,1644547078542
42231595,touchend,0,0,1644547078550
42231596,touchdown,710,374,1644547078947
42231596,touchend,0,0,1644547079075
42231597,touchdown,808,409,1644547079463
42231597,touchend,0,0,1644547079584
42231598,touchdown,805,289,1644547079989
42231598,touchend,0,0,1644547080092
42231599,touchdown,729,174,1644547080522
42231599,touchmove,728,175,1644547080575
42231599,touchmove,728,176,1644547080585
42231599,touchmove,728,177,1644547080593
42231599,touchmove,728,179,1644547080601
42231599,touchend,0,0,1644547080609
42231600,touchdown,530,197,1644547081040
42231600,touchend,0,0,1644547081134
42231601,touchdown,474,278,1644547081498
42231601,touchmove,475,279,1644547081576
42231601,touchmove,476,280,1644547081585
42231601,touchmove,477,281,1644547081594
42231601,touchend,0,0,1644547081601
42231602,touchdown,481,387,1644547081981
42231602,touchend,0,0,1644547082076
42231603,touchdown,616,401,1644547082432
42231603,touchend,0,0,1644547082552
42231604,touchdown,800,417,1644547082940
42231604,touchmove,801,424,1644547082985
42231604,touchmove,801,425,1644547082994
42231604,touchmove,801,426,1644547083003
42231604,touchmove,802,427,1644547083011
42231604,touchmove,804,428,1644547083019
42231604,touchmove,806,429,1644547083028
42231604,touchend,0,0,1644547083035
42231605,touchdown,886,498,1644547083456
42231605,touchmove,886,503,1644547083510
42231605,touchmove,886,505,1644547083520
42231605,touchmove,886,506,1644547083528
42231605,touchmove,886,507,1644547083536
42231605,touchmove,887,508,1644547083545
42231605,touchmove,887,509,1644547083553
42231605,touchmove,887,510,1644547083561
42231605,touchmove,887,511,1644547083570
42231605,touchend,0,0,1644547083578
42231606,touchdown,585,498,1644547083999
42231606,touchend,0,0,1644547084103
42231607,touchdown,361,500,1644547084500
42231607,touchend,0,0,1644547084594
42231608,touchdown,289,435,1644547084983
42231608,touchend,0,0,1644547085086
42231609,touchdown,331,282,1644547085524
42231609,touchend,0,0,1644547085628
42231610,touchdown,474,199,1644547086008
42231610,touchend,0,0,1644547086120
42231611,touchdown,659,148,1644547086492
42231611,touchmove,660,151,1644547086579
42231611,touchmove,661,152,1644547086605
42231611,touchmove,660,152,1644547086596
42231611,touchmove,662,153,1644547086613
42231611,touchmove,663,153,1644547086621
42231611,touchmove,665,154,1644547086630
42231611,touchend,0,0,1644547086638
42231612,touchdown,817,116,1644547086959
42231612,touchend,0,0,1644547087071
42231613,touchdown,474,113,1644547087442
42231613,touchend,0,0,1644547087538
42231614,touchdown,275,118,1644547087918
42231614,touchmove,276,118,1644547087980
42231614,touchmove,278,118,1644547087989
42231614,touchmove,281,120,1644547087997
42231614,touchmove,285,121,1644547088006
42231614,touchend,0,0,1644547088013
42231615,touchdown,381,297,1644547088360
42231615,touchend,0,0,1644547088488
42231616,touchdown,486,394,1644547088877
42231616,touchmove,485,395,1644547088956
42231616,touchmove,485,396,1644547088964
42231616,touchmove,485,397,1644547088981
42231616,touchmove,486,397,1644547088998
42231616,touchmove,487,397,1644547089006
42231616,touchmove,488,398,1644547089014
42231616,touchmove,489,398,1644547089023
42231616,touchend,0,0,1644547089030
42231617,touchdown,628,390,1644547089344
42231617,touchend,0,0,1644547089472
42231618,touchdown,825,401,1644547089827
42231618,touchmove,825,404,1644547089838
42231618,touchmove,825,406,1644547089846
42231618,touchmove,825,407,1644547089865
42231618,touchmove,825,408,1644547089881
42231618,touchmove,825,409,1644547089890
42231618,touchmove,825,410,1644547089898
42231618,touchmove,825,411,1644547089907
42231618,touchmove,825,412,1644547089915
42231618,touchmove,826,412,1644547089932
42231618,touchmove,827,412,1644547089948
42231618,touchend,0,0,1644547089956
42231619,touchdown,782,278,1644547090336
42231619,touchend,0,0,1644547090448
42231620,touchdown,840,141,1644547090820
42231620,touchend,0,0,1644547090915
42231621,touchdown,698,91,1644547091278
42231621,touchmove,695,90,1644547091340
42231621,touchmove,695,91,1644547091349
42231621,touchmove,695,92,1644547091357
42231621,touchmove,695,93,1644547091366
42231621,touchmove,695,95,1644547091374
42231621,touchmove,695,97,1644547091391
42231621,touchend,0,0,1644547091398
42231622,touchdown,504,131,1644547091720
42231622,touchend,0,0,1644547091832
42231623,touchdown,382,293,1644547092178
42231623,touchend,0,0,1644547092299
42231624,touchdown,313,461,1644547092651
42231624,touchend,0,0,1644547092757
42231625,touchdown,505,470,1644547093104
42231625,touchend,0,0,1644547093208
42231626,touchdown,710,472,1644547093613
42231626,touchmove,723,462,1644547093725
42231626,touchend,0,0,1644547093733
42231627,touchdown,880,479,1644547094105
42231627,touchend,0,0,1644547094225
42231628,touchdown,843,306,1644547094638
42231628,touchend,0,0,1644547094759
42231629,touchdown,627,394,1644547095131
42231629,touchmove,624,397,1644547095192
42231629,touchmove,624,398,1644547095201
42231629,touchmove,624,399,1644547095210
42231629,touchmove,624,400,1644547095218
42231629,touchmove,624,401,1644547095226
42231629,touchend,0,0,1644547095234
42231630,touchdown,355,472,1644547095656
42231630,touchend,0,0,1644547095776
42231631,touchdown,262,534,1644547096056
42231631,touchmove,258,535,1644547096101
42231631,touchmove,258,533,1644547096110
42231631,touchmove,258,532,1644547096118
42231631,touchmove,258,530,1644547096127
42231631,touchmove,258,528,1644547096135
42231631,touchmove,258,526,1644547096143
42231631,touchmove,258,523,1644547096152
42231631,touchmove,258,520,1644547096160
42231631,touchmove,260,516,1644547096168
42231631,touchend,0,0,1644547096176
42231632,touchdown,293,277,1644547096557
42231632,touchmove,289,270,1644547096593
42231632,touchmove,289,269,1644547096610
42231632,touchmove,289,268,1644547096627
42231632,touchmove,290,267,1644547096635
42231632,touchmove,292,266,1644547096644
42231632,touchend,0,0,1644547096651
42231633,touchdown,484,189,1644547097040
42231633,touchmove,488,188,1644547097110
42231633,touchmove,491,188,1644547097119
42231633,touchmove,494,189,1644547097127
42231633,touchmove,498,189,1644547097136
42231633,touchend,0,0,1644547097143
42231634,touchdown,569,104,1644547097523
42231634,touchend,0,0,1644547097610
42231635,touchdown,773,107,1644547098040
42231635,touchmove,774,110,1644547098110
42231635,touchmove,774,111,1644547098120
42231635,touchmove,775,112,1644547098128
42231635,touchmove,776,113,1644547098136
42231635,touchmove,778,114,1644547098145
42231635,touchmove,779,115,1644547098153
42231635,touchend,0,0,1644547098161
42231636,touchdown,888,125,1644547098483
42231636,touchmove,887,130,1644547098552
42231636,touchmove,887,131,1644547098561
42231636,touchmove,887,132,1644547098570
42231636,touchmove,887,133,1644547098578
42231636,touchmove,887,134,1644547098587
42231636,touchmove,887,136,1644547098595
42231636,touchmove,887,137,1644547098603
42231636,touchend,0,0,1644547098611
42231637,touchdown,636,255,1644547099008
42231637,touchmove,633,258,1644547099069
42231637,touchmove,633,259,1644547099078
42231637,touchmove,633,260,1644547099087
42231637,touchmove,633,261,1644547099095
42231637,touchmove,633,262,1644547099103
42231637,touchmove,632,263,1644547099112
42231637,touchmove,631,265,1644547099120
42231637,touchmove,629,266,1644547099129
42231637,touchmove,626,268,1644547099137
42231637,touchmove,621,270,1644547099145
42231637,touchend,0,0,1644547099153
42231638,touchdown,449,400,1644547099475
42231638,touchmove,449,408,1644547099520
42231638,touchmove,449,409,1644547099529
42231638,touchmove,449,410,1644547099537
42231638,touchmove,449,411,1644547099545
42231638,touchmove,449,412,1644547099554
42231638,touchmove,449,413,1644547099562
42231638,touchmove,450,415,1644547099570
42231638,touchmove,450,416,1644547099579
42231638,touchmove,451,417,1644547099587
42231638,touchend,0,0,1644547099595
42231639,touchdown,617,469,1644547099958
42231639,touchmove,619,473,1644547100020
42231639,touchmove,619,474,1644547100029
42231639,touchmove,619,475,1644547100037
42231639,touchmove,620,476,1644547100046
42231639,touchmove,622,476,1644547100054
42231639,touchmove,624,476,1644547100062
42231639,touchmove,626,477,1644547100071
42231639,touchmove,629,477,1644547100079
42231639,touchend,0,0,1644547100087
42231640,touchdown,784,502,1644547100458
42231640,touchend,0,0,1644547100596
42231641,touchdown,801,365,1644547100967
42231641,touchend,0,0,1644547101079
42231642,touchdown,680,255,1644547101483
42231642,touchend,0,0,1644547101596
42231643,touchdown,830,158,1644547101959
42231643,touchmove,839,163,1644547102080
42231643,touchmove,839,165,1644547102088
42231643,touchmove,839,166,1644547102097
42231643,touchend,0,0,1644547102105
42231644,touchdown,540,207,1644547102476
42231644,touchend,0,0,1644547102596
42231645,touchdown,399,329,1644547102944
42231645,touchend,0,0,1644547103088
42231646,touchdown,552,387,1644547103452
42231646,touchend,0,0,1644547103580
42231647,touchdown,707,356,1644547103960
42231647,touchend,0,0,1644547104089
42231648,touchdown,759,207,1644547104485
42231648,touchend,0,0,1644547104631
42231649,touchdown,580,142,1644547105053
42231649,touchmove,576,148,1644547105164
42231649,touchend,0,0,1644547105173
42231650,touchdown,376,111,1644547105561
42231650,touchend,0,0,1644547105690
42231651,touchdown,330,301,1644547106020
42231651,touchmove,331,307,1644547106090
42231651,touchmove,331,308,1644547106107
42231651,touchmove,332,309,1644547106116
42231651,touchmove,333,310,1644547106124
42231651,touchmove,335,311,1644547106133
42231651,touchmove,336,312,1644547106141
42231651,touchend,0,0,1644547106148
42231652,touchdown,375,440,1644547106461
42231652,touchmove,374,446,1644547106515
42231652,touchmove,374,447,1644547106533
42231652,touchmove,375,448,1644547106541
42231652,touchmove,376,448,1644547106549
42231652,touchmove,377,448,1644547106558
42231652,touchmove,379,448,1644547106566
42231652,touchmove,382,448,1644547106574
42231652,touchend,0,0,1644547106582
42231653,touchdown,602,422,1644547106953
42231653,touchend,0,0,1644547107074
42231654,touchdown,787,377,1644547107437
42231654,touchend,0,0,1644547107574
42231655,touchdown,837,208,1644547107980
42231655,touchend,0,0,1644547108100
42231656,touchdown,852,104,1644547108480
42231656,touchend,0,0,1644547108600
42231657,touchdown,652,259,1644547108972
42231657,touchmove,650,264,1644547109017
42231657,touchmove,650,265,1644547109026
42231657,touchmove,650,266,1644547109034
42231657,touchmove,650,267,1644547109051
42231657,touchmove,650,268,1644547109067
42231657,touchmove,650,269,1644547109076
42231657,touchmove,650,270,1644547109084
42231657,touchend,0,0,1644547109100
42231658,touchdown,573,412,1644547109463
42231658,touchmove,572,416,1644547109509
42231658,touchmove,572,418,1644547109518
42231658,touchmove,572,419,1644547109526
42231658,touchmove,572,421,1644547109534
42231658,touchmove,572,422,1644547109543
42231658,touchmove,572,424,1644547109551
42231658,touchmove,572,426,1644547109559
42231658,touchmove,572,428,1644547109568
42231658,touchend,0,0,1644547109575
42231659,touchdown,412,514,1644547109906
42231659,touchend,0,0,1644547110017
42231660,touchdown,685,493,1644547110373
42231660,touchmove,687,495,1644547110459
42231660,touchmove,690,495,1644547110468
42231660,touchmove,695,495,1644547110477
42231660,touchmove,703,495,1644547110485
42231660,touchend,0,0,1644547110493
42231661,touchdown,858,520,1644547110864
42231661,touchend,0,0,1644547110985
42231662,touchdown,705,409,1644547111356
42231662,touchend,0,0,1644547111452
42231663,touchdown,497,470,1644547111823
42231663,touchend,0,0,1644547111943
42231664,touchdown,594,316,1644547112265
42231664,touchend,0,0,1644547112369
42231665,touchdown,649,458,1644547112723
42231665,touchmove,650,459,1644547112786
42231665,touchmove,650,457,1644547112795
42231665,touchmove,652,455,1644547112803
42231665,touchmove,655,453,1644547112811
42231665,touchmove,658,450,1644547112820
42231665,touchend,0,0,1644547112828
42231666,touchdown,764,276,1644547113107
42231666,touchmove,767,270,1644547113144
42231666,touchmove,767,269,1644547113153
42231666,touchmove,767,270,1644547113195
42231666,touchmove,769,272,1644547113203
42231666,touchmove,770,274,1644547113211
42231666,touchend,0,0,1644547113219
42231667,touchdown,857,470,1644547113583
42231667,touchend,0,0,1644547113686
42231668,touchdown,863,247,1644547114125
42231668,touchend,0,0,1644547114220
42231669,touchdown,851,103,1644547114608
42231669,touchmove,848,101,1644547114670
42231669,touchmove,848,102,1644547114679
42231669,touchmove,846,103,1644547114687
42231669,touchend,0,0,1644547114695
42231670,touchdown,572,85,1644547115134
42231670,touchend,0,0,1644547115245
42231671,touchdown,331,121,1644547115634
42231671,touchmove,331,123,1644547115704
42231671,touchmove,333,125,1644547115713
42231671,touchmove,334,127,1644547115721
42231671,touchmove,335,130,1644547115730
42231671,touchend,0,0,1644547115737
42231672,touchdown,303,324,1644547116091
42231672,touchend,0,0,1644547116162
42231673,touchdown,564,248,1644547116592
42231673,touchmove,570,248,1644547116654
42231673,touchmove,573,248,1644547116663
42231673,touchmove,576,248,1644547116672
42231673,touchend,0,0,1644547116679
42231674,touchdown,827,287,1644547117068
42231674,touchmove,830,286,1644547117121
42231674,touchmove,831,288,1644547117130
42231674,touchmove,833,290,1644547117139
42231674,touchmove,835,292,1644547117147
42231674,touchmove,838,294,1644547117155
42231674,touchend,0,0,1644547117163
42231675,touchdown,833,463,1644547117526
42231675,touchend,0,0,1644547117647
42231676,touchdown,647,406,1644547118035
42231676,touchend,0,0,1644547118147
42231677,touchdown,418,414,1644547118586
42231677,touchend,0,0,1644547118689
42231678,touchdown,304,506,1644547119044
42231678,touchend,0,0,1644547119147
42231679,touchdown,327,352,1644547119561
42231679,touchend,0,0,1644547119664
42231680,touchdown,350,212,1644547120061
42231680,touchend,0,0,1644547120165
42231681,touchdown,509,134,1644547120527
42231681,touchmove,510,134,1644547120598
42231681,touchmove,510,136,1644547120607
42231681,touchmove,511,137,1644547120616
42231681,touchend,0,0,1644547120623
42231682,touchdown,721,132,1644547121004
42231682,touchmove,722,133,1644547121074
42231682,touchmove,724,134,1644547121083
42231682,touchmove,726,135,1644547121091
42231682,touchmove,728,135,1644547121099
42231682,touchend,0,0,1644547121107
42231683,touchdown,892,126,1644547121512
42231683,touchmove,891,132,1644547121574
42231683,touchmove,891,133,1644547121583
42231683,touchmove,891,135,1644547121591
42231683,touchmove,892,138,1644547121600
42231683,touchmove,893,141,1644547121608
42231683,touchmove,894,144,1644547121616
42231683,touchend,0,0,1644547121624
42231684,touchdown,707,273,1644547121971
42231684,touchend,0,0,1644547122057
42231685,touchdown,498,261,1644547122471
42231685,touchend,0,0,1644547122574
42231686,touchdown,510,422,1644547122963
42231686,touchend,0,0,1644547123050
42231687,touchdown,788,373,1644547123422
42231687,touchmove,795,369,1644547123491
42231687,touchmove,798,371,1644547123501
42231687,touchmove,802,373,1644547123509
42231687,touchmove,806,375,1644547123517
42231687,touchend,0,0,1644547123525
42231688,touchdown,569,498,1644547123889
42231688,touchend,0,0,1644547123975
42231689,touchdown,833,506,1644547124372
42231689,touchend,0,0,1644547124459
42231690,touchdown,633,368,1644547124881
42231690,touchend,0,0,1644547124976
42231691,touchdown,472,451,1644547125281
42231691,touchend,0,0,1644547125367
42231692,touchdown,705,277,1644547125747
42231692,touchmove,706,277,1644547125801
42231692,touchmove,706,279,1644547125810
42231692,touchmove,706,281,1644547125819
42231692,touchmove,707,283,1644547125827
42231692,touchmove,708,284,1644547125835
42231692,touchmove,708,286,1644547125844
42231692,touchend,0,0,1644547125851
42231693,touchdown,742,446,1644547126240
42231693,touchend,0,0,1644547126326
42231694,touchdown,820,264,1644547126689
42231694,touchend,0,0,1644547126777
42231695,touchdown,594,280,1644547127173
42231695,touchmove,589,277,1644547127211
42231695,touchmove,587,278,1644547127219
42231695,touchmove,586,279,1644547127228
42231695,touchmove,584,281,1644547127236
42231695,touchmove,582,283,1644547127244
42231695,touchmove,580,285,1644547127253
42231695,touchend,0,0,1644547127260
42231696,touchdown,416,259,1644547127649
42231696,touchend,0,0,1644547127744
42231697,touchdown,496,142,1644547128124
42231697,touchmove,494,143,1644547128203
42231697,touchend,0,0,1644547128211
42231698,touchdown,789,120,1644547128600
42231698,touchmove,792,123,1644547128678
42231698,touchmove,794,125,1644547128687
42231698,touchend,0,0,1644547128694
42231699,touchdown,766,311,1644547129099
42231699,touchend,0,0,1644547129195
42231700,touchdown,707,445,1644547129533
42231700,touchend,0,0,1644547129654
42231701,touchdown,597,266,1644547130025
42231701,touchend,0,0,1644547130129
42231702,touchdown,386,460,1644547130517
42231702,touchend,0,0,1644547130587
42231703,touchdown,602,474,1644547130984
42231703,touchend,0,0,1644547131071
42231704,touchdown,845,497,1644547131460
42231704,touchend,0,0,1644547131555
42231705,touchdown,837,292,1644547131935
42231705,touchmove,836,287,1644547131963
42231705,touchmove,836,286,1644547131972
42231705,touchmove,836,285,1644547131980
42231705,touchmove,836,284,1644547131989
42231705,touchmove,838,286,1644547132022
42231705,touchend,0,0,1644547132030
42231706,touchdown,99,512,1644547169706
42231706,touchmove,101,509,1644547170035
42231706,touchmove,101,510,1644547170052
42231706,touchmove,101,511,1644547170110
42231706,touchmove,101,512,1644547170184
42231706,touchend,0,0,1644547170202
42231707,touchdown,96,531,1644547170623
42231707,touchend,0,0,1644547170735
42231708,touchdown,128,577,1644547171131
42231708,touchend,0,0,1644547171186
42231709,touchdown,128,577,1644547171220
42231709,touchend,0,0,1644547171327
