42231273,touchdown,256,568,1644546852701
42231273,touchmove,253,563,1644546852716
42231273,touchmove,253,561,1644546852722
42231273,touchmove,253,562,1644546852755
42231273,touchmove,253,563,1644546852764
42231273,touchmove,253,564,1644546852781
42231273,touchmove,253,565,1644546852789
42231273,touchmove,253,566,1644546852797
42231273,touchmove,253,567,1644546852806
42231273,touchmove,253,568,1644546852814
42231273,touchmove,254,569,1644546852822
42231273,touchend,0,0,1644546852830
42231274,touchdown,392,424,1644546853243
42231274,touchmove,389,421,1644546853254
42231274,touchmove,389,417,1644546853262
42231274,touchmove,388,416,1644546853265
42231274,touchmove,388,415,1644546853272
42231274,touchmove,388,416,1644546853305
42231274,touchmove,388,417,1644546853314
42231274,touchmove,388,418,1644546853331
42231274,touchmove,388,420,1644546853348
42231274,touchmove,388,421,1644546853364
42231274,touchmove,389,422,1644546853373
42231274,touchmove,390,423,1644546853381
42231274,touchmove,392,425,1644546853389
42231274,touchend,0,0,1644546853397
42231275,touchdown,538,424,1644546853802
42231275,touchmove,536,420,1644546853847
42231275,touchmove,536,421,1644546853856
42231275,touchmove,536,422,1644546853864
42231275,touchmove,536,423,1644546853873
42231275,touchmove,536,424,1644546853881
42231275,touchmove,536,425,1644546853890
42231275,touchmove,536,427,1644546853898
42231275,touchmove,536,428,1644546853906
42231275,touchmove,536,429,1644546853915
42231275,touchend,0,0,1644546853922
42231276,touchdown,670,438,1644546854344
42231276,touchmove,667,437,1644546854389
42231276,touchmove,667,439,1644546854398
42231276,touchmove,667,440,1644546854406
42231276,touchmove,667,441,1644546854415
42231276,touchmove,667,442,1644546854423
42231276,touchmove,670,446,1644546854448
42231276,touchmove,668,444,1644546854432
42231276,touchmove,668,445,1644546854440
42231276,touchmove,671,448,1644546854457
42231276,touchend,0,0,1644546854464
42231277,touchdown,788,436,1644546854886
42231277,touchmove,786,437,1644546854931
42231277,touchmove,786,439,1644546854940
42231277,touchmove,786,440,1644546854948
42231277,touchmove,786,442,1644546854957
42231277,touchmove,786,445,1644546854974
42231277,touchmove,786,444,1644546854965
42231277,touchmove,786,448,1644546854982
42231277,touchend,0,0,1644546854989
42231278,touchdown,938,452,1644546855386
42231278,touchmove,934,449,1644546855423
42231278,touchmove,934,451,1644546855432
42231278,touchmove,934,453,1644546855440
42231278,touchmove,934,454,1644546855449
42231278,touchmove,934,456,1644546855457
42231278,touchmove,934,457,1644546855465
42231278,touchmove,934,459,1644546855474
42231278,touchmove,934,461,1644546855482
42231278,touchend,0,0,1644546855490
42231279,touchdown,803,580,1644546855861
42231279,touchmove,802,577,1644546855872
42231279,touchmove,802,574,1644546855879
42231279,touchmove,802,573,1644546855883
42231279,touchmove,802,574,1644546855915
42231279,touchend,0,0,1644546855956
42231280,touchdown,788,407,1644546856378
42231280,touchmove,786,405,1644546856416
42231280,touchmove,786,407,1644546856424
42231280,touchmove,786,408,1644546856433
42231280,touchmove,786,410,1644546856441
42231280,touchmove,786,411,1644546856449
42231280,touchmove,786,412,1644546856458
42231280,touchmove,787,413,1644546856466
42231280,touchmove,788,415,1644546856483
42231280,touchmove,790,415,1644546856491
42231280,touchend,0,0,1644546856499
42231281,touchdown,786,278,1644546856862
42231281,touchmove,783,274,1644546856907
42231281,touchmove,783,275,1644546856916
42231281,touchmove,783,277,1644546856925
42231281,touchmove,783,278,1644546856933
42231281,touchmove,783,279,1644546856941
42231281,touchmove,783,280,1644546856950
42231281,touchmove,783,281,1644546856958
42231281,touchmove,783,282,1644546856975
42231281,touchend,0,0,1644546856982
42231282,touchdown,927,295,1644546857345
42231282,touchmove,927,289,1644546857360
42231282,touchmove,927,288,1644546857366
42231282,touchmove,927,289,1644546857383
42231282,touchmove,927,290,1644546857392
42231282,touchmove,927,292,1644546857400
42231282,touchmove,926,294,1644546857408
42231282,touchmove,926,295,1644546857416
42231282,touchmove,926,296,1644546857425
42231282,touchmove,926,297,1644546857433
42231282,touchmove,926,298,1644546857442
42231282,touchmove,925,299,1644546857450
42231282,touchend,0,0,1644546857457
42231283,touchdown,643,307,1644546857812
42231283,touchmove,641,300,1644546857827
42231283,touchmove,641,299,1644546857833
42231283,touchmove,641,300,1644546857850
42231283,touchmove,641,301,1644546857858
42231283,touchmove,641,302,1644546857867
42231283,touchmove,641,303,1644546857875
42231283,touchmove,641,304,1644546857892
42231283,touchmove,643,305,1644546857909
42231283,touchend,0,0,1644546857916
42231284,touchdown,801,306,1644546858321
42231284,touchmove,798,306,1644546858366
42231284,touchmove,798,307,1644546858375
42231284,touchend,0,0,1644546858424
42231285,touchdown,793,163,1644546858830
42231285,touchmove,793,160,1644546858841
42231285,touchmove,793,157,1644546858848
42231285,touchmove,793,156,1644546858852
42231285,touchmove,793,158,1644546858875
42231285,touchmove,793,159,1644546858884
42231285,touchmove,793,160,1644546858892
42231285,touchmove,793,161,1644546858909
42231285,touchmove,793,162,1644546858917
42231285,touchmove,793,163,1644546858926
42231285,touchmove,793,164,1644546858934
42231285,touchend,0,0,1644546858942
42231286,touchdown,669,157,1644546859339
42231286,touchmove,667,156,1644546859375
42231286,touchmove,667,158,1644546859384
42231286,touchmove,667,159,1644546859393
42231286,touchmove,667,161,1644546859401
42231286,touchmove,667,162,1644546859409
42231286,touchmove,667,163,1644546859418
42231286,touchend,0,0,1644546859425
42231287,touchdown,536,165,1644546859797
42231287,touchmove,535,163,1644546859842
42231287,touchmove,535,165,1644546859851
42231287,touchmove,536,166,1644546859860
42231287,touchmove,537,168,1644546859868
42231287,touchmove,538,169,1644546859876
42231287,touchmove,540,171,1644546859885
42231287,touchmove,543,174,1644546859893
42231287,touchend,0,0,1644546859901
42231288,touchdown,536,293,1644546860272
42231288,touchend,0,0,1644546860367
42231289,touchdown,673,292,1644546860806
42231289,touchmove,673,289,1644546860817
42231289,touchmove,673,286,1644546860824
42231289,touchmove,673,285,1644546860828
42231289,touchmove,673,286,1644546860851
42231289,touchmove,673,287,1644546860860
42231289,touchmove,673,289,1644546860868
42231289,touchmove,673,290,1644546860877
42231289,touchmove,673,292,1644546860885
42231289,touchmove,673,294,1644546860894
42231289,touchmove,674,296,1644546860902
42231289,touchend,0,0,1644546860909
42231290,touchdown,539,419,1644546861298
42231290,touchmove,535,419,1644546861343
42231290,touchmove,535,420,1644546861352
42231290,touchmove,535,421,1644546861360
42231290,touchmove,535,422,1644546861369
42231290,touchmove,535,423,1644546861377
42231290,touchmove,536,424,1644546861385
42231290,touchmove,536,425,1644546861394
42231290,touchend,0,0,1644546861401
42231291,touchdown,683,444,1644546861798
42231291,touchmove,681,446,1644546861835
42231291,touchmove,681,448,1644546861844
42231291,touchmove,681,451,1644546861852
42231291,touchmove,681,454,1644546861861
42231291,touchmove,681,458,1644546861869
42231291,touchmove,681,461,1644546861877
42231291,touchmove,682,464,1644546861886
42231291,touchend,0,0,1644546861902
42231291,touchmove,684,468,1644546861894
42231292,touchdown,521,566,1644546862273
42231292,touchmove,520,566,1644546862319
42231292,touchmove,520,568,1644546862328
42231292,touchmove,520,569,1644546862336
42231292,touchmove,521,569,1644546862344
42231292,touchmove,522,571,1644546862353
42231292,touchmove,525,572,1644546862361
42231292,touchmove,529,573,1644546862369
42231292,touchend,0,0,1644546862377
42231293,touchdown,671,565,1644546862749
42231293,touchmove,668,567,1644546862794
42231293,touchmove,668,568,1644546862803
42231293,touchmove,668,569,1644546862811
42231293,touchmove,668,571,1644546862820
42231293,touchmove,669,572,1644546862828
42231293,touchmove,670,574,1644546862836
42231293,touchmove,672,575,1644546862845
42231293,touchend,0,0,1644546862852
42231294,touchdown,783,550,1644546863266
42231294,touchmove,780,549,1644546863303
42231294,touchmove,780,550,1644546863312
42231294,touchmove,780,552,1644546863320
42231294,touchmove,780,553,1644546863328
42231294,touchmove,780,554,1644546863337
42231294,touchmove,780,556,1644546863345
42231294,touchmove,781,557,1644546863362
42231294,touchmove,783,558,1644546863378
42231294,touchmove,784,558,1644546863387
42231294,touchend,0,0,1644546863394
42231295,touchdown,913,560,1644546863774
42231295,touchend,0,0,1644546863878
42231296,touchdown,791,438,1644546864275
42231296,touchmove,786,439,1644546864320
42231296,touchmove,786,440,1644546864329
42231296,touchmove,786,442,1644546864337
42231296,touchmove,786,443,1644546864345
42231296,touchmove,787,444,1644546864354
42231296,touchmove,788,444,1644546864362
42231296,touchmove,788,445,1644546864370
42231296,touchmove,789,445,1644546864379
42231296,touchmove,791,446,1644546864387
42231296,touchend,0,0,1644546864395
42231297,touchdown,941,427,1644546864808
42231297,touchmove,939,426,1644546864862
42231297,touchmove,939,427,1644546864879
42231297,touchend,0,0,1644546864920
42231298,touchdown,915,295,1644546865326
42231298,touchmove,915,290,1644546865341
42231298,touchmove,915,292,1644546865379
42231298,touchmove,915,294,1644546865388
42231298,touchmove,915,295,1644546865396
42231298,touchmove,915,297,1644546865404
42231298,touchend,0,0,1644546865412
42231299,touchdown,778,281,1644546865792
42231299,touchmove,777,278,1644546865802
42231299,touchmove,777,276,1644546865808
42231299,touchmove,777,278,1644546865838
42231299,touchmove,777,280,1644546865846
42231299,touchmove,777,283,1644546865854
42231299,touchend,0,0,1644546865862
42231300,touchdown,655,298,1644546866251
42231300,touchmove,655,294,1644546866296
42231300,touchmove,655,296,1644546866305
42231300,touchmove,655,299,1644546866313
42231300,touchend,0,0,1644546866321
42231301,touchdown,526,295,1644546866673
42231301,touchmove,525,289,1644546866697
42231301,touchmove,525,290,1644546866722
42231301,touchmove,525,293,1644546866730
42231301,touchmove,526,296,1644546866738
42231301,touchend,0,0,1644546866746
42231302,touchdown,526,425,1644546867101
42231302,touchmove,526,420,1644546867116
42231302,touchmove,526,421,1644546867155
42231302,touchmove,526,422,1644546867164
42231302,touchmove,528,422,1644546867172
42231302,touchmove,530,423,1644546867180
42231302,touchend,0,0,1644546867188
42231303,touchdown,679,424,1644546867635
42231303,touchmove,676,423,1644546867672
42231303,touchmove,676,425,1644546867681
42231303,touchmove,676,426,1644546867697
42231303,touchmove,676,427,1644546867706
42231303,touchmove,677,428,1644546867714
42231303,touchend,0,0,1644546867722
42231304,touchdown,812,449,1644546868176
42231304,touchmove,811,445,1644546868192
42231304,touchmove,811,444,1644546868197
42231304,touchmove,811,445,1644546868231
42231304,touchmove,812,446,1644546868239
42231304,touchmove,813,448,1644546868248
42231304,touchmove,814,449,1644546868256
42231304,touchend,0,0,1644546868264
42231305,touchdown,775,333,1644546868635
42231305,touchend,0,0,1644546868673
42231306,touchdown,926,309,1644546869211
42231306,touchmove,925,303,1644546869231
42231306,touchmove,925,301,1644546869240
42231306,touchmove,925,302,1644546869280
42231306,touchend,0,0,1644546869289
42231307,touchdown,772,296,1644546869594
42231307,touchend,0,0,1644546869665
42231308,touchdown,929,171,1644546870144
42231308,touchmove,929,168,1644546870155
42231308,touchmove,929,166,1644546870162
42231308,touchmove,929,167,1644546870182
42231308,touchmove,929,169,1644546870190
42231308,touchmove,929,171,1644546870199
42231308,touchmove,929,174,1644546870207
42231308,touchmove,929,176,1644546870215
42231308,touchmove,927,180,1644546870224
42231308,touchend,0,0,1644546870231
42231309,touchdown,789,179,1644546870662
42231309,touchmove,788,176,1644546870673
42231309,touchmove,788,172,1644546870680
42231309,touchmove,788,173,1644546870724
42231309,touchmove,788,175,1644546870732
42231309,touchend,0,0,1644546870740
42231310,touchdown,682,162,1644546871146
42231310,touchmove,683,162,1644546871240
42231310,touchend,0,0,1644546871248
42231311,touchdown,562,184,1644546871696
42231311,touchmove,559,180,1644546871749
42231311,touchmove,559,182,1644546871758
42231311,touchmove,559,183,1644546871766
42231311,touchmove,558,184,1644546871775
42231311,touchmove,557,186,1644546871783
42231311,touchend,0,0,1644546871790
42231312,touchdown,433,171,1644546872196
42231312,touchmove,432,166,1644546872211
42231312,touchmove,432,165,1644546872216
42231312,touchmove,432,166,1644546872233
42231312,touchmove,432,168,1644546872241
42231312,touchmove,432,169,1644546872250
42231312,touchmove,432,170,1644546872258
42231312,touchmove,431,171,1644546872275
42231312,touchmove,431,172,1644546872283
42231312,touchmove,431,173,1644546872300
42231312,touchmove,431,174,1644546872317
42231312,touchend,0,0,1644546872325
42231313,touchdown,373,291,1644546872688
42231313,touchmove,371,289,1644546872733
42231313,touchmove,371,290,1644546872742
42231313,touchmove,371,292,1644546872750
42231313,touchmove,371,294,1644546872759
42231313,touchmove,371,295,1644546872767
42231313,touchmove,371,296,1644546872775
42231313,touchmove,371,298,1644546872784
42231313,touchmove,371,299,1644546872792
42231313,touchend,0,0,1644546872799
42231314,touchdown,521,308,1644546873188
42231314,touchmove,521,303,1644546873204
42231314,touchmove,521,300,1644546873209
42231314,touchmove,521,301,1644546873249
42231314,touchmove,522,302,1644546873259
42231314,touchmove,523,304,1644546873267
42231314,touchmove,524,306,1644546873276
42231314,touchmove,526,308,1644546873284
42231314,touchmove,529,311,1644546873292
42231314,touchend,0,0,1644546873300
42231315,touchdown,539,441,1644546873697
42231315,touchmove,535,442,1644546873750
42231315,touchmove,535,444,1644546873759
42231315,touchmove,535,445,1644546873767
42231315,touchmove,535,446,1644546873776
42231315,touchmove,536,449,1644546873784
42231315,touchmove,536,451,1644546873792
42231315,touchend,0,0,1644546873800
42231316,touchdown,660,446,1644546874205
42231316,touchmove,658,443,1644546874259
42231316,touchmove,658,444,1644546874268
42231316,touchmove,658,445,1644546874276
42231316,touchmove,658,446,1644546874284
42231316,touchmove,659,446,1644546874293
42231316,touchend,0,0,1644546874301
42231317,touchdown,797,432,1644546874680
42231317,touchmove,794,432,1644546874717
42231317,touchmove,794,434,1644546874726
42231317,touchmove,794,435,1644546874735
42231317,touchmove,794,436,1644546874751
42231317,touchmove,795,436,1644546874776
42231317,touchend,0,0,1644546874792
42231318,touchdown,901,432,1644546875181
42231318,touchend,0,0,1644546875268
42231319,touchdown,928,306,1644546875681
42231319,touchmove,925,307,1644546875726
42231319,touchmove,925,308,1644546875735
42231319,touchmove,925,309,1644546875744
42231319,touchmove,925,310,1644546875760
42231319,touchend,0,0,1644546875768
42231320,touchdown,769,296,1644546876131
42231320,touchend,0,0,1644546876218
42231321,touchdown,918,157,1644546876632
42231321,touchmove,917,157,1644546876669
42231321,touchmove,917,158,1644546876677
42231321,touchmove,917,159,1644546876686
42231321,touchmove,917,160,1644546876694
42231321,touchmove,917,161,1644546876702
42231321,touchmove,917,162,1644546876711
42231321,touchmove,916,163,1644546876719
42231321,touchend,0,0,1644546876727
42231322,touchdown,783,166,1644546877098
42231322,touchmove,781,168,1644546877144
42231322,touchmove,781,169,1644546877153
42231322,touchmove,781,170,1644546877161
42231322,touchmove,781,171,1644546877178
42231322,touchmove,781,172,1644546877186
42231322,touchend,0,0,1644546877210
42231323,touchdown,658,54,1644546877590
42231323,touchmove,657,51,1644546877644
42231323,touchmove,657,53,1644546877653
42231323,touchmove,658,55,1644546877661
42231323,touchmove,659,58,1644546877670
42231323,touchmove,661,61,1644546877678
42231323,touchend,0,0,1644546877686
42231324,touchdown,668,215,1644546878049
42231324,touchend,0,0,1644546878153
42231325,touchdown,508,201,1644546878524
42231325,touchmove,503,200,1644546878603
42231325,touchmove,503,201,1644546878620
42231325,touchmove,504,202,1644546878629
42231325,touchmove,505,203,1644546878637
42231325,touchmove,507,203,1644546878645
42231325,touchmove,509,205,1644546878654
42231325,touchmove,510,206,1644546878662
42231325,touchend,0,0,1644546878670
42231326,touchdown,553,368,1644546879050
42231326,touchmove,552,368,1644546879111
42231326,touchmove,553,369,1644546879129
42231326,touchmove,555,369,1644546879137
42231326,touchmove,557,369,1644546879146
42231326,touchmove,561,369,1644546879154
42231326,touchend,0,0,1644546879170
42231326,touchmove,564,370,1644546879162
42231327,touchdown,528,466,1644546879550
42231327,touchmove,525,465,1644546879612
42231327,touchmove,525,466,1644546879629
42231327,touchmove,526,466,1644546879637
42231327,touchmove,526,467,1644546879646
42231327,touchmove,528,467,1644546879654
42231327,touchend,0,0,1644546879662
42231328,touchdown,565,415,1644546880083
42231328,touchmove,562,413,1644546880129
42231328,touchmove,562,415,1644546880138
42231328,touchmove,563,416,1644546880146
42231328,touchmove,563,417,1644546880154
42231328,touchmove,564,418,1644546880163
42231328,touchmove,566,419,1644546880171
42231328,touchmove,569,420,1644546880179
42231328,touchmove,572,421,1644546880188
42231328,touchend,0,0,1644546880195
42231329,touchdown,723,467,1644546880567
42231329,touchmove,719,468,1644546880604
42231329,touchmove,719,470,1644546880613
42231329,touchmove,719,473,1644546880621
42231329,touchmove,719,474,1644546880630
42231329,touchmove,719,476,1644546880638
42231329,touchmove,719,477,1644546880646
42231329,touchmove,719,478,1644546880663
42231329,touchmove,719,479,1644546880671
42231329,touchmove,721,479,1644546880680
42231329,touchmove,723,480,1644546880696
42231329,touchmove,724,481,1644546880705
42231329,touchend,0,0,1644546880713
42231330,touchdown,797,585,1644546881059
42231330,touchmove,794,587,1644546881113
42231330,touchmove,794,588,1644546881122
42231330,touchmove,794,589,1644546881130
42231330,touchmove,795,590,1644546881155
42231330,touchmove,796,590,1644546881163
42231330,touchmove,797,590,1644546881172
42231330,touchmove,797,591,1644546881180
42231330,touchend,0,0,1644546881188
42231331,touchdown,412,529,1644546881584
42231331,touchmove,406,529,1644546881605
42231331,touchmove,404,528,1644546881613
42231331,touchmove,403,527,1644546881622
42231331,touchmove,403,526,1644546881630
42231331,touchmove,403,525,1644546881672
42231331,touchmove,403,524,1644546881689
42231331,touchend,0,0,1644546881713
42231332,touchdown,462,326,1644546882118
42231332,touchmove,460,327,1644546882188
42231332,touchmove,460,328,1644546882197
42231332,touchmove,460,329,1644546882206
42231332,touchmove,460,330,1644546882214
42231332,touchmove,461,330,1644546882222
42231332,touchmove,462,330,1644546882231
42231332,touchmove,463,330,1644546882239
42231332,touchmove,464,330,1644546882247
42231332,touchend,0,0,1644546882255
42231333,touchdown,735,280,1644546882626
42231333,touchmove,733,285,1644546882672
42231333,touchmove,733,287,1644546882681
42231333,touchmove,733,289,1644546882689
42231333,touchmove,733,290,1644546882697
42231333,touchmove,733,291,1644546882706
42231333,touchmove,733,292,1644546882714
42231333,touchmove,733,294,1644546882722
42231333,touchmove,733,295,1644546882739
42231333,touchmove,734,295,1644546882748
42231333,touchmove,735,295,1644546882764
42231333,touchmove,736,295,1644546882773
42231333,touchmove,738,294,1644546882781
42231333,touchmove,739,293,1644546882789
42231333,touchend,0,0,1644546882797
42231334,touchdown,576,163,1644546883194
42231334,touchend,0,0,1644546883331
42231335,touchdown,431,101,1644546883694
42231335,touchmove,428,102,1644546883739
42231335,touchmove,428,103,1644546883748
42231335,touchmove,428,104,1644546883756
42231335,touchmove,428,105,1644546883765
42231335,touchmove,429,105,1644546883773
42231335,touchmove,429,106,1644546883781
42231335,touchmove,431,106,1644546883790
42231335,touchmove,432,106,1644546883798
42231335,touchend,0,0,1644546883806
42231336,touchdown,748,85,1644546884169
42231336,touchmove,748,86,1644546884232
42231336,touchmove,748,87,1644546884240
42231336,touchmove,750,87,1644546884265
42231336,touchmove,752,87,1644546884282
42231336,touchmove,755,87,1644546884290
42231336,touchend,0,0,1644546884298
42231337,touchdown,907,91,1644546884644
42231337,touchmove,905,90,1644546884698
42231337,touchmove,905,91,1644546884707
42231337,touchmove,905,92,1644546884715
42231337,touchmove,906,93,1644546884732
42231337,touchmove,907,94,1644546884740
42231337,touchmove,907,95,1644546884749
42231337,touchmove,908,97,1644546884757
42231337,touchmove,909,99,1644546884765
42231337,touchend,0,0,1644546884773
42231338,touchdown,658,284,1644546885145
42231338,touchmove,653,284,1644546885190
42231338,touchmove,653,285,1644546885199
42231338,touchmove,653,287,1644546885207
42231338,touchmove,653,288,1644546885216
42231338,touchmove,654,289,1644546885241
42231338,touchmove,653,289,1644546885224
42231338,touchmove,655,289,1644546885249
42231338,touchmove,656,290,1644546885266
42231338,touchmove,657,290,1644546885274
42231338,touchmove,659,290,1644546885282
42231338,touchmove,661,291,1644546885291
42231338,touchend,0,0,1644546885298
42231339,touchdown,421,442,1644546885645
42231339,touchmove,416,448,1644546885682
42231339,touchmove,416,449,1644546885691
42231339,touchmove,416,450,1644546885708
42231339,touchmove,417,450,1644546885724
42231339,touchmove,418,450,1644546885749
42231339,touchmove,420,450,1644546885758
42231339,touchmove,421,449,1644546885766
42231339,touchend,0,0,1644546885774
42231340,touchdown,716,345,1644546886137
42231340,touchmove,715,343,1644546886174
42231340,touchmove,715,345,1644546886183
42231340,touchmove,715,347,1644546886191
42231340,touchmove,715,349,1644546886199
42231340,touchmove,715,350,1644546886208
42231340,touchmove,715,351,1644546886216
42231340,touchmove,715,352,1644546886233
42231340,touchmove,717,352,1644546886250
42231340,touchmove,720,353,1644546886258
42231340,touchend,0,0,1644546886266
42231341,touchdown,852,476,1644546886638
42231341,touchmove,849,477,1644546886674
42231341,touchmove,849,478,1644546886683
42231341,touchmove,850,478,1644546886724
42231341,touchmove,850,477,1644546886733
42231341,touchmove,851,475,1644546886742
42231341,touchend,0,0,1644546886749
42231342,touchdown,526,384,1644546887146
42231342,touchend,0,0,1644546887266
42231343,touchdown,399,233,1644546887671
42231343,touchend,0,0,1644546887767
42231344,touchdown,402,116,1644546888188
42231344,touchmove,401,115,1644546888250
42231344,touchmove,402,117,1644546888259
42231344,touchmove,404,118,1644546888267
42231344,touchmove,406,120,1644546888276
42231344,touchmove,409,122,1644546888284
42231344,touchend,0,0,1644546888291
42231345,touchend,0,0,1644546888775
42231345,touchdown,716,129,1644546888680
42231346,touchdown,880,120,1644546889197
42231346,touchend,0,0,1644546889301
42231347,touchdown,704,292,1644546889647
42231347,touchmove,699,294,1644546889684
42231347,touchmove,699,296,1644546889702
42231347,touchmove,699,295,1644546889693
42231347,touchmove,700,296,1644546889710
42231347,touchmove,701,296,1644546889726
42231347,touchmove,702,296,1644546889735
42231347,touchmove,703,296,1644546889743
42231347,touchmove,705,296,1644546889752
42231347,touchend,0,0,1644546889759
42231348,touchdown,523,371,1644546890130
42231348,touchmove,519,374,1644546890177
42231348,touchmove,519,375,1644546890185
42231348,touchmove,519,376,1644546890193
42231348,touchmove,520,376,1644546890202
42231348,touchmove,521,377,1644546890219
42231348,touchmove,520,377,1644546890210
42231348,touchend,0,0,1644546890234
42231349,touchdown,470,514,1644546890631
42231349,touchmove,466,521,1644546890668
42231349,touchmove,466,522,1644546890677
42231349,touchmove,467,522,1644546890694
42231349,touchmove,468,522,1644546890702
42231349,touchmove,469,522,1644546890710
42231349,touchmove,471,522,1644546890719
42231349,touchmove,473,522,1644546890727
42231349,touchend,0,0,1644546890735
42231350,touchdown,682,484,1644546891131
42231350,touchend,0,0,1644546891235
42231351,touchdown,853,453,1644546891598
42231351,touchend,0,0,1644546891719
42231352,touchdown,831,299,1644546892107
42231352,touchend,0,0,1644546892227
42231353,touchdown,821,199,1644546892641
42231353,touchend,0,0,1644546892727
42231354,touchdown,532,152,1644546893157
42231354,touchend,0,0,1644546893253
42231355,touchdown,298,135,1644546893649
42231355,touchmove,298,138,1644546893711
42231355,touchmove,298,140,1644546893721
42231355,touchend,0,0,1644546893729
42231356,touchdown,297,502,1644546894124
42231356,touchmove,297,508,1644546894153
42231356,touchmove,297,510,1644546894162
42231356,touchmove,297,511,1644546894171
42231356,touchmove,299,513,1644546894179
42231356,touchmove,302,514,1644546894187
42231356,touchmove,304,516,1644546894196
42231356,touchend,0,0,1644546894204
42231357,touchdown,484,462,1644546894559
42231357,touchend,0,0,1644546894662
42231358,touchdown,399,346,1644546895050
42231358,touchmove,398,344,1644546895104
42231358,touchmove,401,345,1644546895113
42231358,touchmove,403,345,1644546895121
42231358,touchmove,406,346,1644546895130
42231358,touchmove,410,346,1644546895138
42231358,touchmove,413,346,1644546895146
42231358,touchend,0,0,1644546895154
42231359,touchdown,565,198,1644546895601
42231359,touchend,0,0,1644546895696
42231360,touchdown,676,139,1644546896109
42231360,touchmove,675,143,1644546896119
42231360,touchmove,675,144,1644546896126
42231360,touchmove,675,145,1644546896162
42231360,touchmove,675,146,1644546896172
42231360,touchmove,676,148,1644546896180
42231360,touchmove,678,149,1644546896188
42231360,touchmove,680,149,1644546896197
42231360,touchmove,682,149,1644546896205
42231360,touchmove,684,150,1644546896213
42231360,touchmove,686,151,1644546896222
42231360,touchend,0,0,1644546896229
42231361,touchdown,829,130,1644546896601
42231361,touchmove,829,131,1644546896655
42231361,touchmove,829,132,1644546896664
42231361,touchmove,829,133,1644546896672
42231361,touchmove,829,134,1644546896680
42231361,touchmove,830,135,1644546896689
42231361,touchmove,832,135,1644546896705
42231361,touchmove,831,135,1644546896697
42231361,touchend,0,0,1644546896713
42231362,touchdown,930,177,1644546897093
42231362,touchmove,927,180,1644546897130
42231362,touchmove,927,182,1644546897139
42231362,touchmove,927,186,1644546897156
42231362,touchmove,927,184,1644546897147
42231362,touchmove,929,188,1644546897164
42231362,touchmove,930,190,1644546897172
42231362,touchmove,931,191,1644546897181
42231362,touchend,0,0,1644546897188
42231363,touchdown,821,376,1644546897551
42231363,touchmove,821,380,1644546897623
42231363,touchmove,819,380,1644546897614
42231363,touchmove,823,381,1644546897631
42231363,touchmove,826,382,1644546897639
42231363,touchmove,829,383,1644546897648
42231363,touchend,0,0,1644546897655
42231364,touchdown,622,458,1644546898069
42231364,touchend,0,0,1644546898164
42231365,touchdown,631,317,1644546898543
42231365,touchmove,629,315,1644546898599
42231365,touchmove,629,317,1644546898615
42231365,touchmove,629,318,1644546898623
42231365,touchmove,629,319,1644546898632
42231365,touchmove,630,319,1644546898640
42231365,touchmove,630,320,1644546898648
42231365,touchmove,631,320,1644546898657
42231365,touchend,0,0,1644546898673
42231366,touchdown,596,281,1644546899069
42231366,touchend,0,0,1644546899172
42231367,touchdown,502,184,1644546899594
42231367,touchend,0,0,1644546899690
42231368,touchdown,459,91,1644546900129
42231368,touchmove,457,89,1644546900190
42231368,touchmove,459,90,1644546900199
42231368,touchmove,462,90,1644546900207
42231368,touchmove,465,91,1644546900216
42231368,touchend,0,0,1644546900223
42231369,touchdown,708,135,1644546900620
42231369,touchmove,707,136,1644546900674
42231369,touchmove,708,137,1644546900683
42231369,touchmove,709,139,1644546900691
42231369,touchmove,710,140,1644546900699
42231369,touchmove,713,140,1644546900708
42231369,touchend,0,0,1644546900724
42231369,touchmove,715,141,1644546900716
42231370,touchdown,839,102,1644546901146
42231370,touchmove,837,101,1644546901183
42231370,touchmove,837,102,1644546901191
42231370,touchmove,837,103,1644546901200
42231370,touchmove,837,104,1644546901208
42231370,touchmove,837,105,1644546901216
42231370,touchmove,838,106,1644546901225
42231370,touchmove,838,107,1644546901233
42231370,touchend,0,0,1644546901249
42231370,touchmove,839,108,1644546901241
42231371,touchdown,793,342,1644546901621
42231371,touchmove,790,347,1644546901658
42231371,touchmove,790,350,1644546901666
42231371,touchmove,791,353,1644546901675
42231371,touchmove,793,355,1644546901683
42231371,touchmove,794,358,1644546901692
42231371,touchmove,797,360,1644546901700
42231371,touchmove,800,362,1644546901708
42231371,touchmove,803,365,1644546901717
42231371,touchend,0,0,1644546901724
42231372,touchdown,774,486,1644546902096
42231372,touchmove,773,484,1644546902133
42231372,touchmove,773,485,1644546902142
42231372,touchmove,773,486,1644546902150
42231372,touchmove,774,486,1644546902167
42231372,touchmove,775,486,1644546902175
42231372,touchmove,776,486,1644546902184
42231372,touchmove,778,486,1644546902192
42231372,touchend,0,0,1644546902199
42231373,touchdown,592,448,1644546902571
42231373,touchend,0,0,1644546902675
42231374,touchdown,463,401,1644546903063
42231374,touchmove,461,402,1644546903117
42231374,touchmove,463,402,1644546903126
42231374,touchmove,466,403,1644546903134
42231374,touchmove,469,404,1644546903142
42231374,touchend,0,0,1644546903150
42231375,touchdown,519,368,1644546903579
42231375,touchmove,517,370,1644546903634
42231375,touchmove,517,371,1644546903643
42231375,touchmove,518,371,1644546903668
42231375,touchmove,519,371,1644546903676
42231375,touchmove,520,371,1644546903684
42231375,touchend,0,0,1644546903692
42231376,touchdown,569,275,1644546904106
42231376,touchend,0,0,1644546904193
42231377,touchdown,778,242,1644546904598
42231377,touchmove,780,243,1644546904634
42231377,touchmove,781,247,1644546904643
42231377,touchmove,784,251,1644546904652
42231377,touchmove,788,255,1644546904660
42231377,touchmove,791,259,1644546904668
42231377,touchmove,794,263,1644546904677
42231377,touchend,0,0,1644546904685
42231378,touchdown,711,430,1644546905064
42231378,touchend,0,0,1644546905143
42231379,touchdown,452,359,1644546905563
42231379,touchend,0,0,1644546905652
42231380,touchdown,369,154,1644546906056
42231380,touchmove,369,158,1644546906067
42231380,touchmove,369,160,1644546906074
42231380,touchmove,369,161,1644546906094
42231380,touchmove,369,162,1644546906102
42231380,touchmove,369,164,1644546906111
42231380,touchmove,369,166,1644546906119
42231380,touchmove,371,168,1644546906127
42231380,touchend,0,0,1644546906135
42231381,touchdown,680,158,1644546906523
42231381,touchmove,692,163,1644546906578
42231381,touchmove,699,167,1644546906586
42231381,touchmove,687,161,1644546906569
42231381,touchend,0,0,1644546906594
42231382,touchdown,853,141,1644546906982
42231382,touchmove,855,139,1644546907027
42231382,touchmove,858,141,1644546907036
42231382,touchmove,862,144,1644546907045
42231382,touchmove,865,149,1644546907053
42231382,touchend,0,0,1644546907061
42231383,touchdown,800,430,1644546907408
42231383,touchmove,796,440,1644546907436
42231383,touchmove,796,442,1644546907445
42231383,touchmove,796,444,1644546907453
42231383,touchmove,796,447,1644546907461
42231383,touchmove,796,448,1644546907470
42231383,touchmove,797,449,1644546907479
42231383,touchmove,798,451,1644546907487
42231383,touchmove,800,451,1644546907495
42231383,touchmove,802,453,1644546907503
42231383,touchend,0,0,1644546907511
42231384,touchdown,464,510,1644546907890
42231384,touchend,0,0,1644546907978
42231385,touchdown,330,447,1644546908357
42231385,touchmove,339,447,1644546908428
42231385,touchend,0,0,1644546908436
42231386,touchdown,376,213,1644546908834
42231386,touchend,0,0,1644546908912
42231387,touchdown,622,147,1644546909334
42231387,touchmove,622,148,1644546909388
42231387,touchmove,623,149,1644546909396
42231387,touchmove,624,150,1644546909404
42231387,touchmove,626,151,1644546909413
42231387,touchmove,628,153,1644546909421
42231387,touchend,0,0,1644546909428
42231388,touchdown,834,136,1644546909817
42231388,touchmove,834,137,1644546909880
42231388,touchmove,836,138,1644546909888
42231388,touchmove,838,140,1644546909896
42231388,touchend,0,0,1644546909904
42231389,touchdown,836,387,1644546910326
42231389,touchmove,835,393,1644546910371
42231389,touchmove,836,394,1644546910380
42231389,touchmove,837,395,1644546910388
42231389,touchmove,840,397,1644546910397
42231389,touchmove,844,398,1644546910405
42231389,touchmove,848,401,1644546910413
42231389,touchend,0,0,1644546910421
42231390,touchdown,750,510,1644546910816
42231390,touchmove,748,504,1644546910838
42231390,touchmove,748,503,1644546910847
42231390,touchmove,748,502,1644546910855
42231390,touchmove,749,502,1644546910880
42231390,touchmove,750,503,1644546910889
42231390,touchend,0,0,1644546910896
42231391,touchdown,371,507,1644546911343
42231391,touchend,0,0,1644546911438
42231392,touchdown,412,359,1644546911827
42231392,touchmove,411,356,1644546911864
42231392,touchmove,411,357,1644546911872
42231392,touchmove,411,359,1644546911881
42231392,touchmove,411,360,1644546911889
42231392,touchmove,412,362,1644546911897
42231392,touchmove,412,363,1644546911906
42231392,touchmove,414,364,1644546911914
42231392,touchmove,416,365,1644546911922
42231392,touchend,0,0,1644546911930
42231393,touchdown,637,416,1644546912319
42231393,touchmove,636,420,1644546912372
42231393,touchmove,638,421,1644546912389
42231393,touchmove,639,421,1644546912398
42231393,touchmove,642,422,1644546912406
42231393,touchmove,646,422,1644546912414
42231393,touchend,0,0,1644546912422
42231394,touchdown,836,490,1644546912852
42231394,touchend,0,0,1644546912931
42231395,touchdown,581,441,1644546913336
42231395,touchend,0,0,1644546913406
42231396,touchdown,420,324,1644546913844
42231396,touchend,0,0,1644546913931
42231397,touchdown,751,315,1644546914361
42231397,touchend,0,0,1644546914440
42231398,touchdown,848,151,1644546914904
42231398,touchmove,848,149,1644546914957
42231398,touchmove,848,151,1644546914966
42231398,touchend,0,0,1644546914973
42231399,touchdown,423,159,1644546915387
42231399,touchmove,420,158,1644546915440
42231399,touchmove,422,160,1644546915449
42231399,touchmove,425,164,1644546915458
42231399,touchend,0,0,1644546915466
42231400,touchdown,384,422,1644546915854
42231400,touchmove,384,423,1644546915907
42231400,touchmove,388,425,1644546915916
42231400,touchmove,392,426,1644546915925
42231400,touchmove,398,427,1644546915933
42231400,touchmove,405,429,1644546915941
42231400,touchmove,412,431,1644546915950
42231400,touchend,0,0,1644546915957
42231401,touchdown,695,467,1644546916329
42231401,touchmove,691,469,1644546916374
42231401,touchmove,691,470,1644546916383
42231401,touchmove,693,471,1644546916392
42231401,touchmove,695,472,1644546916400
42231401,touchmove,699,472,1644546916408
42231401,touchmove,705,473,1644546916417
42231401,touchend,0,0,1644546916425
42231402,touchdown,863,503,1644546916795
42231402,touchend,0,0,1644546916891
42231403,touchdown,827,148,1644546917355
42231403,touchmove,826,148,1644546917408
42231403,touchmove,826,152,1644546917417
42231403,touchend,0,0,1644546917425
42231404,touchdown,431,176,1644546917839
42231404,touchmove,430,173,1644546917892
42231404,touchmove,433,176,1644546917901
42231404,touchend,0,0,1644546917909
42231405,touchdown,373,432,1644546918297
42231405,touchend,0,0,1644546918367
42231406,touchdown,454,530,1644546918789
42231406,touchend,0,0,1644546918851
42231407,touchdown,788,515,1644546919223
42231407,touchend,0,0,1644546919309
42231408,touchdown,732,278,1644546919790
42231408,touchend,0,0,1644546919834
42231409,touchend,0,0,1644546920343
42231409,touchdown,462,331,1644546920299
42231410,touchdown,383,511,1644546920671
42231410,touchend,0,0,1644546920727
42231411,touchdown,615,478,1644546921140
42231411,touchmove,614,475,1644546921194
42231411,touchmove,615,476,1644546921203
42231411,touchmove,618,478,1644546921211
42231411,touchend,0,0,1644546921219
42231412,touchdown,807,474,1644546921673
42231412,touchend,0,0,1644546921769
42231413,touchdown,823,253,1644546922258
42231413,touchend,0,0,1644546922328
42231414,touchdown,811,121,1644546922749
42231414,touchmove,810,120,1644546922795
42231414,touchmove,810,118,1644546922786
42231414,touchmove,810,123,1644546922803
42231414,touchmove,810,125,1644546922812
42231414,touchend,0,0,1644546922819
42231415,touchdown,467,147,1644546923250
42231415,touchmove,464,145,1644546923295
42231415,touchmove,464,148,1644546923304
42231415,touchmove,464,150,1644546923312
42231415,touchmove,465,152,1644546923321
42231415,touchmove,465,156,1644546923329
42231415,touchend,0,0,1644546923336
42231416,touchdown,338,381,1644546923708
42231416,touchend,0,0,1644546923787
42231417,touchdown,505,436,1644546924217
42231417,touchmove,503,436,1644546924270
42231417,touchmove,505,437,1644546924279
42231417,touchmove,508,439,1644546924288
42231417,touchmove,512,441,1644546924296
42231417,touchend,0,0,1644546924304
42231418,touchdown,719,482,1644546924726
42231418,touchmove,721,482,1644546924771
42231418,touchmove,725,483,1644546924780
42231418,touchmove,730,485,1644546924788
42231418,touchend,0,0,1644546924796
42231419,touchdown,843,447,1644546925184
42231419,touchend,0,0,1644546925254
42231420,touchdown,842,253,1644546925676
42231420,touchmove,842,249,1644546925691
42231420,touchmove,842,248,1644546925697
42231420,touchmove,843,249,1644546925721
42231420,touchmove,843,251,1644546925730
42231420,touchend,0,0,1644546925738
42231421,touchdown,664,189,1644546926109
42231421,touchend,0,0,1644546926163
42231422,touchdown,507,340,1644546926473
42231422,touchmove,506,341,1644546926538
42231422,touchmove,506,342,1644546926547
42231422,touchmove,507,343,1644546926556
42231422,touchend,0,0,1644546926563
42231423,touchdown,329,478,1644546926977
42231423,touchmove,336,479,1644546927022
42231423,touchend,0,0,1644546927030
42231424,touchdown,561,474,1644546927444
42231424,touchmove,560,470,1644546927455
42231424,touchmove,560,467,1644546927462
42231424,touchmove,560,466,1644546927466
42231424,touchmove,561,466,1644546927481
42231424,touchmove,564,466,1644546927489
42231424,touchmove,571,467,1644546927498
42231424,touchend,0,0,1644546927505
42231425,touchdown,756,438,1644546927910
42231425,touchend,0,0,1644546927981
42231426,touchdown,851,479,1644546928361
42231426,touchend,0,0,1644546928431
42231427,touchdown,842,344,1644546928853
42231427,touchend,0,0,1644546928906
42231428,touchdown,553,384,1644546929261
42231428,touchend,0,0,1644546929315
42231429,touchdown,682,256,1644546929737
42231429,touchmove,682,250,1644546929751
42231429,touchmove,682,248,1644546929757
42231429,touchmove,685,248,1644546929791
42231429,touchmove,689,250,1644546929799
42231429,touchend,0,0,1644546929807
42231430,touchdown,879,183,1644546930246
42231430,touchend,0,0,1644546930307
42231431,touchdown,739,101,1644546930696
42231431,touchend,0,0,1644546930774
42231432,touchdown,465,111,1644546931171
42231432,touchmove,465,106,1644546931187
42231432,touchmove,465,105,1644546931192
42231432,touchmove,465,106,1644546931216
42231432,touchmove,466,108,1644546931225
42231432,touchmove,468,110,1644546931233
42231432,touchmove,469,112,1644546931242
42231432,touchend,0,0,1644546931249
42231433,touchdown,312,283,1644546931637
42231433,touchmove,311,286,1644546931648
42231433,touchmove,309,285,1644546931659
42231433,touchmove,309,284,1644546931667
42231433,touchmove,309,283,1644546931675
42231433,touchmove,311,283,1644546931700
42231433,touchmove,317,285,1644546931717
42231433,touchmove,313,284,1644546931709
42231433,touchend,0,0,1644546931725
42231434,touchdown,364,458,1644546932087
42231434,touchmove,365,460,1644546932142
42231434,touchmove,373,460,1644546932159
42231434,touchmove,368,460,1644546932151
42231434,touchend,0,0,1644546932167
42231435,touchdown,566,442,1644546932580
42231435,touchmove,564,444,1644546932633
42231435,touchmove,566,445,1644546932642
42231435,touchmove,570,446,1644546932651
42231435,touchmove,576,449,1644546932659
42231435,touchend,0,0,1644546932667
42231436,touchdown,773,456,1644546933064
42231436,touchmove,775,456,1644546933125
42231436,touchmove,779,456,1644546933134
42231436,touchmove,783,458,1644546933143
42231436,touchend,0,0,1644546933151
42231437,touchdown,834,374,1644546933564
42231437,touchend,0,0,1644546933642
42231438,touchdown,518,318,1644546934064
42231438,touchend,0,0,1644546934151
42231439,touchdown,509,236,1644546934573
42231439,touchend,0,0,1644546934643
42231440,touchdown,681,182,1644546935081
42231440,touchmove,680,181,1644546935118
42231440,touchmove,680,183,1644546935127
42231440,touchmove,680,185,1644546935136
42231440,touchmove,681,186,1644546935144
42231440,touchmove,682,188,1644546935152
42231440,touchmove,684,189,1644546935161
42231440,touchend,0,0,1644546935168
42231441,touchdown,817,106,1644546935582
42231441,touchmove,816,105,1644546935619
42231441,touchmove,816,106,1644546935628
42231441,touchmove,816,108,1644546935636
42231441,touchmove,816,109,1644546935644
42231441,touchmove,816,111,1644546935653
42231441,touchmove,817,112,1644546935661
42231441,touchmove,817,115,1644546935669
42231441,touchend,0,0,1644546935677
42231442,touchdown,588,310,1644546936041
42231442,touchmove,585,310,1644546936077
42231442,touchmove,585,312,1644546936086
42231442,touchmove,585,313,1644546936103
42231442,touchmove,586,313,1644546936111
42231442,touchmove,588,313,1644546936128
42231442,touchmove,587,313,1644546936119
42231442,touchmove,590,313,1644546936136
42231442,touchmove,592,313,1644546936144
42231442,touchmove,595,313,1644546936153
42231442,touchend,0,0,1644546936161
42231443,touchdown,828,366,1644546936548
42231443,touchmove,826,366,1644546936594
42231443,touchmove,826,367,1644546936603
42231443,touchmove,826,368,1644546936611
42231443,touchmove,826,367,1644546936644
42231443,touchmove,827,365,1644546936653
42231443,touchmove,827,363,1644546936661
42231443,touchend,0,0,1644546936669
42231444,touchdown,638,155,1644546937090
42231444,touchmove,637,158,1644546937161
42231444,touchmove,639,160,1644546937170
42231444,touchmove,642,161,1644546937178
42231444,touchmove,645,162,1644546937187
42231444,touchend,0,0,1644546937194
42231445,touchdown,470,50,1644546937583
42231445,touchmove,469,52,1644546937661
42231445,touchmove,473,52,1644546937679
42231445,touchmove,471,52,1644546937670
42231445,touchmove,477,52,1644546937687
42231445,touchend,0,0,1644546937694
42231446,touchdown,748,64,1644546938042
42231446,touchmove,748,66,1644546938070
42231446,touchmove,748,67,1644546938079
42231446,touchmove,748,68,1644546938087
42231446,touchmove,748,69,1644546938096
42231446,touchmove,748,70,1644546938104
42231446,touchmove,749,71,1644546938112
42231446,touchmove,750,71,1644546938121
42231446,touchmove,752,71,1644546938129
42231446,touchmove,755,71,1644546938137
42231446,touchmove,759,72,1644546938146
42231446,touchend,0,0,1644546938153
42231447,touchdown,907,111,1644546938492
42231447,touchmove,907,110,1644546938529
42231447,touchmove,907,112,1644546938538
42231447,touchmove,908,114,1644546938546
42231447,touchmove,910,116,1644546938554
42231447,touchmove,912,118,1644546938563
42231447,touchmove,915,120,1644546938571
42231447,touchmove,918,123,1644546938579
42231447,touchend,0,0,1644546938587
42231448,touchdown,741,403,1644546938965
42231448,touchend,0,0,1644546939054
42231449,touchdown,524,478,1644546939424
42231449,touchend,0,0,1644546939521
42231450,touchmove,384,329,1644546939971
42231450,touchdown,386,328,1644546939926
42231450,touchmove,384,330,1644546939980
42231450,touchmove,384,331,1644546939988
42231450,touchend,0,0,1644546940020
42231451,touchdown,367,201,1644546940442
42231451,touchmove,375,203,1644546940496
42231451,touchend,0,0,1644546940504
42231452,touchdown,516,226,1644546940909
42231452,touchmove,517,227,1644546940955
42231452,touchmove,519,229,1644546940964
42231452,touchmove,521,230,1644546940972
42231452,touchmove,524,232,1644546940981
42231452,touchend,0,0,1644546940988
42231453,touchdown,700,253,1644546941386
42231453,touchmove,700,256,1644546941430
42231453,touchmove,701,257,1644546941439
42231453,touchmove,702,259,1644546941447
42231453,touchmove,703,260,1644546941456
42231453,touchmove,705,261,1644546941464
42231453,touchmove,705,262,1644546941473
42231453,touchend,0,0,1644546941480
42231454,touchdown,820,166,1644546941852
42231454,touchmove,822,168,1644546941905
42231454,touchmove,825,172,1644546941914
42231454,touchend,0,0,1644546941922
42231455,touchdown,847,330,1644546942302
42231455,touchmove,846,336,1644546942347
42231455,touchmove,846,337,1644546942356
42231455,touchmove,848,338,1644546942365
42231455,touchmove,851,339,1644546942373
42231455,touchmove,853,340,1644546942381
42231455,touchend,0,0,1644546942389
42231456,touchdown,809,450,1644546942802
42231456,touchend,0,0,1644546942856
42231457,touchdown,458,491,1644546943303
42231457,touchend,0,0,1644546943381
42231458,touchdown,338,469,1644546943743
42231458,touchend,0,0,1644546943848
42231459,touchdown,417,307,1644546944228
42231459,touchmove,416,305,1644546944273
42231459,touchmove,416,306,1644546944282
42231459,touchmove,417,308,1644546944291
42231459,touchmove,419,309,1644546944307
42231459,touchmove,420,310,1644546944316
42231459,touchmove,421,311,1644546944324
42231459,touchend,0,0,1644546944332
42231460,touchdown,449,217,1644546944779
42231460,touchmove,448,223,1644546944816
42231460,touchmove,448,224,1644546944824
42231460,touchmove,448,225,1644546944841
42231460,touchmove,448,226,1644546944849
42231460,touchmove,449,226,1644546944858
42231460,touchmove,450,226,1644546944883
42231460,touchend,0,0,1644546944890
42231461,touchdown,484,145,1644546945263
42231461,touchmove,487,149,1644546945332
42231461,touchmove,489,149,1644546945341
42231461,touchmove,492,149,1644546945350
42231461,touchmove,496,149,1644546945358
42231461,touchend,0,0,1644546945366
42231462,touchdown,741,185,1644546945745
42231462,touchmove,738,192,1644546945766
42231462,touchmove,738,194,1644546945775
42231462,touchmove,738,196,1644546945791
42231462,touchmove,740,198,1644546945808
42231462,touchmove,738,198,1644546945800
42231462,touchmove,738,195,1644546945783
42231462,touchmove,742,199,1644546945817
42231462,touchmove,743,199,1644546945825
42231462,touchmove,745,199,1644546945833
42231462,touchmove,749,199,1644546945850
42231462,touchmove,747,199,1644546945842
42231462,touchmove,750,199,1644546945858
42231462,touchend,0,0,1644546945866
42231463,touchdown,817,238,1644546946221
42231463,touchmove,814,245,1644546946258
42231463,touchmove,814,248,1644546946267
42231463,touchmove,814,251,1644546946275
42231463,touchmove,815,255,1644546946284
42231463,touchmove,816,258,1644546946292
42231463,touchmove,817,262,1644546946300
42231463,touchmove,817,265,1644546946308
42231463,touchmove,819,271,1644546946325
42231463,touchmove,818,268,1644546946317
42231463,touchmove,819,275,1644546946333
42231463,touchmove,819,278,1644546946342
42231463,touchend,0,0,1644546946349
42231464,touchdown,781,490,1644546946721
42231464,touchmove,779,492,1644546946759
42231464,touchmove,779,495,1644546946775
42231464,touchmove,779,496,1644546946784
42231464,touchmove,780,496,1644546946792
42231464,touchmove,781,497,1644546946800
42231464,touchmove,783,497,1644546946817
42231464,touchend,0,0,1644546946825
42231465,touchdown,553,472,1644546947213
42231465,touchmove,552,475,1644546947224
42231465,touchmove,552,476,1644546947231
42231465,touchmove,552,477,1644546947235
42231465,touchmove,552,478,1644546947242
42231465,touchmove,552,479,1644546947251
42231465,touchmove,552,480,1644546947259
42231465,touchmove,552,481,1644546947267
42231465,touchend,0,0,1644546947325
42231466,touchdown,396,434,1644546947714
42231466,touchend,0,0,1644546947801
42231467,touchdown,555,396,1644546948197
42231467,touchmove,552,406,1644546948251
42231467,touchmove,553,407,1644546948260
42231467,touchmove,555,408,1644546948268
42231467,touchmove,552,403,1644546948234
42231467,touchmove,557,408,1644546948276
42231467,touchmove,552,404,1644546948243
42231467,touchmove,558,409,1644546948285
42231467,touchmove,561,409,1644546948293
42231467,touchmove,564,410,1644546948301
42231467,touchend,0,0,1644546948309
42231468,touchdown,847,484,1644546948689
42231468,touchmove,844,490,1644546948726
42231468,touchmove,844,492,1644546948735
42231468,touchmove,844,495,1644546948743
42231468,touchmove,844,496,1644546948752
42231468,touchmove,844,498,1644546948760
42231468,touchmove,844,499,1644546948768
42231468,touchmove,844,500,1644546948777
42231468,touchend,0,0,1644546948784
42231469,touchdown,757,294,1644546949223
42231469,touchend,0,0,1644546949301
42231470,touchdown,432,416,1644546949698
42231470,touchmove,429,424,1644546949735
42231470,touchmove,429,425,1644546949744
42231470,touchmove,429,423,1644546949777
42231470,touchmove,429,421,1644546949786
42231470,touchmove,429,420,1644546949794
42231470,touchend,0,0,1644546949801
42231471,touchdown,479,300,1644546950165
42231471,touchend,0,0,1644546950252
42231472,touchdown,783,259,1644546950648
42231472,touchend,0,0,1644546950719
42231473,touchdown,829,158,1644546951141
42231473,touchmove,828,161,1644546951186
42231473,touchmove,828,163,1644546951195
42231473,touchmove,828,165,1644546951203
42231473,touchend,0,0,1644546951211
42231474,touchdown,503,348,1644546951581
42231474,touchmove,498,351,1644546951628
42231474,touchmove,498,352,1644546951637
42231474,touchmove,500,353,1644546951645
42231474,touchmove,502,355,1644546951653
42231474,touchmove,505,356,1644546951662
42231474,touchmove,509,358,1644546951670
42231474,touchend,0,0,1644546951677
42231475,touchdown,752,453,1644546952049
42231475,touchend,0,0,1644546952136
42231476,touchdown,664,405,1644546952550
42231476,touchmove,662,406,1644546952587
42231476,touchmove,662,407,1644546952595
42231476,touchmove,662,408,1644546952604
42231476,touchmove,662,409,1644546952612
42231476,touchmove,662,411,1644546952620
42231476,touchmove,662,412,1644546952629
42231476,touchend,0,0,1644546952636
42231477,touchdown,442,449,1644546953025
42231477,touchmove,443,454,1644546953078
42231477,touchmove,445,455,1644546953087
42231477,touchmove,447,456,1644546953096
42231477,touchend,0,0,1644546953112
42231477,touchmove,450,458,1644546953104
42231478,touchdown,290,474,1644546953475
42231478,touchend,0,0,1644546953562
42231479,touchdown,294,242,1644546953942
42231479,touchend,0,0,1644546954021
42231480,touchdown,469,215,1644546954450
42231480,touchmove,467,221,1644546954479
42231480,touchmove,467,223,1644546954488
42231480,touchmove,467,224,1644546954496
42231480,touchmove,469,224,1644546954505
42231480,touchmove,470,224,1644546954513
42231480,touchmove,472,224,1644546954522
42231480,touchmove,474,224,1644546954530
42231480,touchend,0,0,1644546954538
42231481,touchdown,714,186,1644546954918
42231481,touchend,0,0,1644546955004
42231482,touchdown,842,172,1644546955376
42231482,touchmove,842,174,1644546955413
42231482,touchmove,842,176,1644546955422
42231482,touchmove,843,179,1644546955430
42231482,touchmove,845,182,1644546955439
42231482,touchmove,846,186,1644546955447
42231482,touchend,0,0,1644546955455
42231483,touchdown,859,383,1644546955835
42231483,touchmove,861,385,1644546955888
42231483,touchmove,862,386,1644546955897
42231483,touchmove,864,388,1644546955906
42231483,touchmove,866,390,1644546955914
42231483,touchend,0,0,1644546955930
42231483,touchmove,869,392,1644546955922
42231484,touchdown,812,523,1644546956302
42231484,touchmove,813,519,1644546956347
42231484,touchmove,813,520,1644546956356
42231484,touchmove,813,521,1644546956364
42231484,touchmove,815,523,1644546956373
42231484,touchmove,817,526,1644546956381
42231484,touchend,0,0,1644546956388
42231485,touchdown,541,524,1644546956802
42231485,touchend,0,0,1644546956889
42231486,touchdown,460,389,1644546957326
42231486,touchend,0,0,1644546957406
42231487,touchdown,327,224,1644546957803
42231487,touchend,0,0,1644546957881
42231488,touchdown,343,132,1644546958303
42231488,touchend,0,0,1644546958373
42231489,touchdown,531,134,1644546958769
42231489,touchmove,533,136,1644546958823
42231489,touchmove,536,138,1644546958832
42231489,touchmove,541,140,1644546958841
42231489,touchend,0,0,1644546958848
42231490,touchdown,710,133,1644546959270
42231490,touchmove,708,132,1644546959307
42231490,touchmove,708,133,1644546959316
42231490,touchmove,708,134,1644546959324
42231490,touchmove,709,135,1644546959333
42231490,touchend,0,0,1644546959340
42231491,touchdown,865,165,1644546959745
42231491,touchmove,863,167,1644546959791
42231491,touchmove,864,168,1644546959800
42231491,touchmove,866,170,1644546959808
42231491,touchmove,869,172,1644546959816
42231491,touchend,0,0,1644546959824
42231492,touchdown,868,342,1644546960212
42231492,touchmove,866,342,1644546960249
42231492,touchmove,866,344,1644546960258
42231492,touchmove,866,346,1644546960266
42231492,touchmove,867,347,1644546960275
42231492,touchmove,871,352,1644546960300
42231492,touchmove,870,350,1644546960291
42231492,touchmove,868,349,1644546960283
42231492,touchmove,873,354,1644546960308
42231492,touchend,0,0,1644546960316
42231493,touchdown,665,362,1644546960737
42231493,touchend,0,0,1644546960824
42231494,touchdown,461,360,1644546961246
42231494,touchend,0,0,1644546961308
42231495,touchdown,340,506,1644546961729
42231495,touchend,0,0,1644546961784
42231496,touchdown,538,497,1644546962222
42231496,touchmove,543,498,1644546962283
42231496,touchend,0,0,1644546962292
42231497,touchdown,743,502,1644546962698
42231497,touchmove,740,501,1644546962734
42231497,touchmove,740,503,1644546962743
42231497,touchmove,740,505,1644546962751
42231497,touchmove,741,506,1644546962760
42231497,touchmove,743,507,1644546962768
42231497,touchmove,745,508,1644546962776
42231497,touchmove,748,509,1644546962785
42231497,touchmove,751,510,1644546962793
42231497,touchend,0,0,1644546962800
42231498,touchdown,858,507,1644546963222
42231498,touchend,0,0,1644546963301
42231499,touchdown,794,365,1644546963748
42231499,touchmove,795,367,1644546963793
42231499,touchmove,796,369,1644546963802
42231499,touchmove,798,370,1644546963810
42231499,touchmove,801,372,1644546963819
42231499,touchend,0,0,1644546963826
42231500,touchdown,842,306,1644546964265
42231500,touchend,0,0,1644546964343
42231501,touchdown,764,221,1644546964782
42231501,touchend,0,0,1644546964835
42231502,touchdown,581,283,1644546965231
42231502,touchend,0,0,1644546965302
42231503,touchdown,429,395,1644546965715
42231503,touchend,0,0,1644546965777
42231504,touchdown,351,323,1644546966208
42231504,touchend,0,0,1644546966261
42231505,touchdown,509,260,1644546966674
42231505,touchend,0,0,1644546966744
42231506,touchdown,665,232,1644546967149
42231506,touchend,0,0,1644546967203
42231507,touchdown,790,222,1644546967641
42231507,touchend,0,0,1644546967712
42231508,touchdown,860,111,1644546968141
42231508,touchmove,859,109,1644546968179
42231508,touchmove,859,112,1644546968188
42231508,touchmove,858,115,1644546968196
42231508,touchend,0,0,1644546968204
42231509,touchdown,576,128,1644546968625
42231509,touchmove,576,125,1644546968670
42231509,touchmove,576,126,1644546968680
42231509,touchmove,576,128,1644546968688
42231509,touchend,0,0,1644546968695
42231510,touchdown,416,144,1644546969124
42231510,touchmove,419,147,1644546969172
42231510,touchmove,423,151,1644546969180
42231510,touchend,0,0,1644546969188
42231511,touchdown,317,327,1644546969576
42231511,touchmove,316,322,1644546969591
42231511,touchmove,316,320,1644546969597
42231511,touchmove,318,321,1644546969621
42231511,touchmove,321,322,1644546969630
42231511,touchmove,324,325,1644546969638
42231511,touchend,0,0,1644546969646
42231512,touchdown,476,449,1644546970043
42231512,touchmove,476,446,1644546970088
42231512,touchmove,479,446,1644546970097
42231512,touchmove,485,447,1644546970105
42231512,touchmove,493,448,1644546970114
42231512,touchend,0,0,1644546970122
42231513,touchdown,618,345,1644546970501
42231513,touchend,0,0,1644546970588
42231514,touchdown,776,395,1644546970968
42231514,touchmove,774,395,1644546971005
42231514,touchmove,777,401,1644546971023
42231514,touchmove,780,404,1644546971031
42231514,touchend,0,0,1644546971047
42231514,touchmove,783,408,1644546971039
42231514,touchmove,775,398,1644546971014
42231515,touchdown,865,482,1644546971444
42231516,touchdown,692,425,1644546971910
42231515,touchend,0,0,1644546971514
42231516,touchmove,689,425,1644546971964
42231516,touchmove,689,426,1644546971973
42231516,touchmove,689,427,1644546971982
42231516,touchend,0,0,1644546971989
42231517,touchdown,481,411,1644546972403
42231517,touchmove,481,416,1644546972439
42231517,touchmove,481,417,1644546972448
42231517,touchmove,481,419,1644546972457
42231517,touchmove,482,421,1644546972465
42231517,touchmove,483,423,1644546972473
42231517,touchend,0,0,1644546972481
42231518,touchdown,307,504,1644546972869
42231518,touchend,0,0,1644546972931
42231519,touchdown,367,373,1644546973336
42231519,touchmove,365,382,1644546973373
42231519,touchmove,365,383,1644546973382
42231519,touchmove,365,385,1644546973390
42231519,touchmove,365,386,1644546973399
42231519,touchmove,366,387,1644546973407
42231519,touchmove,367,387,1644546973416
42231519,touchend,0,0,1644546973423
42231520,touchdown,469,334,1644546973861
42231520,touchend,0,0,1644546973932
42231521,touchdown,564,334,1644546974370
42231521,touchend,0,0,1644546974432
42231522,touchdown,701,323,1644546974829
42231522,touchmove,700,323,1644546974874
42231522,touchmove,700,324,1644546974883
42231522,touchmove,701,324,1644546974891
42231522,touchmove,703,325,1644546974900
42231522,touchmove,705,326,1644546974908
42231522,touchend,0,0,1644546974916
42231523,touchdown,851,313,1644546975296
42231523,touchend,0,0,1644546975374
42231524,touchdown,877,171,1644546975780
42231524,touchmove,876,168,1644546975791
42231524,touchmove,876,166,1644546975798
42231524,touchmove,876,165,1644546975802
42231524,touchmove,876,166,1644546975824
42231524,touchmove,876,168,1644546975833
42231524,touchmove,876,170,1644546975842
42231524,touchend,0,0,1644546975849
42231525,touchdown,731,151,1644546976264
42231525,touchmove,729,152,1644546976308
42231525,touchmove,729,153,1644546976317
42231525,touchmove,730,155,1644546976326
42231525,touchmove,731,157,1644546976334
42231525,touchend,0,0,1644546976342
42231526,touchdown,545,256,1644546976804
42231526,touchend,0,0,1644546976867
42231527,touchdown,483,367,1644546977280
42231527,touchmove,481,370,1644546977334
42231527,touchmove,481,371,1644546977343
42231527,touchmove,482,371,1644546977351
42231527,touchmove,484,371,1644546977359
42231527,touchmove,486,372,1644546977368
42231527,touchend,0,0,1644546977375
42231528,touchdown,570,437,1644546977831
42231528,touchend,0,0,1644546977909
42231529,touchdown,722,438,1644546978339
42231529,touchend,0,0,1644546978426
42231530,touchdown,839,435,1644546978806
42231530,touchend,0,0,1644546978893
42231531,touchdown,785,365,1644546979298
42231531,touchmove,784,360,1644546979314
42231531,touchmove,784,361,1644546979335
42231531,touchmove,784,364,1644546979344
42231531,touchmove,785,366,1644546979352
42231531,touchmove,786,369,1644546979361
42231531,touchmove,788,373,1644546979369
42231531,touchend,0,0,1644546979377
