42231710,touchdown,395,423,1644547323352
42231710,touchend,0,0,1644547323455
42231711,touchdown,532,430,1644547324243
42231711,touchend,0,0,1644547324372
42231712,touchdown,677,430,1644547325111
42231712,touchend,0,0,1644547325273
42231713,touchdown,676,303,1644547326094
42231713,touchend,0,0,1644547326248
42231714,touchdown,794,311,1644547327104
42231714,touchend,0,0,1644547327266
42231715,touchdown,795,171,1644547328113
42231715,touchend,0,0,1644547328275
42231716,touchdown,919,180,1644547329128
42231716,touchend,0,0,1644547329292
42231717,touchdown,791,47,1644547330080
42231717,touchend,0,0,1644547330259
42231718,touchdown,659,46,1644547331089
42231718,touchend,0,0,1644547331243
42231719,touchdown,531,155,1644547332073
42231719,touchend,0,0,1644547332252
42231720,touchdown,540,304,1644547332965
42231720,touchend,0,0,1644547333119
42231721,touchdown,534,441,1644547333949
42231721,touchend,0,0,1644547334128
42231722,touchdown,534,561,1644547334883
42231722,touchend,0,0,1644547335053
42231723,touchdown,676,449,1644547335758
42231723,touchend,0,0,1644547335970
42231724,touchdown,776,453,1644547336875
42231724,touchend,0,0,1644547337104
42231725,touchdown,794,342,1644547337809
42231725,touchend,0,0,1644547337988
42231726,touchdown,915,295,1644547338727
42231726,touchend,0,0,1644547338947
42231727,touchdown,929,192,1644547339628
42231727,touchend,0,0,1644547339931
42231728,touchdown,690,198,1644547340712
42231728,touchend,0,0,1644547340973
42231729,touchdown,546,196,1644547341779
42231729,touchend,0,0,1644547342041
42231730,touchdown,416,177,1644547342779
42231730,touchend,0,0,1644547343041
42231731,touchdown,290,180,1644547343804
42231731,touchend,0,0,1644547343967
42231732,touchdown,269,314,1644547344772
42231732,touchend,0,0,1644547344984
42231733,touchdown,264,431,1644547345689
42231733,touchend,0,0,1644547345985
42231734,touchdown,394,444,1644547346664
42231734,touchend,0,0,1644547346893
42231735,touchdown,527,442,1644547347640
42231735,touchend,0,0,1644547347844
42231736,touchdown,676,434,1644547348625
42231736,touchmove,677,435,1644547348861
42231736,touchmove,679,435,1644547348870
42231736,touchend,0,0,1644547348878
42231737,touchdown,796,445,1644547349540
42231737,touchend,0,0,1644547349787
42231738,touchdown,930,435,1644547350492
42231738,touchend,0,0,1644547350679
42231739,touchdown,804,255,1644547351400
42231739,touchend,0,0,1644547351604
42231740,touchdown,796,168,1644547352318
42231740,touchend,0,0,1644547352480
42231741,touchdown,814,53,1644547353252
42231741,touchend,0,0,1644547353456
42231742,touchdown,654,57,1644547354259
42231742,touchend,0,0,1644547354398
42231743,touchdown,547,55,1644547355194
42231743,touchend,0,0,1644547355348
42231744,touchdown,538,169,1644547356144
42231744,touchmove,537,170,1644547356265
42231744,touchend,0,0,1644547356273
42231745,touchdown,539,284,1644547357045
42231745,touchend,0,0,1644547357208
42231746,touchdown,530,428,1644547357954
42231746,touchend,0,0,1644547358133
42231747,touchdown,661,560,1644547358905
42231747,touchend,0,0,1644547359050
42231748,touchdown,792,563,1644547359906
42231748,touchend,0,0,1644547360034
42231749,touchdown,928,578,1644547360831
42231749,touchend,0,0,1644547360943
42231750,touchdown,929,445,1644547361781
42231750,touchend,0,0,1644547361868
42231751,touchdown,924,309,1644547362699
42231751,touchend,0,0,1644547362819
42231752,touchdown,921,185,1644547363666
42231752,touchend,0,0,1644547363761
42231753,touchdown,808,180,1644547364575
42231753,touchend,0,0,1644547364636
42231754,touchdown,660,189,1644547365467
42231754,touchend,0,0,1644547365529
42231755,touchdown,543,185,1644547366259
42231755,touchend,0,0,1644547366362
42231756,touchdown,413,178,1644547367076
42231756,touchend,0,0,1644547367205
42231757,touchdown,266,174,1644547368026
42231757,touchend,0,0,1644547368164
42231758,touchdown,278,298,1644547369019
42231758,touchend,0,0,1644547369114
42231759,touchdown,393,324,1644547369844
42231759,touchend,0,0,1644547369948
42231760,touchdown,534,335,1644547370770
42231760,touchend,0,0,1644547370873
42231761,touchdown,533,427,1644547371654
42231761,touchend,0,0,1644547371766
42231762,touchdown,542,523,1644547372595
42231762,touchend,0,0,1644547372708
42231763,touchdown,379,548,1644547373405
42231763,touchend,0,0,1644547373508
42231764,touchdown,261,531,1644547374289
42231764,touchend,0,0,1644547374375
42231765,touchdown,358,412,1644547375122
42231765,touchend,0,0,1644547375251
42231766,touchdown,486,386,1644547376007
42231766,touchend,0,0,1644547376135
42231767,touchdown,548,195,1644547377007
42231767,touchend,0,0,1644547377135
42231768,touchdown,552,58,1644547377865
42231768,touchend,0,0,1644547377986
42231769,touchdown,672,74,1644547378774
42231769,touchend,0,0,1644547378870
42231770,touchend,0,0,1644547379645
42231770,touchdown,790,69,1644547379566
42231771,touchdown,800,187,1644547380442
42231771,touchend,0,0,1644547380512
42231772,touchdown,667,182,1644547381242
42231772,touchend,0,0,1644547381337
42231773,touchdown,801,314,1644547382110
42231773,touchend,0,0,1644547382171
42231774,touchdown,928,330,1644547382985
42231774,touchend,0,0,1644547383072
42231775,touchdown,666,307,1644547383761
42231775,touchend,0,0,1644547383847
42231776,touchdown,655,439,1644547384511
42231776,touchend,0,0,1644547384631
42231777,touchdown,798,447,1644547385386
42231777,touchend,0,0,1644547385498
42231778,touchdown,922,446,1644547386146
42231778,touchend,0,0,1644547386241
42231779,touchdown,922,588,1644547386921
42231779,touchend,0,0,1644547387008
42231780,touchdown,795,562,1644547387813
42231780,touchend,0,0,1644547387925
42231781,touchdown,662,547,1644547388555
42231781,touchend,0,0,1644547388683
42231782,touchdown,672,428,1644547389414
42231782,touchend,0,0,1644547389493
42231783,touchdown,664,303,1644547390173
42231783,touchend,0,0,1644547390284
42231784,touchdown,784,320,1644547391082
42231784,touchend,0,0,1644547391185
42231785,touchdown,821,189,1644547391948
42231785,touchend,0,0,1644547392044
42231786,touchdown,665,179,1644547392758
42231786,touchend,0,0,1644547392852
42231787,touchdown,533,175,1644547393608
42231787,touchend,0,0,1644547393711
42231788,touchdown,411,177,1644547394467
42231788,touchend,0,0,1644547394562
42231789,touchdown,281,182,1644547395300
42231789,touchend,0,0,1644547395370
42231790,touchdown,403,295,1644547396168
42231790,touchend,0,0,1644547396255
42231791,touchdown,538,313,1644547397085
42231791,touchend,0,0,1644547397172
42231792,touchdown,662,428,1644547397969
42231792,touchend,0,0,1644547398049
42231793,touchdown,808,282,1644547398868
42231793,touchend,0,0,1644547398998
42231794,touchdown,915,439,1644547399803
42231794,touchend,0,0,1644547399898
42231795,touchdown,802,447,1644547400678
42231795,touchend,0,0,1644547400765
42231796,touchdown,662,309,1644547401471
42231796,touchend,0,0,1644547401566
42231797,touchdown,787,172,1644547402354
42231797,touchmove,789,175,1644547402449
42231797,touchend,0,0,1644547402466
42231797,touchmove,791,175,1644547402459
42231798,touchdown,915,196,1644547403147
42231798,touchend,0,0,1644547403250
42231799,touchdown,930,53,1644547403955
42231799,touchend,0,0,1644547404042
42231800,touchdown,814,65,1644547404655
42231800,touchend,0,0,1644547404701
42231801,touchdown,668,146,1644547405448
42231801,touchend,0,0,1644547405551
42231802,touchdown,542,39,1644547406190
42231802,touchend,0,0,1644547406293
42231803,touchdown,541,174,1644547407133
42231803,touchend,0,0,1644547407235
42231804,touchdown,406,300,1644547408075
42231804,touchend,0,0,1644547408145
42231805,touchdown,391,427,1644547408875
42231805,touchend,0,0,1644547409004
42231806,touchdown,540,552,1644547409817
42231806,touchend,0,0,1644547409912
42231807,touchdown,671,579,1644547410710
42231807,touchend,0,0,1644547410821
42231808,touchdown,554,467,1644547411725
42231808,touchend,0,0,1644547411780
42231809,touchdown,765,284,1644547412552
42231809,touchend,0,0,1644547412672
42231810,touchdown,653,318,1644547413378
42231810,touchend,0,0,1644547413439
42231811,touchdown,780,202,1644547414227
42231811,touchend,0,0,1644547414298
42231812,touchdown,662,181,1644547415045
42231812,touchend,0,0,1644547415174
42231813,touchdown,535,195,1644547415871
42231813,touchend,0,0,1644547415974
42231814,touchdown,407,196,1644547416721
42231814,touchend,0,0,1644547416833
42231815,touchdown,276,177,1644547417571
42231815,touchend,0,0,1644547417708
42231816,touchdown,263,301,1644547418339
42231816,touchend,0,0,1644547418467
42231817,touchdown,426,441,1644547419189
42231817,touchend,0,0,1644547419284
42231818,touchdown,586,484,1644547420115
42231818,touchend,0,0,1644547420210
42231819,touchdown,789,515,1644547421032
42231819,touchend,0,0,1644547421169
42231820,touchdown,874,585,1644547421915
42231820,touchend,0,0,1644547422036
42231821,touchdown,891,440,1644547422833
42231821,touchend,0,0,1644547422961
42231822,touchdown,915,359,1644547423775
42231822,touchend,0,0,1644547423878
42231823,touchdown,733,331,1644547424625
42231823,touchend,0,0,1644547424729
42231824,touchdown,622,404,1644547425510
42231824,touchend,0,0,1644547425604
42231825,touchdown,507,450,1644547426343
42231825,touchend,0,0,1644547426463
42231826,touchdown,414,554,1644547427144
42231826,touchend,0,0,1644547427281
42231827,touchdown,456,347,1644547428061
42231827,touchend,0,0,1644547428189
42231828,touchdown,578,306,1644547429086
42231828,touchend,0,0,1644547429223
42231829,touchdown,732,219,1644547430037
42231829,touchend,0,0,1644547430157
42231830,touchdown,865,189,1644547430912
42231830,touchend,0,0,1644547431024
42231831,touchdown,868,139,1644547431788
42231831,touchend,0,0,1644547431900
42231832,touchdown,713,134,1644547432738
42231832,touchend,0,0,1644547432834
42231833,touchdown,605,166,1644547433605
42231833,touchend,0,0,1644547433717
42231834,touchdown,446,175,1644547434406
42231834,touchend,0,0,1644547434518
42231835,touchdown,487,371,1644547435240
42231835,touchend,0,0,1644547435377
42231836,touchdown,594,459,1644547436114
42231836,touchend,0,0,1644547436278
42231837,touchdown,738,505,1644547437033
42231837,touchend,0,0,1644547437178
42231838,touchdown,864,498,1644547438017
42231838,touchend,0,0,1644547438145
42231839,touchdown,855,125,1644547438950
42231839,touchend,0,0,1644547439104
42231840,touchdown,624,116,1644547439842
42231840,touchend,0,0,1644547439971
42231841,touchdown,469,153,1644547440759
42231841,touchend,0,0,1644547440880
42231842,touchdown,370,313,1644547441633
42231842,touchend,0,0,1644547441763
42231843,touchdown,500,448,1644547442384
42231843,touchend,0,0,1644547442506
42231844,touchdown,651,465,1644547443203
42231844,touchend,0,0,1644547443331
42231845,touchdown,865,454,1644547444111
42231845,touchend,0,0,1644547444215
42231846,touchdown,593,384,1644547445037
42231846,touchend,0,0,1644547445141
42231847,touchdown,743,265,1644547445954
42231847,touchend,0,0,1644547446066
42231848,touchdown,473,238,1644547446797
42231848,touchend,0,0,1644547446917
42231849,touchdown,587,455,1644547447672
42231849,touchend,0,0,1644547447800
42231850,touchdown,729,443,1644547448523
42231850,touchend,0,0,1644547448701
42231851,touchdown,867,319,1644547449398
42231851,touchend,0,0,1644547449518
42231852,touchdown,855,177,1644547450206
42231852,touchend,0,0,1644547450360
42231853,touchmove,639,151,1644547451170
42231853,touchend,0,0,1644547451177
42231853,touchdown,639,149,1644547451066
42231854,touchdown,484,379,1644547451924
42231854,touchend,0,0,1644547452045
42231855,touchdown,618,518,1644547452757
42231855,touchend,0,0,1644547452912
42231856,touchdown,715,535,1644547453667
42231856,touchend,0,0,1644547453779
42231857,touchdown,840,527,1644547454534
42231857,touchend,0,0,1644547454646
42231858,touchdown,712,350,1644547455377
42231858,touchend,0,0,1644547455497
42231859,touchdown,823,174,1644547456235
42231859,touchend,0,0,1644547456330
42231860,touchdown,519,139,1644547457127
42231860,touchmove,519,142,1644547457256
42231860,touchend,0,0,1644547457264
42231861,touchdown,377,410,1644547458070
42231861,touchend,0,0,1644547458164
42231862,touchdown,620,519,1644547458945
42231862,touchend,0,0,1644547459074
42231863,touchdown,548,356,1644547459879
42231863,touchend,0,0,1644547460032
42231864,touchdown,596,217,1644547460804
42231864,touchend,0,0,1644547460983
42231865,touchdown,765,202,1644547461721
42231865,touchend,0,0,1644547461850
42231866,touchdown,846,212,1644547462547
42231866,touchend,0,0,1644547462701
42231867,touchdown,601,191,1644547463397
42231867,touchend,0,0,1644547463534
42231868,touchdown,401,186,1644547464164
42231868,touchend,0,0,1644547464318
42231869,touchdown,429,383,1644547464999
42231869,touchend,0,0,1644547465194
42231870,touchdown,601,503,1644547465890
42231870,touchend,0,0,1644547466095
42231871,touchdown,822,542,1644547466782
42231871,touchend,0,0,1644547466903
42231872,touchdown,508,415,1644547467633
42231872,touchend,0,0,1644547467737
42231873,touchdown,612,302,1644547468492
42231873,touchend,0,0,1644547468620
42231874,touchdown,803,202,1644547469351
42231874,touchend,0,0,1644547469505
42231875,touchdown,542,170,1644547470152
42231875,touchend,0,0,1644547470314
42231876,touchdown,390,320,1644547471144
42231876,touchend,0,0,1644547471272
42231877,touchdown,450,521,1644547471994
42231877,touchend,0,0,1644547472148
42231878,touchdown,705,510,1644547472895
42231878,touchend,0,0,1644547473090
42231879,touchdown,535,338,1644547473870
42231879,touchend,0,0,1644547474065
42231880,touchdown,498,263,1644547474871
42231880,touchend,0,0,1644547475008
42231881,touchdown,649,482,1644547475854
42231881,touchend,0,0,1644547475983
42231882,touchdown,459,492,1644547476764
42231882,touchend,0,0,1644547476901
42231883,touchdown,543,371,1644547477698
42231883,touchend,0,0,1644547477826
42231884,touchdown,768,336,1644547478588
42231884,touchend,0,0,1644547478743
42231885,touchdown,804,184,1644547479390
42231885,touchend,0,0,1644547479519
42231886,touchdown,590,111,1644547480157
42231886,touchend,0,0,1644547480294
42231887,touchdown,381,139,1644547480940
42231887,touchend,0,0,1644547481052
42231888,touchdown,392,332,1644547481666
42231888,touchend,0,0,1644547481769
42231889,touchdown,495,462,1644547482359
42231889,touchend,0,0,1644547482462
42231890,touchdown,715,502,1644547483092
42231890,touchend,0,0,1644547483212
42231891,touchdown,856,502,1644547483843
42231891,touchmove,853,497,1644547483979
42231891,touchmove,850,496,1644547483988
42231891,touchmove,847,495,1644547483997
42231891,touchmove,845,493,1644547484005
42231891,touchend,0,0,1644547484013
42231892,touchdown,855,260,1644547484693
42231892,touchend,0,0,1644547484897
42231893,touchdown,855,114,1644547485560
42231893,touchend,0,0,1644547485681
42231894,touchdown,644,126,1644547486219
42231894,touchend,0,0,1644547486381
42231895,touchdown,497,238,1644547487103
42231895,touchend,0,0,1644547487239
42231896,touchdown,429,423,1644547487853
42231896,touchend,0,0,1644547487956
42231897,touchdown,534,504,1644547488537
42231897,touchend,0,0,1644547488607
42231898,touchdown,686,520,1644547489270
42231898,touchend,0,0,1644547489358
42231899,touchdown,737,265,1644547490079
42231899,touchmove,739,268,1644547490234
42231899,touchmove,738,267,1644547490224
42231899,touchmove,741,270,1644547490242
42231899,touchmove,743,271,1644547490250
42231899,touchend,0,0,1644547490258
42231900,touchdown,455,359,1644547490928
42231900,touchend,0,0,1644547491075
42231901,touchdown,345,516,1644547491805
42231901,touchend,0,0,1644547491926
42231902,touchdown,549,521,1644547492623
42231902,touchend,0,0,1644547492743
42231903,touchdown,729,507,1644547493373
42231903,touchend,0,0,1644547493501
42231904,touchdown,857,507,1644547494123
42231904,touchend,0,0,1644547494218
42231905,touchdown,828,255,1644547494957
42231905,touchend,0,0,1644547495077
42231906,touchdown,819,148,1644547495808
42231906,touchend,0,0,1644547495927
42231907,touchdown,462,268,1644547496641
42231907,touchend,0,0,1644547496745
42231908,touchdown,443,530,1644547497651
42231908,touchmove,439,530,1644547497745
42231908,touchmove,435,531,1644547497754
42231908,touchmove,432,532,1644547497763
42231908,touchend,0,0,1644547497771
42231909,touchdown,671,507,1644547498342
42231909,touchend,0,0,1644547498404
42231910,touchdown,835,509,1644547499101
42231910,touchend,0,0,1644547499196
42231911,touchdown,595,420,1644547499843
42231911,touchend,0,0,1644547499930
