42259245,touchdown,424,93,1645055705029
42259245,touchmove,430,89,1645055705065
42259245,touchmove,433,89,1645055705078
42259245,touchmove,437,88,1645055705086
42259245,touchmove,443,88,1645055705095
42259245,touchmove,450,88,1645055705103
42259245,touchmove,459,88,1645055705111
42259245,touchmove,468,88,1645055705120
42259245,touchmove,478,88,1645055705128
42259245,touchmove,488,88,1645055705136
42259245,touchmove,500,88,1645055705145
42259245,touchmove,511,88,1645055705153
42259245,touchmove,523,87,1645055705161
42259245,touchmove,535,87,1645055705170
42259245,touchmove,547,86,1645055705178
42259245,touchmove,559,86,1645055705186
42259245,touchmove,572,86,1645055705195
42259245,touchmove,583,85,1645055705203
42259245,touchmove,595,85,1645055705211
42259245,touchmove,606,85,1645055705220
42259245,touchmove,617,85,1645055705228
42259245,touchmove,628,85,1645055705237
42259245,touchmove,638,85,1645055705245
42259245,touchmove,647,85,1645055705253
42259245,touchmove,655,85,1645055705261
42259245,touchmove,662,85,1645055705270
42259245,touchmove,667,85,1645055705278
42259245,touchmove,672,85,1645055705287
42259245,touchmove,676,85,1645055705295
42259245,touchmove,678,85,1645055705303
42259245,touchmove,680,85,1645055705312
42259245,touchmove,682,85,1645055705320
42259245,touchmove,682,86,1645055705328
42259245,touchend,0,0,1645055705331
42259246,touchdown,437,129,1645055705671
42259246,touchmove,441,123,1645055705715
42259246,touchmove,445,122,1645055705728
42259246,touchmove,449,122,1645055705737
42259246,touchmove,455,121,1645055705745
42259246,touchmove,462,121,1645055705753
42259246,touchmove,469,121,1645055705762
42259246,touchmove,478,121,1645055705770
42259246,touchmove,487,121,1645055705778
42259246,touchmove,497,120,1645055705787
42259246,touchmove,507,120,1645055705795
42259246,touchmove,516,120,1645055705803
42259246,touchmove,527,120,1645055705812
42259246,touchmove,536,119,1645055705820
42259246,touchmove,547,119,1645055705829
42259246,touchmove,557,119,1645055705837
42259246,touchmove,568,119,1645055705845
42259246,touchmove,578,119,1645055705853
42259246,touchmove,599,120,1645055705870
42259246,touchmove,589,119,1645055705862
42259246,touchmove,609,120,1645055705878
42259246,touchmove,618,121,1645055705887
42259246,touchmove,626,121,1645055705895
42259246,touchmove,633,121,1645055705904
42259246,touchmove,640,121,1645055705912
42259246,touchmove,645,121,1645055705920
42259246,touchmove,649,121,1645055705929
42259246,touchmove,653,121,1645055705937
42259246,touchmove,655,121,1645055705945
42259246,touchmove,657,120,1645055705953
42259246,touchmove,658,120,1645055705962
42259246,touchmove,659,119,1645055705978
42259246,touchmove,659,118,1645055705987
42259246,touchmove,658,118,1645055706004
42259246,touchend,0,0,1645055706007
42259247,touchdown,440,174,1645055706387
42259247,touchmove,445,171,1645055706449
42259247,touchmove,448,171,1645055706462
42259247,touchmove,452,171,1645055706470
42259247,touchmove,457,171,1645055706479
42259247,touchmove,463,172,1645055706487
42259247,touchmove,469,172,1645055706495
42259247,touchmove,477,172,1645055706504
42259247,touchmove,485,172,1645055706512
42259247,touchmove,493,172,1645055706521
42259247,touchmove,503,172,1645055706529
42259247,touchmove,512,172,1645055706537
42259247,touchmove,522,172,1645055706546
42259247,touchmove,533,172,1645055706554
42259247,touchmove,542,172,1645055706562
42259247,touchmove,553,172,1645055706571
42259247,touchmove,564,172,1645055706579
42259247,touchmove,585,171,1645055706596
42259247,touchmove,574,171,1645055706587
42259247,touchmove,596,171,1645055706604
42259247,touchmove,606,171,1645055706612
42259247,touchmove,616,171,1645055706621
42259247,touchmove,625,171,1645055706629
42259247,touchmove,632,171,1645055706637
42259247,touchmove,638,171,1645055706646
42259247,touchmove,643,171,1645055706654
42259247,touchmove,646,171,1645055706662
42259247,touchmove,649,171,1645055706671
42259247,touchmove,650,171,1645055706679
42259247,touchmove,652,171,1645055706687
42259247,touchmove,652,170,1645055706746
42259247,touchend,0,0,1645055706766
42259248,touchdown,443,227,1645055707321
42259248,touchmove,447,225,1645055707358
42259248,touchmove,450,225,1645055707371
42259248,touchmove,455,225,1645055707379
42259248,touchmove,460,225,1645055707388
42259248,touchmove,467,225,1645055707396
42259248,touchmove,476,225,1645055707404
42259248,touchmove,486,225,1645055707413
42259248,touchmove,495,225,1645055707421
42259248,touchmove,505,225,1645055707429
42259248,touchmove,516,225,1645055707438
42259248,touchmove,526,225,1645055707446
42259248,touchmove,538,225,1645055707454
42259248,touchmove,548,225,1645055707463
42259248,touchmove,559,224,1645055707471
42259248,touchmove,569,224,1645055707479
42259248,touchmove,579,224,1645055707488
42259248,touchmove,589,224,1645055707496
42259248,touchmove,598,224,1645055707504
42259248,touchmove,607,224,1645055707513
42259248,touchmove,615,224,1645055707521
42259248,touchmove,624,224,1645055707529
42259248,touchmove,632,224,1645055707538
42259248,touchmove,638,224,1645055707546
42259248,touchmove,645,224,1645055707554
42259248,touchmove,651,224,1645055707563
42259248,touchmove,655,224,1645055707571
42259248,touchmove,659,224,1645055707579
42259248,touchmove,662,224,1645055707588
42259248,touchmove,664,224,1645055707596
42259248,touchmove,665,224,1645055707604
42259248,touchmove,666,224,1645055707621
42259248,touchmove,666,223,1645055707655
42259248,touchmove,664,223,1645055707663
42259248,touchend,0,0,1645055707667
42259249,touchdown,443,270,1645055708147
42259249,touchmove,446,270,1645055708222
42259249,touchmove,449,270,1645055708230
42259249,touchmove,454,270,1645055708238
42259249,touchmove,460,270,1645055708247
42259249,touchmove,467,270,1645055708255
42259249,touchmove,476,270,1645055708263
42259249,touchmove,484,270,1645055708271
42259249,touchmove,503,270,1645055708288
42259249,touchmove,495,270,1645055708280
42259249,touchmove,512,270,1645055708297
42259249,touchmove,523,270,1645055708305
42259249,touchmove,531,270,1645055708313
42259249,touchmove,542,270,1645055708322
42259249,touchmove,553,270,1645055708330
42259249,touchmove,563,270,1645055708338
42259249,touchmove,574,270,1645055708347
42259249,touchmove,586,270,1645055708355
42259249,touchmove,596,270,1645055708363
42259249,touchmove,607,270,1645055708371
42259249,touchmove,616,270,1645055708380
42259249,touchmove,624,270,1645055708388
42259249,touchmove,633,270,1645055708396
42259249,touchmove,640,270,1645055708405
42259249,touchmove,647,270,1645055708413
42259249,touchmove,652,270,1645055708422
42259249,touchmove,657,270,1645055708430
42259249,touchmove,661,270,1645055708438
42259249,touchmove,665,270,1645055708447
42259249,touchmove,667,270,1645055708455
42259249,touchmove,668,270,1645055708463
42259249,touchmove,669,270,1645055708472
42259249,touchmove,669,269,1645055708522
42259249,touchmove,668,269,1645055708547
42259249,touchmove,667,268,1645055708555
42259249,touchmove,665,268,1645055708563
42259249,touchend,0,0,1645055708567
42259250,touchdown,437,322,1645055709039
42259250,touchmove,441,320,1645055709092
42259250,touchmove,443,320,1645055709105
42259250,touchmove,446,320,1645055709114
42259250,touchmove,450,320,1645055709122
42259250,touchmove,454,320,1645055709130
42259250,touchmove,459,320,1645055709139
42259250,touchmove,465,320,1645055709147
42259250,touchmove,471,320,1645055709155
42259250,touchmove,479,320,1645055709164
42259250,touchmove,487,319,1645055709172
42259250,touchmove,495,318,1645055709180
42259250,touchmove,504,318,1645055709189
42259250,touchmove,512,317,1645055709197
42259250,touchmove,522,316,1645055709205
42259250,touchmove,532,315,1645055709214
42259250,touchmove,542,314,1645055709222
42259250,touchmove,552,313,1645055709230
42259250,touchmove,563,313,1645055709239
42259250,touchmove,573,312,1645055709247
42259250,touchmove,584,312,1645055709255
42259250,touchmove,594,311,1645055709264
42259250,touchmove,604,311,1645055709272
42259250,touchmove,614,310,1645055709280
42259250,touchmove,624,310,1645055709289
42259250,touchmove,633,310,1645055709297
42259250,touchmove,642,310,1645055709305
42259250,touchmove,651,310,1645055709314
42259250,touchmove,658,310,1645055709322
42259250,touchmove,665,310,1645055709330
42259250,touchmove,672,310,1645055709339
42259250,touchmove,677,310,1645055709347
42259250,touchmove,682,310,1645055709355
42259250,touchmove,687,310,1645055709364
42259250,touchmove,690,310,1645055709372
42259250,touchmove,693,310,1645055709380
42259250,touchmove,695,309,1645055709389
42259250,touchmove,696,309,1645055709405
42259250,touchmove,695,308,1645055709451
42259250,touchmove,693,308,1645055709464
42259250,touchmove,691,308,1645055709472
42259250,touchmove,689,308,1645055709480
42259250,touchmove,687,308,1645055709489
42259250,touchend,0,0,1645055709493
42259251,touchdown,429,362,1645055709965
42259251,touchmove,430,360,1645055710009
42259251,touchmove,433,360,1645055710023
42259251,touchmove,437,360,1645055710031
42259251,touchmove,443,360,1645055710039
42259251,touchmove,449,360,1645055710047
42259251,touchmove,456,360,1645055710056
42259251,touchmove,464,360,1645055710065
42259251,touchmove,473,360,1645055710072
42259251,touchmove,483,359,1645055710081
42259251,touchmove,492,359,1645055710089
42259251,touchmove,503,358,1645055710098
42259251,touchmove,513,358,1645055710106
42259251,touchmove,523,357,1645055710114
42259251,touchmove,534,357,1645055710123
42259251,touchmove,545,357,1645055710131
42259251,touchmove,557,357,1645055710139
42259251,touchmove,569,357,1645055710147
42259251,touchmove,580,357,1645055710156
42259251,touchmove,591,357,1645055710164
42259251,touchmove,603,357,1645055710173
42259251,touchmove,614,357,1645055710181
42259251,touchmove,624,357,1645055710189
42259251,touchmove,635,357,1645055710197
42259251,touchmove,645,357,1645055710206
42259251,touchmove,654,357,1645055710214
42259251,touchmove,663,357,1645055710223
42259251,touchmove,671,357,1645055710231
42259251,touchmove,679,357,1645055710239
42259251,touchmove,685,357,1645055710247
42259251,touchmove,691,357,1645055710256
42259251,touchmove,695,357,1645055710264
42259251,touchmove,698,357,1645055710273
42259251,touchmove,701,357,1645055710281
42259251,touchmove,703,357,1645055710289
42259251,touchmove,704,357,1645055710298
42259251,touchmove,705,356,1645055710306
42259251,touchmove,705,355,1645055710331
42259251,touchmove,704,354,1645055710364
42259251,touchmove,701,354,1645055710373
42259251,touchmove,699,354,1645055710381
42259251,touchmove,696,353,1645055710389
42259251,touchend,0,0,1645055710393
42259252,touchdown,447,394,1645055710773
42259252,touchmove,450,395,1645055710843
42259252,touchmove,451,395,1645055710856
42259252,touchmove,454,395,1645055710865
42259252,touchmove,457,395,1645055710873
42259252,touchmove,460,395,1645055710881
42259252,touchmove,465,395,1645055710890
42259252,touchmove,470,395,1645055710898
42259252,touchmove,476,394,1645055710906
42259252,touchmove,483,394,1645055710915
42259252,touchmove,490,393,1645055710923
42259252,touchmove,498,393,1645055710931
42259252,touchmove,506,392,1645055710940
42259252,touchmove,514,392,1645055710948
42259252,touchmove,523,392,1645055710956
42259252,touchmove,533,392,1645055710965
42259252,touchmove,542,391,1645055710973
42259252,touchmove,553,391,1645055710981
42259252,touchmove,565,390,1645055710990
42259252,touchmove,576,390,1645055710998
42259252,touchmove,588,390,1645055711006
42259252,touchmove,600,390,1645055711015
42259252,touchmove,610,389,1645055711023
42259252,touchmove,620,389,1645055711031
42259252,touchmove,632,389,1645055711040
42259252,touchmove,641,389,1645055711048
42259252,touchmove,651,389,1645055711056
42259252,touchmove,660,389,1645055711065
42259252,touchmove,668,389,1645055711073
42259252,touchmove,682,389,1645055711090
42259252,touchmove,688,389,1645055711098
42259252,touchmove,676,389,1645055711081
42259252,touchmove,693,389,1645055711106
42259252,touchmove,697,389,1645055711115
42259252,touchmove,700,389,1645055711123
42259252,touchmove,702,389,1645055711132
42259252,touchmove,703,388,1645055711140
42259252,touchmove,704,388,1645055711148
42259252,touchmove,703,387,1645055711207
42259252,touchmove,704,387,1645055711198
42259252,touchmove,700,387,1645055711215
42259252,touchmove,697,387,1645055711223
42259252,touchmove,694,387,1645055711232
42259252,touchend,0,0,1645055711235
42259253,touchdown,425,438,1645055711691
42259253,touchmove,425,440,1645055711752
42259253,touchmove,427,440,1645055711765
42259253,touchmove,431,440,1645055711773
42259253,touchmove,435,441,1645055711782
42259253,touchmove,440,442,1645055711790
42259253,touchmove,446,442,1645055711798
42259253,touchmove,453,443,1645055711807
42259253,touchmove,460,443,1645055711815
42259253,touchmove,468,443,1645055711823
42259253,touchmove,476,443,1645055711832
42259253,touchmove,484,443,1645055711840
42259253,touchmove,494,443,1645055711849
42259253,touchmove,503,443,1645055711857
42259253,touchmove,513,443,1645055711865
42259253,touchmove,523,443,1645055711873
42259253,touchmove,534,443,1645055711882
42259253,touchmove,545,443,1645055711890
42259253,touchmove,557,443,1645055711899
42259253,touchmove,569,443,1645055711907
42259253,touchmove,581,443,1645055711915
42259253,touchmove,594,443,1645055711924
42259253,touchmove,617,444,1645055711940
42259253,touchmove,605,444,1645055711932
42259253,touchmove,628,445,1645055711949
42259253,touchmove,638,445,1645055711957
42259253,touchmove,648,446,1645055711965
42259253,touchmove,658,447,1645055711973
42259253,touchmove,666,448,1645055711982
42259253,touchmove,675,448,1645055711990
42259253,touchmove,684,449,1645055711999
42259253,touchmove,691,449,1645055712007
42259253,touchmove,698,450,1645055712015
42259253,touchmove,705,450,1645055712024
42259253,touchmove,710,451,1645055712032
42259253,touchmove,713,451,1645055712040
42259253,touchmove,716,451,1645055712049
42259253,touchmove,718,452,1645055712057
42259253,touchmove,719,452,1645055712065
42259253,touchmove,719,453,1645055712074
42259253,touchmove,717,453,1645055712118
42259253,touchmove,715,453,1645055712132
42259253,touchmove,712,453,1645055712140
42259253,touchend,0,0,1645055712160
42259253,touchmove,703,453,1645055712157
42259253,touchmove,708,453,1645055712149
42259254,touchdown,427,491,1645055712525
42259254,touchmove,430,489,1645055712561
42259254,touchmove,433,489,1645055712574
42259254,touchmove,437,489,1645055712582
42259254,touchmove,442,489,1645055712591
42259254,touchmove,447,490,1645055712599
42259254,touchmove,454,490,1645055712607
42259254,touchmove,462,491,1645055712616
42259254,touchmove,471,491,1645055712624
42259254,touchmove,481,491,1645055712632
42259254,touchmove,502,491,1645055712649
42259254,touchmove,491,491,1645055712640
42259254,touchmove,514,491,1645055712657
42259254,touchmove,526,491,1645055712666
42259254,touchmove,538,491,1645055712674
42259254,touchmove,550,492,1645055712682
42259254,touchmove,563,493,1645055712691
42259254,touchmove,576,494,1645055712699
42259254,touchmove,589,495,1645055712707
42259254,touchmove,604,496,1645055712716
42259254,touchmove,617,497,1645055712724
42259254,touchmove,631,499,1645055712732
42259254,touchmove,645,500,1645055712741
42259254,touchmove,657,502,1645055712749
42259254,touchmove,668,503,1645055712757
42259254,touchmove,681,505,1645055712766
42259254,touchmove,691,506,1645055712774
42259254,touchmove,700,507,1645055712782
42259254,touchmove,710,507,1645055712791
42259254,touchmove,718,509,1645055712799
42259254,touchmove,725,509,1645055712807
42259254,touchmove,732,510,1645055712816
42259254,touchmove,737,510,1645055712824
42259254,touchmove,741,510,1645055712832
42259254,touchmove,744,510,1645055712841
42259254,touchmove,746,511,1645055712849
42259254,touchmove,747,511,1645055712866
42259254,touchmove,747,510,1645055712910
42259254,touchmove,746,509,1645055712924
42259254,touchmove,744,509,1645055712933
42259254,touchmove,742,507,1645055712941
42259254,touchend,0,0,1645055712944
42259255,touchdown,330,142,1645055714058
42259255,touchmove,327,146,1645055714103
42259255,touchmove,327,148,1645055714116
42259255,touchmove,327,151,1645055714125
42259255,touchmove,327,154,1645055714133
42259255,touchmove,326,159,1645055714141
42259255,touchmove,326,163,1645055714150
42259255,touchmove,326,168,1645055714158
42259255,touchmove,326,173,1645055714166
42259255,touchmove,326,178,1645055714175
42259255,touchmove,326,190,1645055714191
42259255,touchmove,326,184,1645055714183
42259255,touchmove,326,196,1645055714200
42259255,touchmove,326,203,1645055714208
42259255,touchmove,324,211,1645055714216
42259255,touchmove,323,219,1645055714225
42259255,touchmove,322,227,1645055714233
42259255,touchmove,321,236,1645055714242
42259255,touchmove,320,244,1645055714250
42259255,touchmove,319,253,1645055714258
42259255,touchmove,319,263,1645055714267
42259255,touchmove,318,272,1645055714275
42259255,touchmove,317,282,1645055714283
42259255,touchmove,316,292,1645055714292
42259255,touchmove,315,302,1645055714300
42259255,touchmove,312,321,1645055714317
42259255,touchmove,312,329,1645055714325
42259255,touchmove,314,311,1645055714308
42259255,touchmove,312,338,1645055714333
42259255,touchmove,311,346,1645055714341
42259255,touchmove,311,360,1645055714358
42259255,touchmove,311,353,1645055714350
42259255,touchmove,311,374,1645055714375
42259255,touchmove,311,368,1645055714367
42259255,touchmove,311,380,1645055714383
42259255,touchmove,311,387,1645055714392
42259255,touchmove,311,396,1645055714408
42259255,touchmove,311,401,1645055714417
42259255,touchmove,311,404,1645055714425
42259255,touchmove,311,392,1645055714400
42259255,touchmove,311,407,1645055714433
42259255,touchmove,312,409,1645055714442
42259255,touchmove,312,410,1645055714450
42259256,touchdown,374,136,1645055715001
42259255,touchend,0,0,1645055714479
42259255,touchmove,312,411,1645055714458
42259255,touchmove,313,411,1645055714475
42259256,touchmove,372,140,1645055715045
42259256,touchmove,372,144,1645055715059
42259256,touchmove,372,153,1645055715075
42259256,touchmove,372,148,1645055715067
42259256,touchmove,372,159,1645055715084
42259256,touchmove,372,165,1645055715092
42259256,touchmove,372,171,1645055715100
42259256,touchmove,372,178,1645055715108
42259256,touchmove,372,185,1645055715117
42259256,touchmove,372,192,1645055715125
42259256,touchmove,372,200,1645055715134
42259256,touchmove,371,208,1645055715142
42259256,touchmove,371,216,1645055715150
42259256,touchmove,369,226,1645055715159
42259256,touchmove,369,235,1645055715167
42259256,touchmove,366,255,1645055715184
42259256,touchmove,367,245,1645055715175
42259256,touchmove,365,264,1645055715192
42259256,touchmove,365,274,1645055715200
42259256,touchmove,364,284,1645055715209
42259256,touchmove,364,294,1645055715217
42259256,touchmove,364,303,1645055715225
42259256,touchmove,364,312,1645055715234
42259256,touchmove,364,320,1645055715242
42259256,touchmove,364,328,1645055715250
42259256,touchmove,364,336,1645055715259
42259256,touchmove,364,344,1645055715267
42259256,touchmove,364,352,1645055715275
42259256,touchmove,364,359,1645055715284
42259256,touchmove,365,366,1645055715292
42259256,touchmove,366,373,1645055715301
42259256,touchmove,368,385,1645055715317
42259256,touchmove,367,379,1645055715309
42259256,touchmove,369,389,1645055715325
42259256,touchmove,370,393,1645055715334
42259256,touchmove,370,397,1645055715342
42259256,touchmove,371,401,1645055715350
42259256,touchmove,371,403,1645055715359
42259256,touchmove,372,406,1645055715367
42259256,touchmove,372,408,1645055715375
42259256,touchmove,373,409,1645055715384
42259256,touchmove,373,410,1645055715392
42259256,touchmove,374,410,1645055715409
42259256,touchend,0,0,1645055715413
42259257,touchdown,452,130,1645055715826
42259257,touchmove,449,137,1645055715863
42259257,touchmove,449,140,1645055715876
42259257,touchmove,449,145,1645055715884
42259257,touchmove,449,151,1645055715892
42259257,touchmove,448,163,1645055715909
42259257,touchmove,448,157,1645055715901
42259257,touchmove,448,170,1645055715917
42259257,touchmove,448,176,1645055715926
42259257,touchmove,448,183,1645055715934
42259257,touchmove,448,190,1645055715942
42259257,touchmove,448,198,1645055715951
42259257,touchmove,447,205,1645055715959
42259257,touchmove,446,214,1645055715967
42259257,touchmove,445,223,1645055715976
42259257,touchmove,444,233,1645055715984
42259257,touchmove,443,242,1645055715992
42259257,touchmove,441,251,1645055716001
42259257,touchmove,441,261,1645055716009
42259257,touchmove,441,271,1645055716017
42259257,touchmove,441,280,1645055716026
42259257,touchmove,441,290,1645055716034
42259257,touchmove,441,300,1645055716043
42259257,touchmove,441,310,1645055716051
42259257,touchmove,441,320,1645055716059
42259257,touchmove,441,331,1645055716068
42259257,touchmove,441,341,1645055716076
42259257,touchmove,441,351,1645055716084
42259257,touchmove,441,361,1645055716092
42259257,touchmove,441,378,1645055716109
42259257,touchmove,441,385,1645055716118
42259257,touchmove,441,369,1645055716101
42259257,touchmove,441,392,1645055716126
42259257,touchmove,441,399,1645055716134
42259257,touchmove,441,406,1645055716143
42259257,touchmove,441,412,1645055716151
42259257,touchmove,441,418,1645055716159
42259257,touchmove,441,423,1645055716168
42259257,touchmove,442,426,1645055716176
42259257,touchmove,443,429,1645055716184
42259257,touchmove,443,432,1645055716193
42259257,touchmove,443,434,1645055716201
42259257,touchmove,443,435,1645055716218
42259257,touchend,0,0,1645055716238
42259258,touchmove,544,147,1645055716679
42259258,touchmove,544,155,1645055716701
42259258,touchdown,545,142,1645055716652
42259258,touchmove,544,150,1645055716693
42259258,touchmove,544,161,1645055716710
42259258,touchmove,544,167,1645055716718
42259258,touchmove,543,174,1645055716726
42259258,touchmove,543,181,1645055716735
42259258,touchmove,543,187,1645055716743
42259258,touchmove,543,202,1645055716760
42259258,touchmove,543,194,1645055716751
42259258,touchmove,543,210,1645055716768
42259258,touchmove,542,218,1645055716776
42259258,touchmove,542,227,1645055716785
42259258,touchmove,541,236,1645055716793
42259258,touchmove,540,244,1645055716801
42259258,touchmove,540,254,1645055716810
42259258,touchmove,539,264,1645055716818
42259258,touchmove,539,273,1645055716826
42259258,touchmove,538,284,1645055716834
42259258,touchmove,538,293,1645055716843
42259258,touchmove,536,303,1645055716851
42259258,touchmove,536,313,1645055716860
42259258,touchmove,534,323,1645055716868
42259258,touchmove,533,332,1645055716876
42259258,touchmove,533,343,1645055716885
42259258,touchmove,531,352,1645055716893
42259258,touchmove,530,362,1645055716901
42259258,touchmove,530,372,1645055716910
42259258,touchmove,529,380,1645055716918
42259258,touchmove,528,388,1645055716926
42259258,touchmove,528,397,1645055716935
42259258,touchmove,527,404,1645055716943
42259258,touchmove,526,411,1645055716951
42259258,touchmove,526,417,1645055716960
42259258,touchmove,526,422,1645055716968
42259258,touchmove,526,426,1645055716976
42259258,touchmove,526,431,1645055716985
42259258,touchmove,526,434,1645055716993
42259258,touchmove,526,437,1645055717001
42259258,touchmove,526,440,1645055717010
42259258,touchmove,526,442,1645055717018
42259258,touchmove,526,443,1645055717026
42259258,touchmove,526,444,1645055717035
42259258,touchmove,526,442,1645055717063
42259258,touchmove,526,440,1645055717076
42259258,touchend,0,0,1645055717080
42259259,touchdown,597,142,1645055717477
42259259,touchmove,598,147,1645055717514
42259259,touchmove,598,149,1645055717527
42259259,touchmove,599,153,1645055717535
42259259,touchmove,600,158,1645055717543
42259259,touchmove,602,163,1645055717552
42259259,touchmove,603,170,1645055717560
42259259,touchmove,604,178,1645055717568
42259259,touchmove,604,185,1645055717577
42259259,touchmove,604,194,1645055717585
42259259,touchmove,604,203,1645055717593
42259259,touchmove,604,212,1645055717601
42259259,touchmove,604,232,1645055717618
42259259,touchmove,604,222,1645055717610
42259259,touchmove,604,242,1645055717626
42259259,touchmove,604,252,1645055717635
42259259,touchmove,603,264,1645055717643
42259259,touchmove,603,275,1645055717651
42259259,touchmove,602,286,1645055717660
42259259,touchmove,601,308,1645055717677
42259259,touchmove,602,298,1645055717668
42259259,touchmove,601,319,1645055717685
42259259,touchmove,601,331,1645055717693
42259259,touchmove,600,341,1645055717702
42259259,touchmove,600,351,1645055717710
42259259,touchmove,600,362,1645055717718
42259259,touchmove,600,371,1645055717727
42259259,touchmove,600,380,1645055717735
42259259,touchmove,600,389,1645055717743
42259259,touchmove,600,397,1645055717752
42259259,touchmove,600,405,1645055717760
42259259,touchmove,600,412,1645055717768
42259259,touchmove,600,418,1645055717777
42259259,touchmove,600,423,1645055717785
42259259,touchmove,600,429,1645055717793
42259259,touchmove,600,433,1645055717802
42259259,touchmove,600,436,1645055717810
42259259,touchmove,600,439,1645055717818
42259259,touchmove,600,441,1645055717827
42259259,touchmove,600,442,1645055717835
42259259,touchmove,600,443,1645055717843
42259259,touchmove,601,443,1645055717860
42259259,touchmove,602,441,1645055717885
42259259,touchmove,604,438,1645055717893
42259259,touchend,0,0,1645055717897
42259260,touchdown,695,139,1645055718268
42259260,touchmove,695,147,1645055718306
42259260,touchmove,695,151,1645055718319
42259260,touchmove,695,156,1645055718327
42259260,touchmove,695,163,1645055718335
42259260,touchmove,695,171,1645055718344
42259260,touchmove,695,179,1645055718352
42259260,touchmove,695,188,1645055718360
42259260,touchmove,695,196,1645055718369
42259260,touchmove,694,205,1645055718377
42259260,touchmove,693,215,1645055718385
42259260,touchmove,692,225,1645055718394
42259260,touchmove,690,236,1645055718402
42259260,touchmove,688,247,1645055718410
42259260,touchmove,687,257,1645055718419
42259260,touchmove,685,269,1645055718427
42259260,touchmove,684,281,1645055718435
42259260,touchmove,683,292,1645055718444
42259260,touchmove,682,304,1645055718452
42259260,touchmove,682,315,1645055718461
42259260,touchmove,682,327,1645055718469
42259260,touchmove,681,338,1645055718477
42259260,touchmove,681,351,1645055718486
42259260,touchmove,681,363,1645055718494
42259260,touchmove,680,374,1645055718502
42259260,touchmove,679,386,1645055718511
42259260,touchmove,679,397,1645055718519
42259260,touchmove,678,417,1645055718536
42259260,touchmove,678,407,1645055718527
42259260,touchmove,678,425,1645055718544
42259260,touchmove,678,432,1645055718552
42259260,touchmove,678,440,1645055718561
42259260,touchmove,678,446,1645055718569
42259260,touchmove,678,451,1645055718577
42259260,touchmove,678,456,1645055718586
42259260,touchmove,679,461,1645055718594
42259260,touchmove,679,464,1645055718602
42259260,touchmove,679,467,1645055718611
42259260,touchmove,679,469,1645055718619
42259260,touchmove,680,470,1645055718627
42259260,touchmove,681,467,1645055718661
42259260,touchmove,681,465,1645055718669
42259260,touchend,0,0,1645055718673
42259261,touchdown,760,121,1645055719020
42259261,touchmove,764,123,1645055719056
42259261,touchmove,764,127,1645055719069
42259261,touchmove,764,132,1645055719077
42259261,touchmove,764,137,1645055719086
42259261,touchmove,765,143,1645055719094
42259261,touchmove,765,149,1645055719103
42259261,touchmove,766,156,1645055719111
42259261,touchmove,766,163,1645055719119
42259261,touchmove,766,171,1645055719127
42259261,touchmove,766,178,1645055719136
42259261,touchmove,766,186,1645055719144
42259261,touchmove,766,196,1645055719153
42259261,touchmove,765,205,1645055719161
42259261,touchmove,764,215,1645055719169
42259261,touchmove,762,226,1645055719177
42259261,touchmove,761,236,1645055719186
42259261,touchmove,759,247,1645055719194
42259261,touchmove,757,259,1645055719203
42259261,touchmove,756,270,1645055719211
42259261,touchmove,755,282,1645055719219
42259261,touchmove,755,294,1645055719228
42259261,touchmove,755,305,1645055719237
42259261,touchmove,755,316,1645055719244
42259261,touchmove,754,328,1645055719253
42259261,touchmove,754,340,1645055719261
42259261,touchmove,754,351,1645055719269
42259261,touchmove,753,363,1645055719278
42259261,touchmove,752,374,1645055719286
42259261,touchmove,752,384,1645055719294
42259261,touchmove,751,393,1645055719303
42259261,touchmove,750,411,1645055719319
42259261,touchmove,751,402,1645055719311
42259261,touchmove,749,426,1645055719336
42259261,touchmove,750,419,1645055719328
42259261,touchmove,748,438,1645055719353
42259261,touchmove,748,432,1645055719345
42259261,touchmove,748,443,1645055719361
42259261,touchmove,748,448,1645055719369
42259261,touchmove,748,451,1645055719378
42259261,touchmove,748,455,1645055719386
42259261,touchmove,748,458,1645055719394
42259261,touchmove,748,460,1645055719403
42259261,touchmove,748,463,1645055719411
42259261,touchmove,748,464,1645055719420
42259261,touchmove,750,463,1645055719461
42259261,touchmove,750,461,1645055719469
42259261,touchend,0,0,1645055719473
42259262,touchdown,825,135,1645055719879
42259262,touchmove,828,139,1645055719915
42259262,touchmove,829,144,1645055719928
42259262,touchmove,830,150,1645055719936
42259262,touchmove,831,157,1645055719945
42259262,touchmove,831,165,1645055719953
42259262,touchmove,831,173,1645055719961
42259262,touchmove,832,181,1645055719970
42259262,touchmove,832,189,1645055719978
42259262,touchmove,832,198,1645055719986
42259262,touchmove,832,206,1645055719995
42259262,touchmove,832,215,1645055720003
42259262,touchmove,831,225,1645055720011
42259262,touchmove,829,235,1645055720020
42259262,touchmove,828,246,1645055720028
42259262,touchmove,827,257,1645055720036
42259262,touchmove,827,268,1645055720045
42259262,touchmove,826,280,1645055720053
42259262,touchmove,825,341,1645055720095
42259262,touchmove,825,305,1645055720070
42259262,touchmove,826,293,1645055720061
42259262,touchmove,825,317,1645055720078
42259262,touchmove,825,354,1645055720103
42259262,touchmove,825,366,1645055720112
42259262,touchmove,825,378,1645055720120
42259262,touchmove,825,388,1645055720128
42259262,touchmove,825,399,1645055720136
42259262,touchmove,825,409,1645055720145
42259262,touchmove,824,419,1645055720153
42259262,touchmove,823,429,1645055720161
42259262,touchmove,823,436,1645055720170
42259262,touchmove,823,444,1645055720178
42259262,touchmove,823,458,1645055720195
42259262,touchmove,823,463,1645055720203
42259262,touchmove,823,451,1645055720186
42259262,touchmove,823,467,1645055720212
42259262,touchmove,823,470,1645055720220
42259262,touchmove,823,472,1645055720228
42259262,touchmove,824,474,1645055720237
42259262,touchmove,826,474,1645055720253
42259262,touchend,0,0,1645055720265
42259263,touchdown,885,150,1645055720672
42259263,touchmove,883,158,1645055720690
42259263,touchmove,883,162,1645055720703
42259263,touchmove,883,166,1645055720712
42259263,touchmove,883,172,1645055720720
42259263,touchmove,882,179,1645055720728
42259263,touchmove,882,186,1645055720737
42259263,touchmove,881,195,1645055720745
42259263,touchmove,881,204,1645055720753
42259263,touchmove,880,213,1645055720762
42259263,touchmove,879,223,1645055720770
42259263,touchmove,878,234,1645055720778
42259263,touchmove,876,244,1645055720787
42259263,touchmove,874,255,1645055720795
42259263,touchmove,870,267,1645055720803
42259263,touchmove,868,278,1645055720812
42259263,touchmove,866,290,1645055720820
42259263,touchmove,864,303,1645055720828
42259263,touchmove,864,314,1645055720837
42259263,touchmove,864,326,1645055720845
42259263,touchmove,864,338,1645055720853
42259263,touchmove,864,350,1645055720862
42259263,touchmove,864,361,1645055720870
42259263,touchmove,864,373,1645055720878
42259263,touchmove,864,384,1645055720887
42259263,touchmove,864,394,1645055720895
42259263,touchmove,863,405,1645055720904
42259263,touchmove,863,415,1645055720912
42259263,touchmove,863,423,1645055720920
42259263,touchmove,863,432,1645055720929
42259263,touchmove,864,438,1645055720937
42259263,touchmove,865,444,1645055720945
42259263,touchmove,866,449,1645055720954
42259263,touchmove,867,453,1645055720962
42259263,touchmove,868,455,1645055720970
42259263,touchmove,869,458,1645055720979
42259263,touchmove,869,459,1645055720987
42259263,touchmove,869,460,1645055720995
42259263,touchend,0,0,1645055721007
42259264,touchdown,898,142,1645055721388
42259264,touchmove,898,147,1645055721415
42259264,touchmove,898,151,1645055721429
42259264,touchmove,898,156,1645055721437
42259264,touchmove,899,162,1645055721446
42259264,touchmove,901,169,1645055721454
42259264,touchmove,903,177,1645055721462
42259264,touchmove,906,186,1645055721470
42259264,touchmove,908,195,1645055721479
42259264,touchmove,910,205,1645055721487
42259264,touchmove,912,215,1645055721496
42259264,touchmove,913,226,1645055721504
42259264,touchmove,914,237,1645055721512
42259264,touchmove,914,248,1645055721521
42259264,touchmove,914,260,1645055721529
42259264,touchmove,913,272,1645055721537
42259264,touchmove,911,285,1645055721546
42259264,touchmove,908,298,1645055721554
42259264,touchmove,906,311,1645055721562
42259264,touchmove,904,324,1645055721570
42259264,touchmove,902,337,1645055721579
42259264,touchmove,901,351,1645055721587
42259264,touchmove,900,364,1645055721596
42259264,touchmove,900,378,1645055721604
42259264,touchmove,898,391,1645055721612
42259264,touchmove,898,403,1645055721621
42259264,touchmove,896,416,1645055721629
42259264,touchmove,895,428,1645055721637
42259264,touchmove,893,439,1645055721646
42259264,touchmove,892,449,1645055721654
42259264,touchmove,891,460,1645055721662
42259264,touchmove,889,470,1645055721671
42259264,touchmove,889,479,1645055721679
42259264,touchmove,889,488,1645055721687
42259264,touchmove,888,495,1645055721696
42259264,touchmove,888,502,1645055721704
42259264,touchmove,888,509,1645055721712
42259264,touchmove,888,514,1645055721721
42259264,touchmove,888,518,1645055721729
42259264,touchmove,888,523,1645055721737
42259264,touchmove,888,526,1645055721746
42259264,touchmove,888,530,1645055721754
42259264,touchend,0,0,1645055721758
42259265,touchdown,299,149,1645055723189
42259265,touchmove,300,148,1645055723283
42259265,touchmove,301,148,1645055723297
42259265,touchmove,303,146,1645055723305
42259265,touchmove,305,144,1645055723313
42259265,touchmove,309,142,1645055723322
42259265,touchmove,312,138,1645055723330
42259265,touchmove,317,135,1645055723338
42259265,touchmove,322,130,1645055723347
42259265,touchmove,327,126,1645055723355
42259265,touchmove,333,121,1645055723363
42259265,touchmove,340,117,1645055723372
42259265,touchmove,363,100,1645055723397
42259265,touchmove,347,111,1645055723380
42259265,touchmove,355,106,1645055723388
42259265,touchmove,371,93,1645055723405
42259265,touchmove,379,87,1645055723413
42259265,touchmove,388,82,1645055723422
42259265,touchmove,395,77,1645055723430
42259265,touchmove,403,72,1645055723438
42259265,touchmove,410,68,1645055723447
42259265,touchmove,416,64,1645055723455
42259265,touchmove,423,60,1645055723463
42259265,touchmove,430,57,1645055723472
42259265,touchmove,436,53,1645055723480
42259265,touchmove,443,50,1645055723488
42259265,touchmove,448,46,1645055723497
42259265,touchmove,452,44,1645055723505
42259265,touchmove,455,41,1645055723513
42259265,touchmove,458,40,1645055723522
42259265,touchmove,460,38,1645055723530
42259265,touchmove,461,37,1645055723538
42259265,touchmove,462,36,1645055723547
42259265,touchmove,462,36,1645055723601
42259265,touchmove,462,35,1645055723572
42259265,touchend,0,0,1645055723608
42259266,touchdown,301,261,1645055724080
42259266,touchmove,300,257,1645055724150
42259266,touchmove,300,255,1645055724164
42259266,touchmove,301,252,1645055724172
42259266,touchmove,304,248,1645055724180
42259266,touchmove,309,243,1645055724189
42259266,touchmove,315,237,1645055724197
42259266,touchmove,322,230,1645055724205
42259266,touchmove,329,224,1645055724214
42259266,touchmove,336,217,1645055724222
42259266,touchmove,344,210,1645055724230
42259266,touchmove,351,203,1645055724239
42259266,touchmove,359,196,1645055724247
42259266,touchmove,367,188,1645055724255
42259266,touchmove,377,180,1645055724264
42259266,touchmove,387,171,1645055724272
42259266,touchmove,398,162,1645055724280
42259266,touchmove,408,155,1645055724289
42259266,touchmove,417,148,1645055724297
42259266,touchmove,426,141,1645055724305
42259266,touchmove,434,135,1645055724314
42259266,touchmove,441,129,1645055724322
42259266,touchmove,448,123,1645055724330
42259266,touchmove,454,118,1645055724339
42259266,touchmove,461,113,1645055724347
42259266,touchmove,468,107,1645055724355
42259266,touchmove,474,103,1645055724364
42259266,touchmove,480,99,1645055724372
42259266,touchmove,485,95,1645055724381
42259266,touchmove,488,92,1645055724389
42259266,touchmove,491,89,1645055724397
42259266,touchmove,493,87,1645055724405
42259266,touchmove,495,86,1645055724414
42259266,touchmove,496,84,1645055724422
42259266,touchmove,497,83,1645055724431
42259266,touchmove,498,82,1645055724439
42259266,touchmove,499,81,1645055724455
42259266,touchmove,500,81,1645055724464
42259266,touchmove,501,81,1645055724480
42259266,touchmove,501,83,1645055724498
42259266,touchmove,501,86,1645055724506
42259266,touchmove,499,90,1645055724514
42259266,touchend,0,0,1645055724517
42259267,touchdown,311,326,1645055724798
42259267,touchmove,313,323,1645055724842
42259267,touchmove,316,320,1645055724856
42259267,touchmove,319,317,1645055724864
42259267,touchmove,324,313,1645055724872
42259267,touchmove,329,309,1645055724881
42259267,touchmove,335,305,1645055724889
42259267,touchmove,341,300,1645055724897
42259267,touchmove,347,296,1645055724906
42259267,touchmove,360,285,1645055724922
42259267,touchmove,353,290,1645055724914
42259267,touchmove,365,279,1645055724931
42259267,touchmove,372,273,1645055724939
42259267,touchmove,379,267,1645055724947
42259267,touchmove,386,260,1645055724956
42259267,touchmove,393,252,1645055724965
42259267,touchmove,402,244,1645055724972
42259267,touchmove,410,237,1645055724981
42259267,touchmove,419,228,1645055724989
42259267,touchmove,430,220,1645055724997
42259267,touchmove,441,211,1645055725006
42259267,touchmove,452,203,1645055725014
42259267,touchmove,464,194,1645055725023
42259267,touchmove,476,185,1645055725031
42259267,touchmove,488,176,1645055725039
42259267,touchmove,500,168,1645055725048
42259267,touchmove,511,161,1645055725056
42259267,touchmove,524,154,1645055725064
42259267,touchmove,534,148,1645055725073
42259267,touchmove,545,141,1645055725081
42259267,touchmove,555,135,1645055725089
42259267,touchmove,564,129,1645055725098
42259267,touchmove,572,124,1645055725106
42259267,touchmove,579,120,1645055725114
42259267,touchmove,586,116,1645055725123
42259267,touchmove,591,112,1645055725131
42259267,touchmove,596,110,1645055725139
42259267,touchmove,600,107,1645055725148
42259267,touchmove,603,106,1645055725156
42259267,touchmove,605,104,1645055725164
42259267,touchmove,606,104,1645055725173
42259267,touchmove,606,103,1645055725189
42259267,touchmove,606,104,1645055725226
42259267,touchmove,604,106,1645055725239
42259267,touchmove,601,108,1645055725248
42259267,touchmove,598,111,1645055725256
42259267,touchmove,595,115,1645055725264
42259267,touchend,0,0,1645055725268
42259268,touchdown,356,379,1645055725555
42259268,touchmove,357,379,1645055725618
42259268,touchmove,361,375,1645055725631
42259268,touchmove,366,371,1645055725639
42259268,touchmove,371,367,1645055725648
42259268,touchmove,379,361,1645055725656
42259268,touchmove,386,355,1645055725664
42259268,touchmove,394,348,1645055725673
42259268,touchmove,403,341,1645055725681
42259268,touchmove,412,334,1645055725690
42259268,touchmove,421,327,1645055725698
42259268,touchmove,430,318,1645055725706
42259268,touchmove,440,310,1645055725715
42259268,touchmove,461,291,1645055725731
42259268,touchmove,450,301,1645055725723
42259268,touchmove,472,282,1645055725740
42259268,touchmove,483,273,1645055725748
42259268,touchmove,495,264,1645055725756
42259268,touchmove,506,255,1645055725765
42259268,touchmove,517,245,1645055725773
42259268,touchmove,529,235,1645055725781
42259268,touchmove,541,226,1645055725790
42259268,touchmove,553,216,1645055725798
42259268,touchmove,566,207,1645055725806
42259268,touchmove,576,198,1645055725815
42259268,touchmove,587,189,1645055725823
42259268,touchmove,599,179,1645055725831
42259268,touchmove,609,171,1645055725840
42259268,touchmove,619,163,1645055725848
42259268,touchmove,639,151,1645055725865
42259268,touchmove,630,157,1645055725856
42259268,touchmove,648,145,1645055725873
42259268,touchmove,656,140,1645055725881
42259268,touchmove,663,137,1645055725890
42259268,touchmove,669,133,1645055725898
42259268,touchmove,675,129,1645055725906
42259268,touchmove,680,126,1645055725915
42259268,touchmove,683,124,1645055725923
42259268,touchmove,686,121,1645055725931
42259268,touchmove,687,120,1645055725940
42259268,touchmove,688,120,1645055725948
42259268,touchmove,688,119,1645055725956
42259268,touchmove,688,118,1645055725973
42259268,touchmove,687,118,1645055725993
42259268,touchmove,685,120,1645055726006
42259268,touchmove,682,123,1645055726015
42259268,touchmove,680,125,1645055726023
42259268,touchend,0,0,1645055726026
42259269,touchdown,364,455,1645055726383
42259269,touchmove,365,450,1645055726410
42259269,touchmove,370,446,1645055726423
42259269,touchmove,377,441,1645055726432
42259269,touchmove,385,434,1645055726440
42259269,touchmove,394,427,1645055726448
42259269,touchmove,404,420,1645055726457
42259269,touchmove,415,412,1645055726465
42259269,touchmove,427,403,1645055726473
42259269,touchmove,439,394,1645055726482
42259269,touchmove,452,384,1645055726490
42259269,touchmove,467,373,1645055726498
42259269,touchmove,481,361,1645055726507
42259269,touchmove,496,350,1645055726515
42259269,touchmove,512,338,1645055726523
42259269,touchmove,527,326,1645055726532
42259269,touchmove,543,313,1645055726540
42259269,touchmove,559,300,1645055726549
42259269,touchmove,574,289,1645055726557
42259269,touchmove,590,277,1645055726565
42259269,touchmove,608,265,1645055726573
42259269,touchmove,624,253,1645055726582
42259269,touchmove,642,241,1645055726590
42259269,touchmove,660,229,1645055726598
42259269,touchmove,676,219,1645055726607
42259269,touchmove,693,210,1645055726615
42259269,touchmove,708,201,1645055726623
42259269,touchmove,721,194,1645055726632
42259269,touchmove,732,187,1645055726640
42259269,touchmove,743,180,1645055726648
42259269,touchmove,751,175,1645055726657
42259269,touchmove,760,170,1645055726665
42259269,touchmove,767,165,1645055726673
42259269,touchmove,772,162,1645055726682
42259269,touchmove,777,159,1645055726690
42259269,touchmove,782,156,1645055726707
42259269,touchmove,782,155,1645055726723
42259269,touchmove,780,157,1645055726699
42259269,touchmove,781,155,1645055726743
42259269,touchmove,778,156,1645055726757
42259269,touchmove,774,157,1645055726765
42259269,touchmove,770,159,1645055726774
42259269,touchmove,766,162,1645055726782
42259269,touchend,0,0,1645055726786
42259270,touchdown,413,503,1645055727149
42259270,touchmove,417,500,1645055727185
42259270,touchmove,422,497,1645055727199
42259270,touchmove,428,493,1645055727207
42259270,touchmove,436,488,1645055727215
42259270,touchmove,445,481,1645055727224
42259270,touchmove,455,474,1645055727232
42259270,touchmove,466,467,1645055727240
42259270,touchmove,477,459,1645055727249
42259270,touchmove,489,450,1645055727257
42259270,touchmove,501,441,1645055727265
42259270,touchmove,513,432,1645055727274
42259270,touchmove,525,421,1645055727282
42259270,touchmove,539,410,1645055727290
42259270,touchmove,553,398,1645055727299
42259270,touchmove,568,385,1645055727307
42259270,touchmove,583,371,1645055727316
42259270,touchmove,596,359,1645055727324
42259270,touchmove,626,334,1645055727340
42259270,touchmove,611,346,1645055727332
42259270,touchmove,641,321,1645055727349
42259270,touchmove,657,308,1645055727357
42259270,touchmove,671,296,1645055727365
42259270,touchmove,687,284,1645055727374
42259270,touchmove,703,272,1645055727382
42259270,touchmove,718,261,1645055727391
42259270,touchmove,733,249,1645055727399
42259270,touchmove,746,238,1645055727407
42259270,touchmove,759,228,1645055727416
42259270,touchmove,772,219,1645055727424
42259270,touchmove,784,211,1645055727432
42259270,touchmove,793,204,1645055727441
42259270,touchmove,802,198,1645055727449
42259270,touchmove,811,191,1645055727457
42259270,touchmove,818,186,1645055727465
42259270,touchmove,824,182,1645055727474
42259270,touchmove,830,177,1645055727482
42259270,touchmove,834,175,1645055727491
42259270,touchmove,836,172,1645055727499
42259270,touchmove,838,170,1645055727507
42259270,touchmove,838,169,1645055727524
42259270,touchmove,838,168,1645055727532
42259270,touchmove,835,168,1645055727549
42259270,touchmove,831,170,1645055727557
42259270,touchmove,827,172,1645055727566
42259270,touchmove,822,175,1645055727574
42259270,touchend,0,0,1645055727578
42259271,touchdown,508,515,1645055727892
42259271,touchmove,508,512,1645055727928
42259271,touchmove,511,510,1645055727941
42259271,touchmove,517,506,1645055727949
42259271,touchmove,524,501,1645055727957
42259271,touchmove,531,494,1645055727966
42259271,touchmove,540,486,1645055727974
42259271,touchmove,549,477,1645055727982
42259271,touchmove,559,468,1645055727991
42259271,touchmove,577,449,1645055728007
42259271,touchmove,568,458,1645055727999
42259271,touchmove,587,440,1645055728016
42259271,touchmove,598,428,1645055728024
42259271,touchmove,609,417,1645055728032
42259271,touchmove,621,405,1645055728041
42259271,touchmove,635,392,1645055728049
42259271,touchmove,648,380,1645055728058
42259271,touchmove,662,367,1645055728066
42259271,touchmove,676,354,1645055728074
42259271,touchmove,689,342,1645055728083
42259271,touchmove,703,331,1645055728091
42259271,touchmove,717,320,1645055728099
42259271,touchmove,743,300,1645055728116
42259271,touchmove,729,310,1645055728108
42259271,touchmove,756,290,1645055728124
42259271,touchmove,768,281,1645055728133
42259271,touchmove,780,273,1645055728141
42259271,touchmove,791,265,1645055728149
42259271,touchmove,810,251,1645055728166
42259271,touchmove,801,257,1645055728158
42259271,touchmove,819,244,1645055728174
42259271,touchmove,825,240,1645055728183
42259271,touchmove,831,236,1645055728191
42259271,touchmove,835,232,1645055728199
42259271,touchmove,839,229,1645055728208
42259271,touchmove,842,227,1645055728216
42259271,touchmove,845,224,1645055728224
42259271,touchmove,846,223,1645055728233
42259271,touchmove,847,222,1645055728241
42259271,touchmove,847,221,1645055728249
42259271,touchmove,846,221,1645055728283
42259271,touchmove,844,221,1645055728291
42259272,touchdown,580,536,1645055728750
42259271,touchmove,842,224,1645055728299
42259271,touchend,0,0,1645055728303
42259272,touchmove,588,529,1645055728778
42259272,touchmove,593,525,1645055728791
42259272,touchmove,598,520,1645055728800
42259272,touchmove,605,514,1645055728808
42259272,touchmove,613,507,1645055728816
42259272,touchmove,630,492,1645055728833
42259272,touchmove,621,500,1645055728825
42259272,touchmove,641,483,1645055728841
42259272,touchmove,651,474,1645055728849
42259272,touchmove,663,464,1645055728858
42259272,touchmove,715,419,1645055728891
42259272,touchmove,701,431,1645055728883
42259272,touchmove,676,453,1645055728866
42259272,touchmove,689,443,1645055728875
42259272,touchmove,757,386,1645055728916
42259272,touchmove,770,375,1645055728925
42259272,touchmove,729,408,1645055728900
42259272,touchmove,743,397,1645055728908
42259272,touchmove,783,365,1645055728933
42259272,touchmove,794,356,1645055728941
42259272,touchmove,805,348,1645055728950
42259272,touchmove,814,341,1645055728958
42259272,touchmove,823,333,1645055728966
42259272,touchmove,831,327,1645055728975
42259272,touchmove,838,322,1645055728983
42259272,touchmove,845,316,1645055728991
42259272,touchmove,851,311,1645055729000
42259272,touchmove,855,307,1645055729008
42259272,touchmove,860,303,1645055729016
42259272,touchmove,864,300,1645055729025
42259272,touchmove,868,294,1645055729041
42259272,touchmove,866,297,1645055729033
42259272,touchmove,869,293,1645055729050
42259272,touchmove,870,291,1645055729058
42259272,touchmove,870,290,1645055729066
42259272,touchmove,870,289,1645055729091
42259272,touchmove,869,289,1645055729125
42259272,touchend,0,0,1645055729128
42259273,touchdown,650,513,1645055729568
42259273,touchmove,653,510,1645055729579
42259273,touchmove,656,505,1645055729585
42259273,touchmove,661,499,1645055729591
42259273,touchmove,675,484,1645055729608
42259273,touchmove,667,493,1645055729600
42259273,touchmove,682,477,1645055729616
42259273,touchmove,693,468,1645055729625
42259273,touchmove,702,459,1645055729633
42259273,touchmove,712,449,1645055729642
42259273,touchmove,724,440,1645055729650
42259273,touchmove,735,431,1645055729658
42259273,touchmove,746,422,1645055729667
42259273,touchmove,759,412,1645055729675
42259273,touchmove,772,403,1645055729683
42259273,touchmove,784,394,1645055729692
42259273,touchmove,796,386,1645055729700
42259273,touchmove,807,378,1645055729708
42259273,touchmove,819,370,1645055729717
42259273,touchmove,830,362,1645055729725
42259273,touchmove,839,355,1645055729733
42259273,touchmove,848,349,1645055729742
42259273,touchmove,858,343,1645055729750
42259273,touchmove,866,338,1645055729758
42259273,touchmove,874,332,1645055729767
42259273,touchmove,880,327,1645055729775
42259273,touchmove,886,324,1645055729783
42259273,touchmove,891,321,1645055729792
42259273,touchmove,894,318,1645055729800
42259273,touchmove,897,316,1645055729809
42259273,touchmove,899,314,1645055729817
42259273,touchmove,901,313,1645055729825
42259273,touchmove,902,311,1645055729834
42259273,touchmove,903,310,1645055729842
42259273,touchmove,903,309,1645055729850
42259273,touchmove,904,308,1645055729867
42259273,touchend,0,0,1645055729870
42259274,touchdown,697,537,1645055730276
42259274,touchmove,699,535,1645055730287
42259274,touchmove,700,531,1645055730293
42259274,touchmove,705,527,1645055730300
42259274,touchmove,710,523,1645055730309
42259274,touchmove,717,518,1645055730317
42259274,touchmove,725,513,1645055730325
42259274,touchmove,734,507,1645055730334
42259274,touchmove,745,500,1645055730342
42259274,touchmove,755,492,1645055730350
42259274,touchmove,767,484,1645055730359
42259274,touchmove,780,476,1645055730367
42259274,touchmove,806,462,1645055730384
42259274,touchmove,793,469,1645055730375
42259274,touchmove,819,454,1645055730392
42259274,touchmove,832,447,1645055730400
42259274,touchmove,845,440,1645055730409
42259274,touchmove,858,433,1645055730417
42259274,touchmove,869,427,1645055730425
42259274,touchmove,879,421,1645055730434
42259274,touchmove,888,416,1645055730442
42259274,touchmove,895,412,1645055730451
42259274,touchmove,900,409,1645055730459
42259274,touchmove,905,406,1645055730468
42259274,touchmove,907,404,1645055730476
42259274,touchmove,909,402,1645055730484
42259274,touchmove,910,401,1645055730492
42259274,touchmove,911,399,1645055730501
42259274,touchmove,912,399,1645055730509
42259274,touchmove,912,397,1645055730517
42259274,touchmove,912,396,1645055730534
42259274,touchmove,912,395,1645055730542
42259274,touchmove,912,394,1645055730559
42259274,touchend,0,0,1645055730587
42259275,touchdown,726,66,1645055731960
42259275,touchmove,730,66,1645055732005
42259275,touchmove,732,67,1645055732018
42259275,touchmove,735,69,1645055732026
42259275,touchmove,737,73,1645055732035
42259275,touchmove,741,77,1645055732043
42259275,touchmove,744,82,1645055732051
42259275,touchmove,749,87,1645055732060
42259275,touchmove,755,93,1645055732068
42259275,touchmove,762,100,1645055732076
42259275,touchmove,770,107,1645055732085
42259275,touchmove,779,114,1645055732093
42259275,touchmove,787,120,1645055732101
42259275,touchmove,794,127,1645055732110
42259275,touchmove,801,134,1645055732118
42259275,touchmove,807,140,1645055732126
42259275,touchmove,812,147,1645055732135
42259275,touchmove,818,154,1645055732143
42259275,touchmove,822,160,1645055732151
42259275,touchmove,827,167,1645055732160
42259275,touchmove,832,173,1645055732168
42259275,touchmove,837,179,1645055732176
42259275,touchmove,842,185,1645055732185
42259275,touchmove,848,191,1645055732193
42259275,touchmove,854,196,1645055732202
42259275,touchmove,859,201,1645055732210
42259275,touchmove,864,206,1645055732218
42259275,touchmove,867,210,1645055732227
42259275,touchmove,870,214,1645055732235
42259275,touchmove,872,217,1645055732243
42259275,touchmove,873,219,1645055732252
42259275,touchmove,874,222,1645055732260
42259275,touchmove,875,224,1645055732268
42259275,touchmove,876,225,1645055732277
42259275,touchmove,877,227,1645055732285
42259275,touchmove,878,228,1645055732293
42259275,touchmove,879,228,1645055732310
42259275,touchend,0,0,1645055732363
42259276,touchdown,635,74,1645055732777
42259276,touchmove,637,76,1645055732830
42259276,touchmove,641,79,1645055732843
42259276,touchmove,646,84,1645055732852
42259276,touchmove,652,90,1645055732860
42259276,touchmove,658,97,1645055732868
42259276,touchmove,665,104,1645055732877
42259276,touchmove,673,110,1645055732885
42259276,touchmove,681,117,1645055732893
42259276,touchmove,690,123,1645055732902
42259276,touchmove,699,130,1645055732910
42259276,touchmove,708,136,1645055732919
42259276,touchmove,716,142,1645055732927
42259276,touchmove,724,148,1645055732935
42259276,touchmove,732,155,1645055732944
42259276,touchmove,740,162,1645055732952
42259276,touchmove,748,169,1645055732960
42259276,touchmove,756,176,1645055732969
42259276,touchmove,764,184,1645055732977
42259276,touchmove,773,191,1645055732985
42259276,touchmove,781,198,1645055732994
42259276,touchmove,789,206,1645055733002
42259276,touchmove,797,214,1645055733010
42259276,touchmove,804,221,1645055733019
42259276,touchmove,811,228,1645055733027
42259276,touchmove,818,234,1645055733035
42259276,touchmove,823,240,1645055733044
42259276,touchmove,829,246,1645055733052
42259276,touchmove,834,251,1645055733060
42259276,touchmove,839,256,1645055733069
42259276,touchmove,844,261,1645055733077
42259276,touchmove,851,269,1645055733094
42259276,touchmove,848,265,1645055733085
42259276,touchmove,855,272,1645055733102
42259276,touchmove,857,275,1645055733110
42259276,touchmove,859,278,1645055733119
42259276,touchmove,860,280,1645055733127
42259276,touchmove,860,281,1645055733136
42259276,touchmove,858,281,1645055733160
42259276,touchend,0,0,1645055733164
42259277,touchdown,542,97,1645055733569
42259277,touchmove,546,98,1645055733606
42259277,touchmove,550,102,1645055733619
42259277,touchmove,561,112,1645055733636
42259277,touchmove,555,106,1645055733627
42259277,touchmove,569,118,1645055733644
42259277,touchmove,576,123,1645055733652
42259277,touchmove,584,129,1645055733661
42259277,touchmove,592,136,1645055733669
42259277,touchmove,600,142,1645055733677
42259277,touchmove,608,148,1645055733686
42259277,touchmove,617,154,1645055733694
42259277,touchmove,625,160,1645055733702
42259277,touchmove,635,167,1645055733711
42259277,touchmove,646,174,1645055733719
42259277,touchmove,656,181,1645055733727
42259277,touchmove,667,188,1645055733736
42259277,touchmove,679,196,1645055733744
42259277,touchmove,689,204,1645055733752
42259277,touchmove,699,213,1645055733761
42259277,touchmove,717,229,1645055733777
42259277,touchmove,726,237,1645055733786
42259277,touchmove,735,245,1645055733794
42259277,touchmove,743,252,1645055733802
42259277,touchmove,752,260,1645055733811
42259277,touchmove,760,268,1645055733819
42259277,touchmove,769,275,1645055733827
42259277,touchmove,776,282,1645055733836
42259277,touchmove,783,289,1645055733844
42259277,touchmove,789,294,1645055733852
42259277,touchmove,794,299,1645055733861
42259277,touchmove,799,304,1645055733869
42259277,touchmove,803,308,1645055733877
42259277,touchmove,807,312,1645055733886
42259277,touchmove,810,315,1645055733894
42259277,touchmove,813,318,1645055733902
42259277,touchmove,816,321,1645055733911
42259277,touchmove,819,323,1645055733919
42259277,touchmove,820,325,1645055733928
42259277,touchmove,821,327,1645055733936
42259277,touchmove,822,328,1645055733944
42259277,touchmove,822,329,1645055733961
42259277,touchend,0,0,1645055733997
42259278,touchdown,482,105,1645055734511
42259278,touchmove,481,106,1645055734564
42259278,touchmove,482,109,1645055734578
42259278,touchmove,485,114,1645055734586
42259278,touchmove,490,119,1645055734594
42259278,touchmove,495,125,1645055734603
42259278,touchmove,503,132,1645055734611
42259278,touchmove,511,139,1645055734619
42259278,touchmove,519,144,1645055734628
42259278,touchmove,528,150,1645055734636
42259278,touchmove,536,156,1645055734644
42259278,touchmove,543,162,1645055734653
42259278,touchmove,553,168,1645055734661
42259278,touchmove,562,176,1645055734669
42259278,touchmove,572,184,1645055734678
42259278,touchmove,585,194,1645055734686
42259278,touchmove,597,203,1645055734695
42259278,touchmove,610,214,1645055734703
42259278,touchmove,623,224,1645055734711
42259278,touchmove,635,234,1645055734720
42259278,touchmove,648,244,1645055734728
42259278,touchmove,661,255,1645055734736
42259278,touchmove,672,265,1645055734745
42259278,touchmove,684,275,1645055734753
42259278,touchmove,696,285,1645055734761
42259278,touchmove,708,295,1645055734770
42259278,touchmove,721,305,1645055734778
42259278,touchmove,733,315,1645055734786
42259278,touchmove,745,325,1645055734795
42259278,touchmove,757,335,1645055734803
42259278,touchmove,768,345,1645055734811
42259278,touchmove,778,353,1645055734820
42259278,touchmove,788,361,1645055734828
42259278,touchmove,797,368,1645055734836
42259278,touchmove,804,374,1645055734845
42259278,touchmove,812,380,1645055734853
42259278,touchmove,819,386,1645055734861
42259278,touchmove,825,391,1645055734870
42259278,touchmove,836,401,1645055734886
42259278,touchmove,831,397,1645055734878
42259278,touchmove,845,408,1645055734903
42259278,touchmove,841,405,1645055734895
42259278,touchmove,847,411,1645055734911
42259278,touchmove,848,412,1645055734920
42259278,touchmove,849,413,1645055734928
42259278,touchmove,850,413,1645055734986
42259278,touchmove,850,411,1645055735003
42259278,touchmove,850,410,1645055735011
42259278,touchend,0,0,1645055735015
42259279,touchdown,441,159,1645055735526
42259279,touchmove,448,167,1645055735548
42259279,touchmove,453,172,1645055735561
42259279,touchmove,461,178,1645055735570
42259279,touchmove,479,193,1645055735586
42259279,touchmove,470,185,1645055735578
42259279,touchmove,490,202,1645055735595
42259279,touchmove,509,220,1645055735612
42259279,touchmove,499,210,1645055735603
42259279,touchmove,520,230,1645055735620
42259279,touchmove,531,239,1645055735628
42259279,touchmove,543,249,1645055735636
42259279,touchmove,557,259,1645055735645
42259279,touchmove,571,269,1645055735653
42259279,touchmove,586,280,1645055735661
42259279,touchmove,602,290,1645055735670
42259279,touchmove,617,301,1645055735678
42259279,touchmove,649,322,1645055735695
42259279,touchmove,633,311,1645055735687
42259279,touchmove,664,332,1645055735703
42259279,touchmove,709,363,1645055735728
42259279,touchmove,724,373,1645055735737
42259279,touchmove,679,342,1645055735712
42259279,touchmove,695,353,1645055735720
42259279,touchmove,738,383,1645055735745
42259279,touchmove,751,392,1645055735753
42259279,touchmove,763,402,1645055735762
42259279,touchmove,774,411,1645055735770
42259279,touchmove,784,419,1645055735778
42259279,touchmove,794,426,1645055735787
42259279,touchmove,803,434,1645055735795
42259279,touchmove,812,440,1645055735803
42259279,touchmove,818,446,1645055735812
42259279,touchmove,823,451,1645055735820
42259279,touchmove,827,454,1645055735828
42259279,touchmove,830,458,1645055735837
42259279,touchmove,831,460,1645055735845
42259279,touchmove,832,463,1645055735853
42259279,touchmove,833,464,1645055735862
42259279,touchmove,834,465,1645055735870
42259279,touchend,0,0,1645055735907
42259280,touchdown,407,211,1645055736334
42259280,touchmove,413,212,1645055736357
42259280,touchmove,417,213,1645055736370
42259280,touchmove,422,217,1645055736379
42259280,touchmove,429,222,1645055736387
42259280,touchmove,436,227,1645055736395
42259280,touchmove,443,233,1645055736404
42259280,touchmove,451,240,1645055736412
42259280,touchmove,459,247,1645055736421
42259280,touchmove,468,254,1645055736429
42259280,touchmove,478,263,1645055736437
42259280,touchmove,489,271,1645055736446
42259280,touchmove,501,281,1645055736454
42259280,touchmove,515,290,1645055736462
42259280,touchmove,528,299,1645055736471
42259280,touchmove,542,309,1645055736479
42259280,touchmove,558,319,1645055736487
42259280,touchmove,573,330,1645055736496
42259280,touchmove,589,341,1645055736504
42259280,touchmove,605,351,1645055736512
42259280,touchmove,622,363,1645055736521
42259280,touchmove,639,374,1645055736529
42259280,touchmove,656,385,1645055736537
42259280,touchmove,672,396,1645055736545
42259280,touchmove,688,407,1645055736554
42259280,touchmove,701,417,1645055736562
42259280,touchmove,716,427,1645055736570
42259280,touchmove,731,437,1645055736579
42259280,touchmove,743,446,1645055736587
42259280,touchmove,755,454,1645055736595
42259280,touchmove,767,463,1645055736604
42259280,touchmove,776,470,1645055736612
42259280,touchmove,787,477,1645055736620
42259280,touchmove,796,484,1645055736629
42259280,touchmove,804,490,1645055736637
42259280,touchmove,810,495,1645055736645
42259280,touchmove,816,500,1645055736654
42259280,touchmove,819,502,1645055736662
42259280,touchmove,821,505,1645055736670
42259280,touchmove,822,506,1645055736679
42259280,touchmove,823,507,1645055736687
42259280,touchmove,823,508,1645055736704
42259280,touchmove,821,506,1645055736724
42259280,touchend,0,0,1645055736732
42259281,touchdown,347,251,1645055737152
42259281,touchmove,355,251,1645055737174
42259281,touchmove,360,251,1645055737187
42259281,touchmove,366,255,1645055737196
42259281,touchmove,373,259,1645055737204
42259281,touchmove,381,265,1645055737213
42259281,touchmove,389,270,1645055737221
42259281,touchmove,397,277,1645055737229
42259281,touchmove,404,283,1645055737238
42259281,touchmove,413,290,1645055737246
42259281,touchmove,422,298,1645055737254
42259281,touchmove,434,305,1645055737263
42259281,touchmove,446,313,1645055737271
42259281,touchmove,459,322,1645055737279
42259281,touchmove,473,331,1645055737288
42259281,touchmove,488,340,1645055737296
42259281,touchmove,502,349,1645055737304
42259281,touchmove,517,359,1645055737313
42259281,touchmove,533,370,1645055737321
42259281,touchmove,547,379,1645055737329
42259281,touchmove,563,390,1645055737338
42259281,touchmove,580,401,1645055737346
42259281,touchmove,595,412,1645055737354
42259281,touchmove,610,422,1645055737363
42259281,touchmove,626,432,1645055737371
42259281,touchmove,640,441,1645055737379
42259281,touchmove,654,451,1645055737388
42259281,touchmove,667,460,1645055737396
42259281,touchmove,679,469,1645055737404
42259281,touchmove,691,477,1645055737413
42259281,touchmove,701,486,1645055737421
42259281,touchmove,712,493,1645055737429
42259281,touchmove,722,500,1645055737438
42259281,touchmove,731,507,1645055737446
42259281,touchmove,737,512,1645055737454
42259281,touchmove,743,517,1645055737463
42259281,touchmove,747,521,1645055737471
42259281,touchmove,752,526,1645055737488
42259281,touchmove,750,524,1645055737480
42259281,touchmove,754,528,1645055737496
42259281,touchmove,755,529,1645055737504
42259281,touchmove,756,529,1645055737530
42259281,touchmove,755,526,1645055737546
42259281,touchend,0,0,1645055737550
42259282,touchdown,304,335,1645055737955
42259282,touchmove,310,338,1645055737975
42259282,touchmove,315,338,1645055737988
42259282,touchmove,321,341,1645055737996
42259282,touchmove,329,345,1645055738005
42259282,touchmove,338,350,1645055738013
42259282,touchmove,347,355,1645055738021
42259282,touchmove,366,367,1645055738038
42259282,touchmove,356,360,1645055738030
42259282,touchmove,388,379,1645055738055
42259282,touchmove,376,373,1645055738047
42259282,touchmove,400,386,1645055738063
42259282,touchmove,412,393,1645055738071
42259282,touchmove,425,400,1645055738080
42259282,touchmove,450,415,1645055738096
42259282,touchmove,438,407,1645055738088
42259282,touchmove,464,421,1645055738105
42259282,touchmove,478,429,1645055738113
42259282,touchmove,491,436,1645055738121
42259282,touchmove,505,443,1645055738130
42259282,touchmove,520,451,1645055738138
42259282,touchmove,533,458,1645055738147
42259282,touchmove,548,465,1645055738155
42259282,touchmove,562,473,1645055738163
42259282,touchmove,575,480,1645055738171
42259282,touchmove,588,487,1645055738180
42259282,touchmove,600,494,1645055738188
42259282,touchmove,611,500,1645055738197
42259282,touchmove,620,506,1645055738205
42259282,touchmove,630,512,1645055738213
42259282,touchmove,638,517,1645055738222
42259282,touchmove,646,522,1645055738230
42259282,touchmove,652,526,1645055738238
42259282,touchmove,659,530,1645055738246
42259282,touchmove,665,534,1645055738255
42259282,touchmove,670,537,1645055738263
42259282,touchmove,674,540,1645055738271
42259282,touchmove,678,542,1645055738280
42259282,touchmove,680,543,1645055738288
42259282,touchmove,681,543,1645055738296
42259282,touchmove,682,544,1645055738305
42259282,touchmove,683,544,1645055738313
42259282,touchmove,684,544,1645055738330
42259282,touchmove,684,543,1645055738338
42259282,touchmove,684,542,1645055738347
42259282,touchmove,684,541,1645055738355
42259282,touchend,0,0,1645055738358
42259283,touchdown,289,394,1645055738797
42259283,touchmove,295,396,1645055738842
42259283,touchmove,299,398,1645055738855
42259283,touchmove,304,402,1645055738864
42259283,touchmove,309,406,1645055738872
42259283,touchmove,316,411,1645055738880
42259283,touchmove,322,416,1645055738889
42259283,touchmove,329,421,1645055738897
42259283,touchmove,336,426,1645055738905
42259283,touchmove,345,431,1645055738913
42259283,touchmove,355,436,1645055738922
42259283,touchmove,377,446,1645055738939
42259283,touchmove,366,441,1645055738930
42259283,touchmove,388,453,1645055738947
42259283,touchmove,398,458,1645055738955
42259283,touchmove,409,463,1645055738964
42259283,touchmove,419,469,1645055738972
42259283,touchmove,428,474,1645055738980
42259283,touchmove,438,479,1645055738989
42259283,touchmove,458,490,1645055739005
42259283,touchmove,467,495,1645055739014
42259283,touchmove,449,485,1645055738997
42259283,touchmove,477,500,1645055739022
42259283,touchmove,484,505,1645055739030
42259283,touchmove,491,509,1645055739038
42259283,touchmove,498,513,1645055739047
42259283,touchmove,503,516,1645055739055
42259283,touchmove,508,520,1645055739064
42259283,touchmove,513,523,1645055739072
42259283,touchmove,517,525,1645055739080
42259283,touchmove,525,530,1645055739097
42259283,touchmove,521,528,1645055739089
42259283,touchmove,528,531,1645055739105
42259283,touchmove,531,533,1645055739114
42259283,touchmove,533,533,1645055739122
42259283,touchmove,534,534,1645055739130
42259283,touchmove,535,534,1645055739139
42259283,touchend,0,0,1645055739167
42259283,touchmove,536,534,1645055739147
42259284,touchdown,266,416,1645055739590
42259284,touchmove,269,416,1645055739626
42259284,touchmove,272,420,1645055739639
42259284,touchmove,274,423,1645055739647
42259284,touchmove,278,428,1645055739656
42259284,touchmove,281,433,1645055739664
42259284,touchmove,284,438,1645055739672
42259284,touchmove,288,444,1645055739681
42259284,touchmove,292,450,1645055739689
42259284,touchmove,297,456,1645055739697
42259284,touchmove,302,462,1645055739706
42259284,touchmove,323,488,1645055739739
42259284,touchmove,317,481,1645055739731
42259284,touchmove,307,468,1645055739714
42259284,touchmove,312,475,1645055739722
42259284,touchmove,327,494,1645055739747
42259284,touchmove,332,500,1645055739756
42259284,touchmove,337,506,1645055739764
42259284,touchmove,342,512,1645055739772
42259284,touchmove,348,517,1645055739781
42259284,touchmove,354,524,1645055739789
42259284,touchmove,359,529,1645055739797
42259284,touchmove,364,533,1645055739806
42259284,touchmove,369,538,1645055739814
42259284,touchmove,373,542,1645055739822
42259284,touchmove,381,548,1645055739839
42259284,touchmove,377,545,1645055739831
42259284,touchmove,384,550,1645055739847
42259284,touchmove,387,552,1645055739856
42259284,touchmove,389,553,1645055739864
42259284,touchmove,390,554,1645055739872
42259284,touchmove,392,555,1645055739881
42259284,touchmove,393,556,1645055739889
42259284,touchmove,394,556,1645055739897
42259284,touchmove,395,556,1645055739906
42259284,touchmove,396,556,1645055739914
42259284,touchmove,398,556,1645055739922
42259284,touchmove,399,556,1645055739931
42259284,touchend,0,0,1645055739934
