42259596,touchdown,913,556,1645056192831
42259596,touchend,0,0,1645056192910
42259597,touchdown,918,442,1645056193358
42259597,touchend,0,0,1645056193410
42259598,touchdown,918,299,1645056193857
42259598,touchend,0,0,1645056193918
42259599,touchdown,915,184,1645056194334
42259599,touchend,0,0,1645056194401
42259600,touchdown,930,47,1645056194824
42259600,touchend,0,0,1645056194885
42259601,touchdown,791,45,1645056195308
42259601,touchend,0,0,1645056195369
42259602,touchdown,799,165,1645056195833
42259602,touchend,0,0,1645056195895
42259603,touchdown,792,295,1645056196325
42259603,touchmove,786,292,1645056196353
42259603,touchmove,785,292,1645056196366
42259603,touchmove,785,293,1645056196375
42259603,touchmove,785,294,1645056196391
42259603,touchend,0,0,1645056196395
42259604,touchdown,802,428,1645056196834
42259604,touchend,0,0,1645056196895
42259605,touchdown,798,557,1645056197334
42259605,touchend,0,0,1645056197404
42259606,touchdown,647,566,1645056197843
42259606,touchmove,642,564,1645056197859
42259606,touchmove,641,564,1645056197867
42259606,touchmove,640,564,1645056197875
42259606,touchend,0,0,1645056197912
42259607,touchdown,660,443,1645056198336
42259607,touchend,0,0,1645056198396
42259608,touchdown,662,306,1645056198827
42259608,touchmove,657,304,1645056198843
42259608,touchmove,656,304,1645056198851
42259608,touchmove,656,303,1645056198868
42259608,touchmove,656,302,1645056198876
42259608,touchmove,658,301,1645056198885
42259608,touchend,0,0,1645056198887
42259609,touchdown,672,158,1645056199328
42259609,touchend,0,0,1645056199397
42259610,touchdown,662,34,1645056199810
42259610,touchend,0,0,1645056199855
42259611,touchdown,534,25,1645056200286
42259611,touchend,0,0,1645056200330
42259612,touchdown,536,162,1645056200795
42259612,touchend,0,0,1645056200848
42259613,touchdown,540,303,1645056201320
42259613,touchend,0,0,1645056201372
42259614,touchdown,540,423,1645056201828
42259614,touchend,0,0,1645056201881
42259615,touchdown,523,550,1645056202295
42259615,touchend,0,0,1645056202348
42259616,touchdown,401,553,1645056202812
42259616,touchend,0,0,1645056202873
42259617,touchdown,410,443,1645056203312
42259617,touchmove,408,439,1645056203322
42259617,touchmove,407,437,1645056203329
42259617,touchmove,406,437,1645056203337
42259617,touchmove,405,437,1645056203353
42259617,touchmove,404,437,1645056203370
42259617,touchend,0,0,1645056203373
42259618,touchend,0,0,1645056203849
42259618,touchdown,392,302,1645056203805
42259619,touchdown,410,146,1645056204279
42259619,touchend,0,0,1645056204341
42259620,touchdown,416,31,1645056204788
42259620,touchmove,413,28,1645056204799
42259620,touchmove,413,27,1645056204806
42259620,touchmove,412,27,1645056204813
42259620,touchmove,411,27,1645056204829
42259620,touchmove,410,27,1645056204838
42259620,touchmove,408,27,1645056204846
42259620,touchend,0,0,1645056204849
42259621,touchdown,279,34,1645056205297
42259621,touchend,0,0,1645056205358
42259622,touchdown,271,169,1645056205813
42259622,touchmove,269,165,1645056205830
42259622,touchmove,269,164,1645056205846
42259622,touchmove,270,164,1645056205863
42259622,touchend,0,0,1645056205867
42259623,touchdown,260,303,1645056206340
42259623,touchend,0,0,1645056206376
42259624,touchdown,266,436,1645056206840
42259624,touchend,0,0,1645056206900
42259625,touchdown,278,560,1645056207340
42259625,touchend,0,0,1645056207392
42259626,touchdown,416,563,1645056207791
42259626,touchend,0,0,1645056207859
42259627,touchdown,529,557,1645056208323
42259627,touchend,0,0,1645056208360
42259628,touchdown,668,577,1645056208807
42259628,touchend,0,0,1645056208852
42259629,touchdown,792,571,1645056209316
42259629,touchend,0,0,1645056209377
42259630,touchdown,913,570,1645056209791
42259630,touchend,0,0,1645056209844
42259631,touchdown,932,439,1645056210325
42259631,touchend,0,0,1645056210369
42259632,touchdown,793,426,1645056210800
42259632,touchmove,792,423,1645056210809
42259632,touchmove,792,420,1645056210819
42259632,touchend,0,0,1645056210853
42259633,touchdown,676,420,1645056211293
42259633,touchend,0,0,1645056211361
42259634,touchdown,550,421,1645056211800
42259634,touchend,0,0,1645056211854
42259635,touchdown,409,423,1645056212277
42259635,touchend,0,0,1645056212337
42259636,touchdown,280,435,1645056212818
42259636,touchend,0,0,1645056212879
42259637,touchdown,261,296,1645056213301
42259637,touchend,0,0,1645056213354
42259638,touchdown,411,293,1645056213785
42259638,touchend,0,0,1645056213838
42259639,touchdown,527,295,1645056214277
42259639,touchend,0,0,1645056214338
42259640,touchdown,671,307,1645056214786
42259640,touchend,0,0,1645056214846
42259641,touchdown,794,303,1645056215287
42259641,touchend,0,0,1645056215347
42259642,touchdown,920,314,1645056215761
42259642,touchmove,920,312,1645056215771
42259642,touchmove,920,309,1645056215778
42259642,touchmove,920,308,1645056215785
42259642,touchmove,920,307,1645056215794
42259642,touchmove,920,306,1645056215802
42259642,touchend,0,0,1645056215822
42259642,touchmove,922,305,1645056215819
42259643,touchdown,939,178,1645056216312
42259643,touchend,0,0,1645056216356
42259644,touchdown,799,183,1645056216820
42259644,touchend,0,0,1645056216881
42259645,touchdown,666,170,1645056217352
42259645,touchend,0,0,1645056217398
42259646,touchdown,545,170,1645056217796
42259646,touchend,0,0,1645056217848
42259647,touchdown,413,173,1645056218313
42259647,touchend,0,0,1645056218382
42259648,touchdown,278,168,1645056218821
42259648,touchend,0,0,1645056218866
42259649,touchdown,273,41,1645056219322
42259649,touchend,0,0,1645056219374
42259650,touchdown,401,33,1645056219771
42259650,touchend,0,0,1645056219833
42259651,touchdown,539,33,1645056220305
42259651,touchend,0,0,1645056220358
42259652,touchdown,662,39,1645056220772
42259652,touchend,0,0,1645056220825
42259653,touchdown,808,26,1645056221247
42259653,touchmove,802,21,1645056221275
42259653,touchmove,801,21,1645056221289
42259653,touchmove,800,21,1645056221297
42259653,touchend,0,0,1645056221317
42259654,touchdown,924,51,1645056221790
42259654,touchmove,924,48,1645056221800
42259654,touchmove,924,46,1645056221807
42259654,touchmove,925,48,1645056221847
42259654,touchend,0,0,1645056221851
42259655,touchdown,919,172,1645056222282
42259655,touchmove,921,169,1645056222318
42259655,touchmove,923,170,1645056222331
42259655,touchend,0,0,1645056222334
42259656,touchdown,924,303,1645056222825
42259656,touchend,0,0,1645056222876
42259657,touchdown,920,431,1645056223290
42259657,touchmove,922,426,1645056223335
42259657,touchmove,929,427,1645056223356
42259657,touchend,0,0,1645056223360
42259657,touchmove,926,426,1645056223348
42259658,touchdown,922,548,1645056223782
42259658,touchmove,925,549,1645056223819
42259658,touchmove,925,550,1645056223832
42259658,touchmove,925,552,1645056223840
42259658,touchend,0,0,1645056223843
42259659,touchdown,784,582,1645056224308
42259659,touchend,0,0,1645056224361
42259660,touchdown,795,445,1645056224800
42259660,touchmove,795,440,1645056224810
42259660,touchmove,795,437,1645056224816
42259660,touchmove,795,436,1645056224824
42259660,touchmove,795,435,1645056224832
42259660,touchmove,796,435,1645056224840
42259660,touchmove,797,435,1645056224849
42259660,touchmove,799,435,1645056224857
42259660,touchend,0,0,1645056224860
42259661,touchdown,799,319,1645056225308
42259661,touchend,0,0,1645056225369
42259662,touchdown,789,174,1645056225800
42259662,touchend,0,0,1645056225853
42259663,touchdown,793,67,1645056226292
42259663,touchmove,791,63,1645056226303
42259663,touchmove,790,60,1645056226309
42259663,touchmove,789,59,1645056226316
42259663,touchmove,788,59,1645056226325
42259663,touchmove,788,58,1645056226333
42259663,touchend,0,0,1645056226336
42259664,touchdown,669,33,1645056226817
42259664,touchend,0,0,1645056226831
42259665,touchdown,655,163,1645056227333
42259665,touchend,0,0,1645056227387
42259666,touchdown,679,312,1645056227818
42259666,touchend,0,0,1645056227862
42259667,touchdown,663,437,1645056228285
42259667,touchend,0,0,1645056228346
42259668,touchdown,665,551,1645056228777
42259668,touchend,0,0,1645056228830
42259669,touchdown,533,568,1645056229302
42259669,touchend,0,0,1645056229355
42259670,touchdown,535,447,1645056229811
42259670,touchmove,533,441,1645056229827
42259670,touchmove,533,440,1645056229835
42259670,touchmove,533,439,1645056229843
42259670,touchmove,533,438,1645056229852
42259670,touchmove,533,437,1645056229860
42259670,touchmove,534,437,1645056229868
42259670,touchend,0,0,1645056229872
42259671,touchdown,538,318,1645056230286
42259671,touchmove,536,315,1645056230297
42259671,touchmove,534,313,1645056230303
42259671,touchmove,533,312,1645056230310
42259671,touchmove,533,311,1645056230318
42259671,touchmove,533,310,1645056230327
42259671,touchmove,533,309,1645056230335
42259671,touchend,0,0,1645056230338
42259672,touchdown,540,179,1645056230728
42259672,touchmove,538,173,1645056230744
42259672,touchmove,538,171,1645056230752
42259672,touchmove,537,170,1645056230760
42259672,touchmove,536,169,1645056230769
42259672,touchmove,536,168,1645056230777
42259672,touchmove,536,167,1645056230785
42259672,touchend,0,0,1645056230797
42259673,touchdown,529,39,1645056231286
42259673,touchmove,528,35,1645056231296
42259673,touchmove,528,32,1645056231303
42259673,touchmove,528,31,1645056231311
42259673,touchmove,527,31,1645056231336
42259673,touchend,0,0,1645056231356
42259674,touchdown,398,40,1645056231812
42259674,touchend,0,0,1645056231856
42259675,touchdown,406,147,1645056232280
42259675,touchmove,398,148,1645056232336
42259675,touchend,0,0,1645056232340
42259676,touchdown,407,305,1645056232820
42259676,touchmove,406,301,1645056232830
42259676,touchmove,406,298,1645056232837
42259676,touchmove,406,297,1645056232853
42259676,touchend,0,0,1645056232865
42259677,touchdown,415,432,1645056233287
42259677,touchmove,413,429,1645056233297
42259677,touchmove,413,427,1645056233303
42259677,touchmove,413,426,1645056233312
42259677,touchend,0,0,1645056233332
42259678,touchdown,389,558,1645056233754
42259678,touchmove,388,554,1645056233764
42259678,touchmove,387,552,1645056233771
42259678,touchmove,387,550,1645056233779
42259678,touchmove,387,549,1645056233804
42259678,touchend,0,0,1645056233815
42259679,touchdown,259,569,1645056234255
42259679,touchmove,257,566,1645056234265
42259679,touchmove,257,564,1645056234271
42259679,touchmove,257,563,1645056234287
42259679,touchmove,258,562,1645056234304
42259679,touchend,0,0,1645056234307
42259680,touchdown,279,440,1645056234813
42259680,touchmove,279,437,1645056234824
42259680,touchmove,279,432,1645056234831
42259680,touchmove,279,430,1645056234838
42259680,touchmove,279,428,1645056234846
42259680,touchmove,279,427,1645056234854
42259680,touchmove,279,426,1645056234863
42259680,touchend,0,0,1645056234866
42259681,touchdown,283,304,1645056235297
42259681,touchmove,281,300,1645056235307
42259681,touchmove,280,298,1645056235314
42259681,touchend,0,0,1645056235358
42259682,touchdown,288,175,1645056235789
42259682,touchmove,285,170,1645056235800
42259682,touchmove,285,167,1645056235806
42259682,touchmove,284,166,1645056235813
42259682,touchmove,283,165,1645056235821
42259682,touchmove,281,165,1645056235838
42259682,touchend,0,0,1645056235842
42259683,touchdown,276,50,1645056236329
42259683,touchend,0,0,1645056236375
42259684,touchdown,409,20,1645056236781
42259684,touchend,0,0,1645056236842
42259685,touchdown,547,31,1645056237289
42259685,touchend,0,0,1645056237334
42259686,touchdown,671,38,1645056237790
42259686,touchmove,671,35,1645056237801
42259686,touchmove,671,34,1645056237808
42259686,touchmove,671,35,1645056237843
42259686,touchend,0,0,1645056237851
42259687,touchdown,786,41,1645056238282
42259687,touchend,0,0,1645056238343
42259688,touchdown,913,48,1645056238757
42259688,touchmove,913,45,1645056238767
42259688,touchmove,913,43,1645056238774
42259688,touchmove,913,44,1645056238801
42259688,touchend,0,0,1645056238810
42259689,touchdown,945,184,1645056239266
42259689,touchmove,944,183,1645056239310
42259689,touchend,0,0,1645056239319
42259690,touchdown,807,186,1645056239800
42259690,touchmove,806,183,1645056239810
42259690,touchmove,806,181,1645056239817
42259690,touchmove,805,181,1645056239824
42259690,touchmove,804,181,1645056239832
42259690,touchmove,803,181,1645056239840
42259690,touchmove,801,181,1645056239849
42259690,touchend,0,0,1645056239852
42259691,touchdown,671,176,1645056240275
42259691,touchmove,665,171,1645056240302
42259691,touchmove,663,171,1645056240316
42259691,touchend,0,0,1645056240344
42259692,touchdown,528,180,1645056240815
42259692,touchmove,528,177,1645056240825
42259692,touchmove,528,175,1645056240833
42259692,touchmove,528,174,1645056240841
42259692,touchmove,528,173,1645056240849
42259692,touchmove,529,173,1645056240866
42259692,touchend,0,0,1645056240878
42259693,touchdown,421,178,1645056241317
42259693,touchend,0,0,1645056241378
42259694,touchdown,265,170,1645056241851
42259694,touchmove,271,164,1645056241895
42259694,touchend,0,0,1645056241903
42259695,touchdown,278,300,1645056242301
42259695,touchend,0,0,1645056242354
42259696,touchdown,411,292,1645056242801
42259696,touchend,0,0,1645056242871
42259697,touchdown,533,310,1645056243293
42259697,touchmove,534,307,1645056243303
42259697,touchmove,534,303,1645056243310
42259697,touchmove,535,303,1645056243326
42259697,touchmove,536,303,1645056243334
42259697,touchmove,537,303,1645056243342
42259697,touchmove,537,304,1645056243351
42259697,touchend,0,0,1645056243354
42259698,touchdown,655,304,1645056243802
42259698,touchend,0,0,1645056243863
42259699,touchdown,797,312,1645056244294
42259699,touchend,0,0,1645056244347
42259700,touchdown,934,299,1645056244802
42259700,touchmove,933,295,1645056244813
42259700,touchmove,933,293,1645056244820
42259700,touchmove,933,292,1645056244827
42259700,touchmove,932,292,1645056244843
42259700,touchend,0,0,1645056244855
42259701,touchdown,924,427,1645056245294
42259701,touchend,0,0,1645056245355
42259702,touchdown,802,446,1645056245761
42259702,touchmove,802,444,1645056245771
42259702,touchmove,802,441,1645056245777
42259702,touchmove,801,441,1645056245785
42259702,touchend,0,0,1645056245822
42259703,touchdown,674,441,1645056246253
42259703,touchend,0,0,1645056246306
42259704,touchdown,528,438,1645056246795
42259704,touchend,0,0,1645056246856
42259705,touchdown,397,434,1645056247312
42259705,touchmove,394,430,1645056247322
42259705,touchmove,394,428,1645056247328
42259705,touchmove,394,427,1645056247345
42259705,touchend,0,0,1645056247373
42259706,touchdown,283,434,1645056247804
42259706,touchmove,280,432,1645056247814
42259706,touchmove,278,432,1645056247821
42259706,touchmove,277,432,1645056247828
42259706,touchmove,276,432,1645056247837
42259706,touchmove,276,433,1645056247845
42259706,touchmove,276,434,1645056247853
42259706,touchmove,276,435,1645056247862
42259706,touchend,0,0,1645056247865
42259707,touchdown,271,551,1645056248329
42259707,touchend,0,0,1645056248382
42259708,touchdown,401,556,1645056248804
42259708,touchmove,397,561,1645056248857
42259708,touchmove,397,562,1645056248871
42259708,touchmove,397,563,1645056248879
42259708,touchend,0,0,1645056248883
42259709,touchdown,532,557,1645056249306
42259709,touchend,0,0,1645056249374
42259710,touchdown,658,578,1645056249814
42259710,touchend,0,0,1645056249875
42259711,touchdown,787,570,1645056250331
42259711,touchend,0,0,1645056250400
42259712,touchdown,912,576,1645056250822
42259712,touchend,0,0,1645056250883
42259713,touchdown,931,447,1645056251314
42259713,touchend,0,0,1645056251359
42259714,touchdown,918,307,1645056251807
42259714,touchmove,916,303,1645056251822
42259714,touchmove,916,302,1645056251830
42259714,touchmove,916,301,1645056251839
42259714,touchmove,916,300,1645056251847
42259714,touchmove,917,300,1645056251856
42259714,touchend,0,0,1645056251859
42259715,touchdown,921,187,1645056252308
42259715,touchend,0,0,1645056252343
42259716,touchdown,930,45,1645056252824
42259716,touchend,0,0,1645056252868
42259717,touchdown,811,43,1645056253316
42259717,touchend,0,0,1645056253368
42259718,touchdown,790,184,1645056253824
42259718,touchend,0,0,1645056253877
42259719,touchdown,791,303,1645056254333
42259719,touchend,0,0,1645056254385
42259720,touchdown,804,441,1645056254807
42259720,touchend,0,0,1645056254861
42259721,touchdown,802,561,1645056255283
42259721,touchend,0,0,1645056255344
42259722,touchdown,669,580,1645056255776
42259722,touchend,0,0,1645056255836
42259723,touchdown,655,460,1645056256309
42259723,touchend,0,0,1645056256370
42259724,touchdown,653,308,1645056256802
42259724,touchmove,653,303,1645056256812
42259724,touchmove,653,299,1645056256819
42259724,touchmove,652,298,1645056256825
42259724,touchend,0,0,1645056256870
42259725,touchdown,675,171,1645056257309
42259725,touchmove,672,168,1645056257319
42259725,touchmove,671,165,1645056257326
42259725,touchmove,668,164,1645056257334
42259725,touchmove,667,163,1645056257342
42259725,touchend,0,0,1645056257370
42259726,touchdown,675,40,1645056257810
42259726,touchmove,672,36,1645056257820
42259726,touchmove,672,33,1645056257827
42259726,touchmove,671,31,1645056257834
42259726,touchmove,669,31,1645056257850
42259726,touchmove,667,31,1645056257859
42259726,touchend,0,0,1645056257862
42259727,touchdown,536,29,1645056258277
42259727,touchmove,534,26,1645056258287
42259727,touchmove,534,24,1645056258294
42259727,touchmove,533,24,1645056258326
42259727,touchmove,533,25,1645056258334
42259727,touchmove,533,27,1645056258343
42259727,touchend,0,0,1645056258347
